Microphone,Fingergrip,Axial_Pressure,X_Acceleration,Y_Acceleration,Z_Acceleration
3.01150865912276,4.02566470160358,5.94105592689213,5.89993,3.93365,4.30095
3.01547890701768,4.14907479281985,5.94081224542724,5.89993,3.93365,4.29765
3.01045473548062,4.29236149499398,5.94058941244516,5.90872,3.93695,4.29765
2.99827741369305,4.43744357512743,5.94044859256018,5.90872,3.93695,4.29765
2.99174679505757,4.61936278736096,5.94005333285375,5.90872,3.93695,4.29765
2.99545458853021,4.73029695602124,5.93977734841382,5.90872,3.94135,4.29545
3.0040028948821,4.84170086669266,5.93943087865605,5.90872,3.94135,4.29545
3.00426751258662,4.94818466105641,5.93900007187132,5.90872,3.94135,4.29545
3.00454233737329,5.03180916616335,5.93870393688239,5.90872,3.94135,4.29545
2.99893854006827,5.08579613789753,5.93783553693209,5.91642,3.95345,4.28556
3.00690250262104,5.14142280668415,5.93740470199924,5.91642,3.95345,4.28556
2.98898974778632,5.19624376877123,5.93657223505379,5.91642,3.95345,4.28556
3.00803293171709,5.30413676536647,5.93530327749374,5.91642,3.95345,4.28556
3.02077364601373,5.38681857005436,5.93454435065512,5.90872,3.96004,4.28556
3.00832296236697,5.44277796392002,5.93383773016569,5.90872,3.96004,4.28556
2.98806918057209,5.47182825068285,5.9327547559726,5.90872,3.96004,4.28556
3.00697890653653,5.50041254288865,5.93251706636244,5.89663,3.96774,4.30865
3.00245644682112,5.51718828014983,5.93165864556028,5.89663,3.96774,4.30865
3.00459257844073,5.51682119450636,5.93084646821756,5.89663,3.96774,4.30865
3.00372115199687,5.52888734670719,5.92998955831659,5.89663,3.96774,4.30865
2.9872575882133,5.52146642032187,5.92863000657326,5.89553,3.97324,4.31635
3.00400625693089,5.51517298443015,5.92815343455544,5.89553,3.97324,4.31635
3.00787580493891,5.5246616544909,5.9272273332444,5.89553,3.97324,4.31635
3.01301182036009,5.55375627212464,5.92656035959009,5.89553,3.97324,4.32405
3.00099083365358,5.53887607207509,5.92567569569867,5.89443,3.97104,4.32405
3.01595322149961,5.49166170620101,5.92488534011506,5.89443,3.97104,4.32405
2.99308614468469,5.4555992654337,5.92437996080867,5.89443,3.97104,4.32405
2.9988739996349,5.41806098757424,5.92367411479902,5.89443,3.96554,4.32625
2.98823628608693,5.38474022967501,5.92280995398766,5.90213,3.96554,4.32625
3.0105521714055,5.37520900868314,5.92215793373078,5.90213,3.96554,4.32625
2.99971612717015,5.38331456240993,5.92152977127658,5.90213,3.96554,4.32625
2.99394431947597,5.37654788522437,5.92100836722702,5.89443,3.96114,4.34054
3.01766658608856,5.37473838974602,5.9207360747303,5.89443,3.96114,4.34054
3.01712615984478,5.3965581129837,5.92040917720726,5.89443,3.96114,4.34054
3.00925682902052,5.41737449940771,5.92040850515593,5.89443,3.96114,4.34934
3.0026261232983,5.43827878273332,5.92013344312792,5.89883,3.96224,4.34934
2.99115086779028,5.46426203907168,5.92020538017079,5.89883,3.96224,4.34934
2.99056365935124,5.4643547935831,5.92046748736919,5.89883,3.96224,4.34934
2.99337006195095,5.46453276719978,5.92097152384456,5.91532,3.97434,4.34494
3.00970271611252,5.47391981444657,5.92113204216807,5.91532,3.97434,4.34494
3.01679507755121,5.50287739604913,5.92159214325361,5.91532,3.97434,4.34494
2.99723231185117,5.46507621849585,5.92186350228343,5.91532,3.97434,4.34384
3.01251813240035,5.42496996767029,5.92211578633991,5.91202,3.97654,4.34384
2.99385231961113,5.39024651840114,5.92269127222116,5.91202,3.97654,4.34384
3.00277324914458,5.35656147277669,5.92255106934865,5.91202,3.97654,4.34384
3.01200640838409,5.33665886525284,5.92285841804209,5.91202,3.96334,4.34164
2.9935626377464,5.3332751469622,5.92299311437633,5.89333,3.96334,4.34164
2.99694276386526,5.35150492584845,5.92365954900881,5.89333,3.96334,4.34164
3.0107848912092,5.34828949581496,5.92390649446241,5.89333,3.96334,4.34164
3.000728096998,5.3655458312554,5.92475499771274,5.87903,3.95125,4.34824
3.00555634153461,5.39564391976693,5.92518076684387,5.87903,3.95125,4.34824
3.00888273604056,5.42217027683639,5.92575606026266,5.87903,3.95125,4.34824
2.9982524803606,5.45557750885811,5.92618917530149,5.87903,3.95125,4.35264
2.999063302325,5.48240459252133,5.92715592241349,5.88453,3.95015,4.35264
3.00003500750425,5.48963947492166,5.92794687536574,5.88453,3.95015,4.35264
3.00953515689152,5.49357602636489,5.92883969781599,5.88453,3.95015,4.35264
3.00387626020505,5.52979825808936,5.92986700850786,5.89553,3.95015,4.34494
3.0104516942213,5.53308575206189,5.9309429132463,5.89553,3.95015,4.34494
3.00214941120412,5.49499351409391,5.93233943332554,5.89553,3.95015,4.34494
3.00127993979814,5.45871213115121,5.93349869434301,5.89553,3.95015,4.34494
2.98911361546801,5.42361433950841,5.93449130965548,5.89003,3.94135,4.34384
2.9970433313504,5.3896816540819,5.93556180803089,5.89003,3.94135,4.34384
3.0058157228456,5.36879160224133,5.93663962530305,5.89003,3.94135,4.34384
2.98907161973134,5.37043785033984,5.93764535665652,5.89003,3.94135,4.35484
3.0225803910971,5.37652220846381,5.93909565890852,5.89223,3.93805,4.35484
3.01217555640332,5.37607189910418,5.9403549886764,5.89223,3.93805,4.35484
3.02591020561477,5.38902506682602,5.94196160485058,5.89223,3.93805,4.35484
2.99601807445432,5.41372040686709,5.94313063324446,5.89223,3.94025,4.34714
2.99987513281854,5.4312434041221,5.94457807107705,5.89553,3.94025,4.34714
2.97855170335548,5.46270705316859,5.94610463902248,5.89553,3.94025,4.34714
2.98823355673799,5.47794142885233,5.94751579439734,5.89553,3.94025,4.34714
3.00412535628393,5.47976449144651,5.94882927040862,5.90652,3.95674,4.32955
3.01492026199363,5.49144885345282,5.95016375831718,5.90652,3.95674,4.32955
3.00456235510832,5.5163689753957,5.95120670259899,5.90652,3.95674,4.32955
3.02055282547054,5.51217102725333,5.95230701675773,5.90652,3.95674,4.31635
3.00289149364558,5.47038630734001,5.95322889279479,5.92082,3.96004,4.31635
3.00307687175822,5.44280702194022,5.95364114673288,5.92082,3.96004,4.31635
3.01020144147952,5.4143006684311,5.95414665763251,5.92082,3.96004,4.31635
2.98187596507326,5.38957064706598,5.95421035119453,5.93512,3.96004,4.30755
2.98927071775452,5.38367257791926,5.95425906991729,5.93512,3.96004,4.30755
3.00523580765947,5.39797618980211,5.95403534440321,5.93512,3.96004,4.30755
3.00902010658044,5.41276590974127,5.95397183846443,5.93512,3.96004,4.30755
3.00129238877311,5.42494573910144,5.95359448814842,5.94172,3.96224,4.29326
3.01905809960446,5.45395271473469,5.95292886322815,5.94172,3.96224,4.29326
3.0107708772242,5.48092624474752,5.95200419201061,5.94172,3.96224,4.29326
3.0002491445016,5.51396546192383,5.95111602956656,5.94172,3.96224,4.27346
2.98888744704758,5.54974280339549,5.95041747246468,5.92412,3.96224,4.27346
3.00792105794111,5.56296422973217,5.94926816357794,5.92412,3.96224,4.27346
2.99741600338835,5.57054607898116,5.94829560621295,5.92412,3.96224,4.27346
3.00727010910038,5.58196829926875,5.94698710635076,5.90103,3.95784,4.26686
3.00541779161414,5.6122290041641,5.94617682854643,5.90103,3.95784,4.26686
2.99829686431693,5.58869208467037,5.94488627478303,5.90103,3.95784,4.26686
3.00139148129949,5.54844435208699,5.94369185712546,5.90103,3.95784,4.26686
3.0086877974962,5.51629054811205,5.94201523247434,5.88453,3.94355,4.26686
2.99396646546832,5.48408381942532,5.94043613304926,5.88453,3.94355,4.26686
2.99309367736659,5.45948612565782,5.93864490339292,5.88453,3.94355,4.26686
3.01689318079633,5.44855836796614,5.93720074408077,5.86254,3.93035,4.28556
3.00228458856409,5.47650864759042,5.93577657169816,5.86254,3.93035,4.28556
3.01087960353648,5.47020660232796,5.93454520425989,5.86254,3.93035,4.28556
3.0113847178945,5.48190604947019,5.93312306357921,5.86254,3.93035,4.28556
3.01080015973656,5.5071432600561,5.93185302562788,5.85704,3.92265,4.29765
2.98835597147756,5.52778897187041,5.93088292709885,5.85704,3.92265,4.29765
2.97960862552068,5.55522609573852,5.92973980752976,5.85704,3.92265,4.29765
2.99927056095684,5.580010082871,5.92874334202911,5.85704,3.92265,4.29985
3.01493887537477,5.57891311884021,5.92766771800873,5.85704,3.93035,4.29985
3.01444395795852,5.58003381971869,5.92694264121504,5.85704,3.93035,4.29985
3.00750348912883,5.59766608248154,5.92602162660904,5.85704,3.93035,4.29985
2.99794288646943,5.60917486131595,5.92542915924517,5.85704,3.93915,4.31415
3.00304854426991,5.56928100698051,5.92461971096826,5.85594,3.93915,4.31415
3.01463184869911,5.52925872500137,5.9241170251467,5.85594,3.93915,4.31415
2.99597865210573,5.49178848666745,5.92308827923647,5.85594,3.93915,4.31415
2.99222079569337,5.45586723605434,5.9223897377628,5.84604,3.92705,4.33174
2.99069241944438,5.42923452864822,5.92153444658996,5.84604,3.92705,4.33174
3.00588125727607,5.44142851673571,5.92099987754125,5.84604,3.92705,4.33174
2.99864780984705,5.44304657537643,5.92052597126024,5.84604,3.92705,4.35374
3.01994109746939,5.43690348082322,5.91968402915844,5.84714,3.91935,4.35374
3.01940718144625,5.4512134853902,5.91903631704584,5.84714,3.91935,4.35374
2.99790734043403,5.47801304446202,5.91861355105438,5.84714,3.91935,4.35374
2.99415453344273,5.49228044410439,5.91811395897898,5.87243,3.92265,4.36584
3.00358948618089,5.52073953432038,5.91752809805372,5.87243,3.92265,4.36584
2.99907367944114,5.53439704890958,5.91728325685718,5.87243,3.92265,4.36584
3.0036741431116,5.52625933330767,5.91672774266292,5.87243,3.92265,4.36584
3.00444124987712,5.53278580540589,5.91633407502378,5.90652,3.93365,4.35704
2.99222525967137,5.5566381686491,5.91572620085829,5.90652,3.93365,4.35704
3.01205293644787,5.54787570735056,5.91539757077295,5.90652,3.93365,4.35704
3.00472285270652,5.5007239477348,5.91474753008966,5.90652,3.94245,4.35704
3.00385206371147,5.46628862524781,5.91384923980834,5.92082,3.94245,4.35704
2.99335844521651,5.43012002204982,5.91272507747228,5.92082,3.94245,4.35704
3.01239415190032,5.39966723959713,5.91176580069665,5.92082,3.94245,4.35704
2.99203552369883,5.38934583490977,5.91112929676652,5.91532,3.94795,4.37573
3.00686999853027,5.40176450029718,5.91029299294101,5.91532,3.94795,4.37573
3.01020050662375,5.40278861856771,5.90925395661243,5.91532,3.94795,4.37573
3.01547872716305,5.40753722656831,5.90837833024648,5.91532,3.94795,4.39333
2.99706486359299,5.43413976203438,5.90757567923758,5.91532,3.95455,4.39333
2.98305555681356,5.46450044993654,5.90677311591581,5.91532,3.95455,4.39333
3.00607016831479,5.48971586646539,5.90605580032261,5.91532,3.95455,4.39333
3.00639809876869,5.52463117626451,5.90514590283517,5.93072,3.96664,4.39883
3.00812872742571,5.53160140351293,5.90464027987421,5.93072,3.96664,4.39883
3.00892410548077,5.53563966827159,5.90382340940657,5.93072,3.96664,4.39883
3.00297306347362,5.54846307143328,5.90340563597966,5.93072,3.96664,4.39883
2.99673701326732,5.58653652426045,5.90295003348783,5.93512,3.97214,4.40543
3.00437007961107,5.55386693302543,5.90254143372617,5.93512,3.97214,4.40543
2.99580884486006,5.51871421075444,5.90176338279902,5.93512,3.97214,4.40543
3.00851750518634,5.48773618313991,5.90107705895668,5.93512,3.97214,4.41092
2.99664413366756,5.45617172787589,5.90011715637233,5.93622,3.96554,4.41092
3.00022269171349,5.43531872347694,5.89924364161229,5.93622,3.96554,4.41092
2.99580692513378,5.43609824875072,5.8984733857278,5.93622,3.96554,4.41092
3.01552864115691,5.4533123889035,5.89720840887991,5.93622,3.95455,4.41862
3.0241780618787,5.45006415249748,5.89616952625459,5.93182,3.95455,4.41862
2.99784796021805,5.46426476257668,5.89506371676134,5.93182,3.95455,4.41862
2.99544007142393,5.49241034423176,5.89404428115463,5.93182,3.95455,4.41862
3.00287513953049,5.51768247182196,5.89273220646928,5.92192,3.94355,4.42412
2.98961402697516,5.5463174326116,5.89179738384347,5.92192,3.94355,4.42412
3.0016799207694,5.56983474095806,5.89047444168111,5.92192,3.94355,4.42412
3.00467247001544,5.57101418317656,5.88920525256519,5.92192,3.94355,4.40652
3.00091142607827,5.57434067012577,5.88779068316401,5.92632,3.94465,4.40652
3.01269849564366,5.60350430399231,5.88664253361596,5.92632,3.94465,4.40652
3.00481291331026,5.60477027611402,5.88524800385667,5.92632,3.94465,4.40652
3.01229942509686,5.56189464038311,5.88365782099337,5.93182,3.94905,4.38453
2.99777069239732,5.52367906588456,5.88203148607806,5.93182,3.94905,4.38453
3.00786646677495,5.48538213599624,5.8802375166881,5.93182,3.94905,4.38453
2.98919765446959,5.44864464228613,5.87868040519768,5.93182,3.94905,4.38453
2.99678286329961,5.42365351237095,5.87710616658256,5.93292,3.94465,4.37573
2.99679884568842,5.42287915407634,5.87540354307531,5.93292,3.94465,4.37573
3.01147669800174,5.42643361472382,5.87366661568468,5.93292,3.94465,4.37573
3.00956202168194,5.42272135439229,5.87213579906057,5.93292,3.94245,4.35374
2.99778121908709,5.4378763856697,5.87034706642752,5.92852,3.94245,4.35374
3.0068842829132,5.46052037974305,5.86902267129166,5.92852,3.94245,4.35374
3.00761069635869,5.47632150890404,5.8673784462768,5.92852,3.94245,4.35374
3.00792376095585,5.5067594387405,5.8661537478428,5.92962,3.94685,4.32625
3.00273123590846,5.5202495310334,5.86462675056803,5.92962,3.94685,4.32625
3.00259942976427,5.52024960523984,5.8631645683137,5.92962,3.94685,4.32625
2.99575227954701,5.53064986990088,5.8621034641273,5.92962,3.94685,4.30755
2.99623193096342,5.55572804105459,5.86090194454161,5.92742,3.95015,4.30755
2.99800265052759,5.54954573032868,5.85944362485219,5.92742,3.95015,4.30755
3.00960345028657,5.5075822779462,5.8578477893391,5.92742,3.95015,4.30755
3.00201319348307,5.47828990230469,5.85613446214522,5.91312,3.94905,4.30425
3.01013736324926,5.44788944217101,5.85460353530663,5.91312,3.94905,4.30425
2.99500243530063,5.42244794842527,5.85313071110536,5.91312,3.94905,4.30425
3.00091640675692,5.41667320135942,5.85118304301134,5.91312,3.94905,4.30425
3.01928635723239,5.42800335587926,5.84987419171788,5.90213,3.95235,4.29655
3.00345452402518,5.43455841840592,5.8482817061552,5.90213,3.95235,4.29655
2.99535137584342,5.44388554431084,5.84706521039005,5.90213,3.95235,4.29655
3.00142076600621,5.46921180078854,5.84557781659026,5.90213,3.95235,4.29216
3.00103373440274,5.49185019269054,5.84471458462142,5.88783,3.95345,4.29216
2.99578539809233,5.52088927506965,5.84367444425797,5.88783,3.95345,4.29216
3.00920277931257,5.55125400250091,5.84272311319898,5.88783,3.95345,4.29216
2.99750525973568,5.55971580884138,5.8417443835426,5.88783,3.94905,4.28776
3.01741672710468,5.5590110378096,5.84126560693626,5.88343,3.94905,4.28776
3.00015961952117,5.56944966280885,5.84097746964767,5.88343,3.94905,4.28776
3.00287255558859,5.59207424717455,5.84074042193625,5.88343,3.94905,4.28776
3.01103301314329,5.55750934606858,5.84072994985765,5.87683,3.94025,4.28996
3.00394799161686,5.50896211527904,5.8405826627067,5.87683,3.94025,4.28996
2.98593416448121,5.46862253562787,5.8408093489834,5.87683,3.94025,4.28996
2.9846746506001,5.42815235584479,5.84107151754291,5.87683,3.94025,4.28666
3.01019737595687,5.39412906437723,5.84150792523915,5.86584,3.93145,4.28666
3.01582588643903,5.3810283249755,5.84193424217846,5.86584,3.93145,4.28666
3.00563770154131,5.39350576578003,5.84258595487557,5.86584,3.93145,4.28666
2.99340653196438,5.38201634020473,5.84303194873158,5.85594,3.93035,4.27346
3.02477020192869,5.38342830001981,5.84412758796481,5.85594,3.93035,4.27346
2.99943715615227,5.40034358781913,5.84505508515024,5.85594,3.93035,4.27346
3.00422064721115,5.41220860987333,5.84642597689211,5.85594,3.93035,4.27346
2.9955901551511,5.43332403682551,5.84759289138111,5.84604,3.92925,4.27896
3.00888430549137,5.45027385988028,5.84883616556856,5.84604,3.92925,4.27896
2.9917539237602,5.44758099942167,5.85032023454472,5.84604,3.92925,4.27896
2.98895254395556,5.43921468642261,5.85182279681637,5.84604,3.92485,4.29326
3.00002440560107,5.45654172331614,5.85331306229139,5.84824,3.92485,4.29326
3.01877499326194,5.46335088967065,5.85459752171362,5.84824,3.92485,4.29326
3.01157715975316,5.41518100403138,5.85593858227838,5.84824,3.92485,4.29326
3.0100237654776,5.37404870647733,5.85702246819665,5.88123,3.93475,4.28116
2.99963441104064,5.33458692520123,5.85834449150831,5.88123,3.93475,4.28116
2.98661272884523,5.29739470862403,5.8590489840779,5.88123,3.93475,4.28116
3.00934345431596,5.27507957430696,5.86039509803377,5.88123,3.93475,4.27676
3.00263866897501,5.29024397576695,5.86118642134294,5.90213,3.93695,4.27676
3.00164012159914,5.28635427603772,5.86205135690702,5.90213,3.93695,4.27676
2.99948277728269,5.283237858618,5.8628201312913,5.90213,3.93695,4.27676
3.00472241144199,5.29731821312334,5.86387843682425,5.89553,3.93035,4.29655
2.99628860660549,5.32211438146441,5.86459062882132,5.89553,3.93035,4.29655
3.02040485885156,5.33829202621819,5.86492791816164,5.89553,3.93035,4.29655
3.00136609836291,5.36836876870252,5.86545134248783,5.89553,3.93035,4.29655
3.00704467329004,5.38631404381827,5.86614970734643,5.88123,3.92815,4.30425
2.99580718638042,5.37397118765814,5.86675304794245,5.88123,3.92815,4.30425
3.0023997680736,5.38262249955359,5.86714066149741,5.88123,3.92815,4.30425
2.99876825138832,5.40376999798444,5.86784571146409,5.88123,3.92815,4.29875
3.00686663014813,5.39045814334822,5.86816367836501,5.89223,3.94465,4.29875
3.00542133601306,5.33692105634212,5.86861077814016,5.89223,3.94465,4.29875
2.99017742675625,5.29787444146791,5.86864047759333,5.89223,3.94465,4.29875
3.00255050178881,5.25659379234865,5.86905279720105,5.89223,3.95565,4.31635
3.00285483898954,5.21835972624766,5.86913016229938,5.89333,3.95565,4.31635
3.00792583922011,5.21067953210531,5.86937874938991,5.89333,3.95565,4.31635
2.99884694612731,5.22016751321924,5.86945183733607,5.89333,3.95565,4.31635
3.02365246034253,5.20818772605914,5.86987371241011,5.89553,3.96114,4.32845
2.99694156713197,5.2071136496349,5.87063466341268,5.89553,3.96114,4.32845
3.00800442196829,5.22687378416534,5.87154618143426,5.89553,3.96114,4.32845
2.99711678212978,5.24714341241093,5.87246129014515,5.89553,3.96114,4.34934
3.00763918946989,5.26560397471462,5.87352520740365,5.89003,3.96114,4.34934
2.98767748373351,5.29607313367999,5.87484976573578,5.89003,3.96114,4.34934
2.98934365945405,5.29815625094832,5.87641081900918,5.89003,3.96114,4.34934
3.00426989163145,5.2976966967116,5.87824188566875,5.88233,3.95015,4.35374
3.01396421788105,5.31488526869456,5.88000163454903,5.88233,3.95015,4.35374
3.01209550880218,5.3439310908589,5.88212117157711,5.88233,3.95015,4.35374
3.01629072609747,5.3089519324012,5.88397900401662,5.88233,3.95015,4.35374
3.0002698387522,5.27081679807662,5.88639334700177,5.86694,3.94025,4.35594
2.9946362078109,5.23819964571199,5.88833236981775,5.86694,3.94025,4.35594
2.99839702744469,5.20634705547179,5.89069085615938,5.86694,3.94025,4.35594
2.99071894725089,5.18548339225006,5.89272901820624,5.86694,3.93805,4.36694
3.00554091482725,5.18942134768944,5.8946969906171,5.86804,3.93805,4.36694
2.9988213766712,5.21084372492999,5.8966980199629,5.86804,3.93805,4.36694
3.01509736241727,5.20455989212868,5.89873633552216,5.86804,3.93805,4.36694
2.99995785033838,5.22465259085195,5.90087878568063,5.86144,3.93035,4.37463
3.0101722873958,5.25439498079294,5.90250312659675,5.86144,3.93035,4.37463
3.01607969012877,5.2778029434822,5.90421432450552,5.86144,3.93035,4.37463
2.99645382289606,5.31268585815581,5.90575347290869,5.86144,3.93035,4.38123
2.98965908156049,5.34437693584221,5.90735103084911,5.85374,3.91826,4.38123
3.00577736503894,5.34976454861557,5.90859775629226,5.85374,3.91826,4.38123
2.99444492908957,5.35853141117446,5.91004007689693,5.85374,3.91826,4.38123
3.00791691277371,5.4001670639304,5.91108978907251,5.86913,3.91606,4.37353
3.00922414508992,5.39905052260714,5.91193995286203,5.86913,3.91606,4.37353
2.99873027648839,5.3601652193883,5.91246471990938,5.86913,3.91606,4.37353
3.00832295158969,5.32859644945635,5.91319257250282,5.86913,3.91606,4.37353
3.00028626059403,5.2960825816597,5.91325729753225,5.88673,3.91935,4.35374
3.00491430835316,5.26502473178235,5.91340058202281,5.88673,3.91935,4.35374
2.99099610145793,5.24982949136707,5.91328002711953,5.88673,3.91935,4.35374
3.01252717503905,5.25971741879341,5.91317717072743,5.88673,3.91935,4.33174
2.9981093436096,5.25893917776267,5.91350793424832,5.89223,3.92375,4.33174
3.00105512664263,5.26217757520055,5.91370406738002,5.89223,3.92375,4.33174
3.01436386475849,5.27992188351292,5.91373699076529,5.89223,3.92375,4.33174
3.00808942383079,5.3061176059775,5.91387324259147,5.89223,3.93695,4.31085
3.00109081127132,5.32208454929965,5.9142040726488,5.88783,3.93695,4.31085
2.98781452800162,5.35627484849377,5.91423373367628,5.88783,3.93695,4.31085
3.0012228412312,5.37554174844416,5.91480265744082,5.88783,3.93695,4.31085
3.00397953121283,5.37428532922993,5.91516742254678,5.88233,3.94135,4.30535
3.01195132614186,5.39621885419227,5.91596910762263,5.88233,3.94135,4.30535
3.0104662077005,5.42247408877697,5.91651859039453,5.88233,3.94135,4.30535
3.00297951240455,5.40935026010144,5.91726516697544,5.88233,3.94135,4.30425
3.00321282720381,5.36630668754793,5.91807192968996,5.88563,3.94685,4.30425
2.99048508262984,5.33747007626985,5.91901531851697,5.88563,3.94685,4.30425
2.99933680201727,5.306710059831,5.91950516490297,5.88563,3.94685,4.30425
3.00421550549372,5.28032880620828,5.92035171439321,5.88893,3.96224,4.30315
2.9905997599448,5.27385666072523,5.92096081448543,5.88893,3.96224,4.30315
3.01590536962785,5.28790136508724,5.92201983727608,5.88893,3.96224,4.30315
3.00049635193086,5.29079180000023,5.92322878918071,5.88893,3.96224,4.30315
3.01395653495906,5.30055920430292,5.9240265162555,5.89773,3.97104,4.30535
3.02911005203514,5.32292282619571,5.92538786984374,5.89773,3.97104,4.30535
2.98701823325903,5.34444316276806,5.92653343668634,5.89773,3.97104,4.30535
2.98756039294145,5.37054260794242,5.92800567269104,5.89773,3.95125,4.32075
2.99970621358051,5.40138434332569,5.92936693799057,5.88563,3.95125,4.32075
2.99886227428289,5.40963583833106,5.93118699994637,5.88563,3.95125,4.32075
2.9954530079198,5.40837258014956,5.93290396654149,5.88563,3.95125,4.32075
3.01781459804959,5.42419344660937,5.93444946128156,5.89113,3.93255,4.31415
3.00728606155153,5.44612817365264,5.93618158538162,5.89113,3.93255,4.31415
3.01059332653909,5.4150984707479,5.93815925763915,5.89113,3.93255,4.31415
2.99990278381191,5.37351535600027,5.93982124861919,5.89113,3.93255,4.30535
3.00326575533616,5.33977343036757,5.94152981819394,5.89553,3.91716,4.30535
2.99288198664233,5.3070325342934,5.94313901650767,5.89553,3.91716,4.30535
3.00468621913882,5.28164784068557,5.94462801943254,5.89553,3.91716,4.30535
2.98889774649951,5.28107617299667,5.94654594020059,5.88893,3.90176,4.31195
3.00655631322847,5.30416667318557,5.94828607881829,5.88893,3.90176,4.31195
3.00912475515659,5.30158852537655,5.94976113990601,5.88893,3.90176,4.31195
3.02271940370703,5.32129093511267,5.95149369924109,5.88893,3.90176,4.31195
3.00086388366358,5.34958591832322,5.95311587816247,5.88893,3.89406,4.31965
2.98489790234556,5.37410002670875,5.95437869872372,5.88893,3.89406,4.31965
3.01000303022749,5.41107380546737,5.95595983631631,5.88893,3.89406,4.31965
2.99443776207436,5.44460537473078,5.95721065900881,5.88893,3.89406,4.31855
3.00869474768061,5.44922310281958,5.9587780610454,5.88783,3.89956,4.31855
3.01197495137275,5.45511319615098,5.95980231218952,5.88783,3.89956,4.31855
3.00778816543853,5.48724680282556,5.96096256311588,5.88783,3.89956,4.31855
2.99732131107302,5.50223253761365,5.96231511489165,5.88783,3.89626,4.31965
2.99043870234727,5.46688534369393,5.96317010889141,5.87793,3.89626,4.31965
2.9995235015227,5.43571133179425,5.96369606425921,5.87793,3.89626,4.31965
3.01013637787452,5.40556674986908,5.96408369992986,5.87793,3.89626,4.31965
2.99094348488582,5.37673305345298,5.96446678329914,5.87683,3.89956,4.30975
3.01370341214458,5.35929852242262,5.9645322381103,5.87683,3.89956,4.30975
3.00098729839772,5.38409587362805,5.9647559209929,5.87683,3.89956,4.30975
3.00893112460263,5.38532958478767,5.96470792652493,5.87683,3.89956,4.31415
3.02326834883247,5.38901956681951,5.96499292157835,5.87793,3.89626,4.31415
2.99362898550935,5.40751624140265,5.96484282492457,5.87793,3.89626,4.31415
2.99020081938088,5.43633540426204,5.96484894678717,5.87793,3.89626,4.31415
3.00707725195005,5.45526867441205,5.9646886954522,5.87243,3.89626,4.31415
3.00026022891097,5.49041916775633,5.9648111584433,5.87243,3.89626,4.31415
2.98373562693747,5.51004723844322,5.964679653783,5.87243,3.89626,4.31415
3.01279527061136,5.50189129735885,5.96435705080008,5.87243,3.89626,4.31415
3.01236126674831,5.51298644863865,5.96401425460971,5.87463,3.89956,4.31745
3.00973929934751,5.54180064983649,5.96399166855316,5.87463,3.89956,4.31745
2.99964134335512,5.52751899865408,5.96387396755475,5.87463,3.89956,4.31745
3.01328977933207,5.47995961835086,5.96325116436353,5.87463,3.90616,4.32295
2.99683463842931,5.44361534267136,5.96278836779347,5.87793,3.90616,4.32295
2.99657676288824,5.40560979630936,5.96200138040011,5.87793,3.90616,4.32295
2.99273706588289,5.36994220699148,5.96141557181843,5.87793,3.90616,4.32295
2.99620510390561,5.36140187561651,5.96057785166546,5.87463,3.92155,4.33504
3.01017223693998,5.37310471398816,5.95992024937847,5.87463,3.92155,4.33504
3.00865022665427,5.3623804301728,5.95915475816545,5.87463,3.92155,4.33504
3.00557448271106,5.36423953022463,5.95823690805004,5.87463,3.92155,4.34164
3.00565594871458,5.38414177987241,5.95705606684203,5.88013,3.92815,4.34164
3.01552087089481,5.40620872307484,5.95631810272819,5.88013,3.92815,4.34164
2.99049595330084,5.42680270051406,5.95539115445225,5.88013,3.92815,4.34164
3.00320239106709,5.45622577838336,5.95482938288051,5.88673,3.93035,4.33724
3.00539452488422,5.45556277599688,5.95386265938004,5.88673,3.93035,4.33724
3.00430450715493,5.45450537786037,5.95306102747229,5.88673,3.93035,4.33724
2.99714164904613,5.47012452780072,5.95251716832798,5.88673,3.93035,4.33724
2.98600135006238,5.49795336631418,5.95182358801636,5.89333,3.94025,4.32515
3.00794720553766,5.46260041075388,5.95101885056157,5.89333,3.94025,4.32515
3.01510956758841,5.42316727570311,5.95008375647633,5.89333,3.94025,4.32515
3.00915680987976,5.38915436071208,5.94942893824757,5.89333,3.94025,4.33174
2.99725249975535,5.35588187898957,5.94826113880977,5.89663,3.94355,4.33174
2.99672979326282,5.3322315190718,5.94750199119412,5.89663,3.94355,4.33174
3.00496517030772,5.33402164588518,5.9465289889261,5.89663,3.94355,4.33174
3.01319593898663,5.35038330159961,5.94612734059245,5.89663,3.93695,4.34714
2.99691528868969,5.34250002260243,5.94523323733262,5.90213,3.93695,4.34714
3.01086146086955,5.36373259347373,5.94476019278557,5.90213,3.93695,4.34714
2.99924522785844,5.39311534391637,5.94418868971811,5.90213,3.93695,4.34714
2.99385418064288,5.41657117581767,5.94387027588826,5.90213,3.93915,4.35594
2.98885618868907,5.44886765461653,5.94366018182335,5.90213,3.93915,4.35594
3.01437406881085,5.476036646491,5.94303784863136,5.90213,3.93915,4.35594
3.01695663537867,5.47776721304525,5.94303483348217,5.90213,3.93915,4.35814
3.00540080376444,5.48303642462297,5.94288686762201,5.89883,3.95125,4.35814
2.99176890679255,5.52223171340105,5.94298514301376,5.89883,3.95125,4.35814
3.0088637209399,5.52159071374235,5.94303370209869,5.89883,3.95125,4.35814
3.0018612843598,5.48091628257731,5.94337814587278,5.89883,3.96334,4.36694
3.00610381735746,5.44845480399484,5.94321891465148,5.89773,3.96334,4.36694
2.99989143121107,5.41495646183267,5.94328804493001,5.89773,3.96334,4.36694
2.98584045233915,5.38297071301333,5.94313699385164,5.89773,3.96334,4.36694
3.0088972351851,5.36599232492585,5.94355614762611,5.89333,3.97434,4.37023
3.00088994400885,5.37388614530231,5.94372058348981,5.89333,3.97434,4.37023
3.01069299903495,5.37569372212991,5.94396608713824,5.89333,3.97434,4.37023
3.00219117016361,5.37935722468103,5.94420233961675,5.89333,3.96224,4.39443
3.02450383576227,5.39886532682231,5.94454800982145,5.87463,3.96224,4.39443
2.99059205466548,5.42523238125459,5.94557921693926,5.87463,3.96224,4.39443
3.0008801444531,5.44478663860582,5.94623713189837,5.87463,3.96224,4.39443
2.99971300154045,5.47881409767156,5.94695011555782,5.86144,3.94575,4.39553
3.00591887138761,5.49747224431729,5.94790632900155,5.86144,3.94575,4.39553
2.99813100348203,5.49295105684673,5.94905104007698,5.86144,3.94575,4.39553
2.98376685546234,5.50746005195411,5.94989821662704,5.86144,3.94575,4.38343
3.02003127714706,5.53945695255877,5.95118202181686,5.87133,3.94135,4.38343
3.00609659070966,5.52614300795585,5.95236773348112,5.87133,3.94135,4.38343
3.01768884666773,5.48434132447451,5.95349804279599,5.87133,3.94135,4.38343
3.00381486888222,5.4549573018004,5.95420317965067,5.87133,3.94355,4.36913
2.99412333938667,5.42402531750226,5.95531576557863,5.90433,3.94355,4.36913
2.98508443210874,5.39631616475148,5.95634025351417,5.90433,3.94355,4.36913
3.00075770262424,5.38951376083623,5.95769271579721,5.90433,3.94355,4.36913
2.99883726624216,5.40420467809283,5.95849525919259,5.91752,3.94795,4.36034
3.02883700685404,5.41071921079588,5.95971118322188,5.91752,3.94795,4.36034
2.99730963121461,5.42281993456282,5.9606334826062,5.91752,3.94795,4.36034
3.01091816992214,5.44761885346062,5.961983284602,5.91752,3.94795,4.36034
2.99016375201906,5.47330056513085,5.96334536907239,5.90982,3.95674,4.36034
3.00112428700844,5.5033258850303,5.964191100975,5.90982,3.95674,4.36034
3.0245899781517,5.53746137533731,5.9656138115982,5.90982,3.95674,4.36034
2.9869017400688,5.54623821783195,5.96679816442804,5.90982,3.96884,4.36144
2.99831985562103,5.54717244488003,5.96833893175744,5.90433,3.96884,4.36144
3.00651904364693,5.56352821378288,5.96939511706303,5.90433,3.96884,4.36144
2.99991235994403,5.59272824415256,5.97114501004158,5.90433,3.96884,4.36144
3.00106183133609,5.56404622854054,5.97233854833486,5.91862,3.98424,4.34714
3.01423896903189,5.52447598119732,5.97354334342499,5.91862,3.98424,4.34714
3.00012865785101,5.49207858767861,5.97432807656742,5.91862,3.98424,4.34714
2.99602609394886,5.46013051130942,5.97557462786118,5.91862,3.98424,4.34164
2.99428837856889,5.43437198554788,5.97664006298788,5.92412,3.98754,4.34164
3.01233414138309,5.43087336209491,5.977580101561,5.92412,3.98754,4.34164
3.00354822863416,5.45312547779413,5.97858523125756,5.92412,3.98754,4.34164
3.01803939857719,5.45063393244931,5.97935259202084,5.92412,3.96884,4.35484
2.99345556971694,5.46713177655663,5.9807299789966,5.91312,3.96884,4.35484
3.00547198944155,5.4934526046479,5.98187187328696,5.91312,3.96884,4.35484
2.99341065260028,5.51456704682968,5.98276430635807,5.91312,3.96884,4.35484
3.01219153591105,5.54793636808127,5.98362404495056,5.91202,3.95125,4.34714
2.9956116702942,5.57641375257324,5.98476160397302,5.91202,3.95125,4.34714
2.99020014070969,5.57419673482748,5.98533672527231,5.91202,3.95125,4.34714
3.01724831111681,5.5783924757823,5.9866701360968,5.91202,3.93805,4.33174
3.0061653655689,5.60163852274319,5.98751579708666,5.90872,3.93805,4.33174
3.01415068607162,5.61165314081437,5.98877505555006,5.90872,3.93805,4.33174
2.99643534341378,5.57164812702761,5.98935169775952,5.90872,3.93805,4.33174
3.00827688133571,5.53803516309982,5.98997425191291,5.90543,3.92815,4.31635
2.98947379278444,5.50370060040273,5.99066644575785,5.90543,3.92815,4.31635
2.98852102661004,5.47132299394673,5.99124371250757,5.90543,3.92815,4.31635
2.98982580020877,5.44976059733259,5.991743649187,5.90543,3.92815,4.31635
3.02570748994695,5.46980704637823,5.9921862244598,5.89443,3.92045,4.31635
3.01081649839109,5.46893250522004,5.99244316589509,5.89443,3.92045,4.31635
3.01901612149008,5.46926996528875,5.99280647266057,5.89443,3.92045,4.31635
2.98963327525514,5.49250634201056,5.99330138954687,5.89443,3.91716,4.32955
3.00382753214414,5.52044748305328,5.99359622239031,5.87023,3.91716,4.32955
3.0181232004498,5.54120748600779,5.99402451269908,5.87023,3.91716,4.32955
2.98747380034997,5.57618031493694,5.99414898218392,5.87023,3.91716,4.32955
2.98297742688498,5.59438565444759,5.99453103116421,5.86144,3.91716,4.33504
3.00677839716801,5.58469997622743,5.99468261591681,5.86144,3.91716,4.33504
3.00888980968945,5.59612394708005,5.99532160546777,5.86144,3.91716,4.33504
2.99600766217644,5.62612517275594,5.99538327038464,5.86144,3.91716,4.33504
3.02151526696045,5.61481000025383,5.99545133431682,5.86474,3.92815,4.31525
3.00886966771554,5.57066152982906,5.99505658237827,5.86474,3.92815,4.31525
3.00748829934795,5.53721274551376,5.9949045962302,5.86474,3.92815,4.31525
2.98264057138532,5.50163788124427,5.99448803883879,5.86474,3.93255,4.30535
3.00122564146603,5.46903115750198,5.99384529401254,5.87903,3.93255,4.30535
2.99199233618662,5.46105369308646,5.99333719101435,5.87903,3.93255,4.30535
3.02352721199223,5.4763715162607,5.99252392390612,5.87903,3.93255,4.30535
3.0063059360074,5.46994134967538,5.99209887536847,5.87793,3.92705,4.31855
2.99517662732604,5.47479791348659,5.99105330306746,5.87793,3.92705,4.31855
2.99971487312324,5.4996987900933,5.99049223831016,5.87793,3.92705,4.31855
3.01156377110697,5.52510694947234,5.98943757776344,5.87793,3.92705,4.32405
2.99886148088354,5.54862271955843,5.98854725140868,5.88453,3.92155,4.32405
2.99638473519715,5.58009945961886,5.98704992509362,5.88453,3.92155,4.32405
3.00935138903797,5.57885822349177,5.98619946161476,5.88453,3.92155,4.32405
2.99932397852864,5.57797631645517,5.98522392850569,5.88453,3.91386,4.33614
3.00929655059412,5.59283170425694,5.98442115221309,5.88453,3.91386,4.33614
3.01096972663606,5.62195358688383,5.98311754066551,5.88453,3.91386,4.33614
3.01280864403289,5.58588478516071,5.98183794969176,5.88453,3.91386,4.33614
2.98762089359458,5.54850080025671,5.98068751888349,5.89773,3.92265,4.32955
2.98632116754764,5.51401584295357,5.97929160561871,5.89773,3.92265,4.32955
2.99144654362825,5.48021045522168,5.97777390298998,5.89773,3.92265,4.32955
3.00777808600001,5.45535259009133,5.9761352545652,5.89773,3.92265,4.32735
3.01163972795439,5.45528443404536,5.97492036624942,5.92082,3.94135,4.32735
3.01812590061893,5.4718247017355,5.97334895110283,5.92082,3.94135,4.32735
3.00697699541646,5.46848685911247,5.972232841984,5.92082,3.94135,4.32735
3.00536832312044,5.48540297152713,5.97090932558228,5.91972,3.95125,4.33944
3.01195140087744,5.51484214913326,5.9702438599508,5.91972,3.95125,4.33944
2.98651933485257,5.54000670178258,5.96902794313461,5.91972,3.95125,4.33944
3.00263048164903,5.57528120756312,5.9682593045154,5.91972,3.95125,4.34384
2.98459998560392,5.602712917509,5.96721958886282,5.91092,3.96114,4.34384
3.00397392193859,5.60360545377392,5.96688527940468,5.91092,3.96114,4.34384
2.99514487873837,5.61039274909976,5.96655891457064,5.91092,3.96114,4.34384
3.02258310984219,5.64581308828391,5.96581712819462,5.91092,3.95674,4.35154
3.019298688773,5.64628954816654,5.96536709296596,5.89773,3.95674,4.35154
3.00390255486226,5.60646785268482,5.96501255585378,5.89773,3.95674,4.35154
2.99652703647049,5.57385195980239,5.96465679538661,5.89773,3.95674,4.35154
2.99744173543309,5.53859180455245,5.96394875499417,5.89113,3.95015,4.35594
2.99011778857414,5.50477529648245,5.96363035089351,5.89113,3.95015,4.35594
3.00302463987732,5.48494696701677,5.96309276973405,5.89113,3.95015,4.35594
3.00714677437902,5.48955813066316,5.96268390451474,5.89113,3.95015,4.35594
2.99521354777326,5.48809548611145,5.96204173893548,5.89773,3.94575,4.34824
3.01873429953155,5.48836085950365,5.96196627923466,5.89773,3.94575,4.34824
3.00428621143486,5.50353604447765,5.96127802514441,5.89773,3.94575,4.34824
3.00426532606145,5.52738785483496,5.96077689127249,5.89773,3.94355,4.33174
2.99688967698247,5.54402558126308,5.9599574936219,5.89883,3.94355,4.33174
3.01555281055722,5.57306136765312,5.95941626951587,5.89883,3.94355,4.33174
2.98925607172025,5.58434824213361,5.95913197979865,5.89883,3.94355,4.33174
3.00305180446363,5.57545930301864,5.95879256526908,5.88893,3.94465,4.32845
3.00298771153868,5.58454994721282,5.9583400943123,5.88893,3.94465,4.32845
3.01278234103821,5.61103144113966,5.95791892602229,5.88893,3.94465,4.32845
2.99863340038307,5.59334167915194,5.95758703199299,5.88893,3.94465,4.33504
2.98705779711847,5.54818680105522,5.95696150129723,5.87243,3.93805,4.33504
3.01264777399611,5.51534789744353,5.95661120907986,5.87243,3.93805,4.33504
2.99978812548394,5.48148915465686,5.95571763495266,5.87243,3.93805,4.33504
3.00487970719768,5.45142503642013,5.95559241669266,5.87243,3.94905,4.31855
2.99729844579032,5.44283987043319,5.95475727863974,5.88233,3.94905,4.31855
3.01734331854205,5.45491838569289,5.95474231353196,5.88233,3.94905,4.31855
3.00765872942868,5.46018720755057,5.95450282413298,5.88233,3.94905,4.31855
3.00524784001256,5.47183000905597,5.95472968880715,5.90543,3.97324,4.29875
2.99370354563229,5.49719966379785,5.95457965939535,5.90543,3.97324,4.29875
3.01010994698326,5.52257119468884,5.9547976302681,5.90543,3.97324,4.29875
2.98126482142427,5.55424308175997,5.954878078636,5.90543,3.97324,4.30865
3.00386732165515,5.58849814209824,5.95512779508157,5.91752,3.97324,4.30865
2.9967339953575,5.59864950300185,5.95573179697087,5.91752,3.97324,4.30865
3.01856004860665,5.59745439060554,5.95571030193129,5.91752,3.97324,4.30865
3.02229444760577,5.61201416988642,5.95630443129161,5.92412,3.96554,4.32295
2.99772155409486,5.64088236684829,5.9565917737767,5.92412,3.96554,4.32295
2.99830606489618,5.60815864660837,5.95692387344155,5.92412,3.96554,4.32295
3.00166411760737,5.56509357977482,5.95690965716218,5.92412,3.96554,4.32295
2.99118326803913,5.52831016184699,5.95708060813821,5.93842,3.97324,4.32295
2.99930258706087,5.49138820381129,5.95697273342425,5.93842,3.97324,4.32295
2.9997113874961,5.46046772523819,5.9568297026639,5.93842,3.97324,4.32295
2.99809028701999,5.4529042183894,5.95629918936381,5.93842,3.98864,4.30535
3.02630488535502,5.46434654396976,5.95623151779652,5.96151,3.98864,4.30535
2.99413392354314,5.45574358726535,5.95589321903962,5.96151,3.98864,4.30535
3.02186965136393,5.4613673521496,5.95552995469322,5.96151,3.98864,4.30535
2.99224362239872,5.47829496904778,5.95535244688622,5.95711,3.98094,4.30755
3.0134569526446,5.49185724855661,5.9549999215278,5.95711,3.98094,4.30755
2.98370061585082,5.5165660359502,5.95530918459323,5.95711,3.98094,4.30755
3.00330148684104,5.53683726501891,5.95511095692095,5.95711,3.98094,4.30755
2.99903569474736,5.52614870512718,5.95537963575006,5.91532,3.96444,4.32735
3.00561444326145,5.51840244346847,5.95568143480488,5.91532,3.96444,4.32735
3.0091857177373,5.53652585304905,5.95622648375628,5.91532,3.96444,4.32735
2.99234500415885,5.539330691703,5.95655174341455,5.91532,3.95565,4.33174
3.01773645679498,5.49104946123717,5.95755204755706,5.88453,3.95565,4.33174
3.00110634976513,5.45032710691948,5.95790825550717,5.88453,3.95565,4.33174
3.00466208893307,5.41060649480429,5.95894784655866,5.88453,3.95565,4.33174
2.99874597516361,5.37343915854416,5.95968384035971,5.87793,3.95015,4.31965
2.99968639861266,5.34908773397243,5.96093057605914,5.87793,3.95015,4.31965
3.00766242806101,5.36729739105886,5.96225336709294,5.87793,3.95015,4.31965
2.99653122728645,5.36178794420308,5.96384540650502,5.87793,3.95015,4.33065
2.99244536655645,5.36148792979413,5.96535013846695,5.87573,3.93915,4.33065
3.01732876079728,5.37961884216556,5.96688553044224,5.87573,3.93915,4.33065
3.00098610567472,5.40689248159693,5.96858785593677,5.87573,3.93915,4.33065
3.01432273715809,5.42756033412685,5.97036353994158,5.87573,3.93145,4.36034
2.9948715622723,5.46137970873158,5.97229547124129,5.86584,3.93145,4.36034
3.00156171125466,5.48047279850572,5.97372540992417,5.86584,3.93145,4.36034
3.02076929000751,5.46658455222074,5.97597721790513,5.86584,3.93145,4.36034
2.98476678463732,5.47789615080347,5.97732945459356,5.85704,3.92705,4.36913
3.00081116424844,5.51026901827736,5.97925614217788,5.85704,3.92705,4.36913
3.00207595170723,5.49580014269455,5.98043755050019,5.85704,3.92705,4.36913
3.00595414698404,5.4506623112915,5.98216833898286,5.85704,3.92705,4.36034
2.99843047607438,5.41659535684791,5.98292065711684,5.86694,3.93035,4.36034
3.00775100738933,5.38096317896981,5.98369807690251,5.86694,3.93035,4.36034
2.99048477175497,5.34863445479121,5.98400799474137,5.86694,3.93035,4.36034
3.01595400278788,5.34569770799667,5.98452634654835,5.88453,3.93145,4.34824
3.00176690639945,5.36288227952276,5.98478056259339,5.88453,3.93145,4.34824
3.01254533128316,5.35558443720039,5.98467706717559,5.88453,3.93145,4.34824
2.9975216504754,5.36231823433967,5.98462423500709,5.88453,3.93145,4.35044
3.01551420192913,5.38883878197731,5.98427741029963,5.89993,3.92815,4.35044
2.99048208573328,5.41558907372965,5.98409775572495,5.89993,3.92815,4.35044
2.98991539331753,5.44220991671953,5.98344865309827,5.89993,3.92815,4.35044
3.01009489774827,5.47723773994276,5.9828259353171,5.89993,3.93255,4.34494
3.0034290195145,5.48000734014122,5.98213133449803,5.91532,3.93255,4.34494
3.00509279925157,5.48196806609122,5.98138015393454,5.91532,3.93255,4.34494
2.99421403055055,5.50128035358755,5.98004259590616,5.91532,3.93255,4.34494
3.018861107618,5.5333320241269,5.97919204939536,5.92412,3.94795,4.33174
2.99554405411454,5.49834584736996,5.9780423889405,5.92412,3.94795,4.33174
3.01398603572893,5.46381781454655,5.97708599012906,5.92412,3.94795,4.33174
3.0002151783147,5.43169114579877,5.97540688212423,5.92412,3.94795,4.33174
3.00898007105499,5.40023142808011,5.97400449188813,5.92522,3.96554,4.31745
2.98017964878084,5.37743883097831,5.97292861572094,5.92522,3.96554,4.31745
2.99401094491207,5.38252469373386,5.97146662573669,5.92522,3.96554,4.31745
3.00116016515534,5.3992653245472,5.97036170880623,5.92522,3.97104,4.31745
3.02628929590493,5.39476341934407,5.96895926476562,5.91862,3.97104,4.31745
3.00325496802511,5.41532976673295,5.96810208407447,5.91862,3.97104,4.31745
3.00991124925603,5.44647327167261,5.96704141024191,5.91862,3.97104,4.31745
2.99769491658765,5.47172475556863,5.96650447730381,5.92742,3.96664,4.33174
3.00331104770677,5.50787150784335,5.96552544798234,5.92742,3.96664,4.33174
3.00877614047798,5.53781990402213,5.96535809480634,5.92742,3.96664,4.33174
2.98856179133344,5.54169903220101,5.96482499187054,5.92742,3.96664,4.32405
3.00599539361231,5.54890865065141,5.96477095124258,5.93732,3.96554,4.32405
2.99786115400686,5.5918722421884,5.96445867270006,5.93732,3.96554,4.32405
3.00552766964954,5.59131260376869,5.96469427583876,5.93732,3.96554,4.32405
2.99635367181712,5.55184555718263,5.9646860694575,5.93732,3.95674,4.30865
3.01709225683106,5.52163262135944,5.96417201969463,5.91972,3.95674,4.30865
3.00674797868198,5.48894451412405,5.96398567894135,5.91972,3.95674,4.30865
2.99564160474276,5.45776061442952,5.9636299005128,5.91972,3.95674,4.30865
2.98269000007473,5.4412189628823,5.96345843601065,5.91202,3.95784,4.27676
3.02132256304518,5.45128041305074,5.96307069049943,5.91202,3.95784,4.27676
3.00705787593141,5.44475764562292,5.9629251711348,5.91202,3.95784,4.27676
3.00912533576672,5.44696487569654,5.96241799719442,5.91202,3.95784,4.25037
3.00651726521751,5.46504555166589,5.96222839210754,5.90762,3.95894,4.25037
2.98578618871908,5.48642831405667,5.96156245164197,5.90762,3.95894,4.25037
3.01069527499874,5.50180926483123,5.9614915874116,5.90762,3.95894,4.25037
2.99329499864234,5.53007878406038,5.96063735626621,5.89663,3.95565,4.24817
3.00494533326602,5.54194962524504,5.96011688395628,5.89663,3.95565,4.24817
2.99605866059111,5.53184351634437,5.95927431355889,5.89663,3.95565,4.24817
3.01838071080642,5.54174322732678,5.95878323797426,5.89663,3.95565,4.25037
2.99877878064206,5.5654296884628,5.95841236659175,5.88453,3.95784,4.25037
3.01366287257774,5.54266971940755,5.95789573645967,5.88453,3.95784,4.25037
3.00563072088383,5.49256931845634,5.95712397197628,5.88453,3.95784,4.25037
3.00547038045081,5.45602526222721,5.95633030331352,5.88453,3.96994,4.25257
2.98829392108005,5.41792815912332,5.95575669223345,5.88123,3.96994,4.25257
2.97730999060915,5.38359013905709,5.95498494744925,5.88123,3.96994,4.25257
3.00314151672916,5.37154184808942,5.95447885799412,5.88123,3.96994,4.25257
3.01067223485705,5.37962937630336,5.95379298510664,5.88673,3.97214,4.25587
3.02330146433721,5.37655703979842,5.95376788864522,5.88673,3.97214,4.25587
3.01842001319113,5.38206923441926,5.95328590543639,5.88673,3.97214,4.25587
3.00192727737114,5.40427995793433,5.95353881390531,5.88673,3.97214,4.25587
2.99924116888809,5.42182487020961,5.95361834491745,5.88233,3.94795,4.28336
2.99799811303601,5.447688178196,5.9542791081495,5.88233,3.94795,4.28336
2.98514999725074,5.47661026517176,5.95438955971003,5.88233,3.94795,4.28336
3.00740027703364,5.4816617167086,5.9551563830877,5.88233,3.93805,4.30865
2.98697821530762,5.47524716797716,5.95588016920985,5.88453,3.93805,4.30865
3.01511121050205,5.48948982977674,5.95676864148147,5.88453,3.93805,4.30865
3.005214348859,5.51253667734925,5.95793624594341,5.88453,3.93805,4.30865
3.01501017267675,5.47841829274417,5.95844847685749,5.88673,3.92925,4.33065
3.02446933040927,5.43502564008621,5.95928386912864,5.88673,3.92925,4.33065
2.98806491693982,5.39911897846731,5.9598284341801,5.88673,3.92925,4.33065
2.9866171918329,5.36442250056482,5.96064075040238,5.88673,3.92925,4.33834
2.99405477204459,5.33555817853426,5.96093186894816,5.88893,3.92155,4.33834
3.00252724482303,5.33378137847146,5.96161368713956,5.88893,3.92155,4.33834
3.00902200388125,5.3505228577368,5.96197766572249,5.88893,3.92155,4.33834
3.00679957134162,5.34541105077594,5.96243681669076,5.88893,3.91496,4.34164
3.00404991451319,5.36155087068828,5.96240106660725,5.88783,3.91496,4.34164
3.02136466312564,5.38637479101457,5.96285440302102,5.88783,3.91496,4.34164
2.9900773021238,5.40619500050995,5.96286850928059,5.88783,3.91496,4.34164
3.00735603704462,5.43974649049478,5.96261714056964,5.88343,3.91166,4.34164
2.98995625977554,5.46738812768774,5.9623952574432,5.88343,3.91166,4.34164
3.01550080924864,5.46623693284972,5.96214701020411,5.88343,3.91166,4.34164
2.99140823589609,5.47090020147172,5.96226435769074,5.88343,3.91166,4.33724
3.00466045835923,5.49822690672655,5.96217797850948,5.88233,3.92265,4.33724
3.00572012856503,5.50463744150913,5.9617872698555,5.88233,3.92265,4.33724
3.01003713725429,5.46551826555517,5.96148359942628,5.88233,3.92265,4.33724
3.00341185100919,5.432119278805,5.96110786429646,5.87573,3.93145,4.34164
2.98457382444761,5.39926746682867,5.96036586129868,5.87573,3.93145,4.34164
2.99869470169655,5.36825626727759,5.96016035055198,5.87573,3.93145,4.34164
3.0077170065015,5.34927433650574,5.95940168170954,5.87573,3.93145,4.33834
3.01673498011665,5.37490446564932,5.95938711800904,5.87573,3.94465,4.33834
3.00301532771691,5.37276240308477,5.95894416789929,5.87573,3.94465,4.33834
3.01343299873522,5.37537247138318,5.95907669861035,5.87573,3.94465,4.33834
3.00593870524795,5.3970631751169,5.95933699156815,5.87573,3.95894,4.34384
2.99370364365436,5.42572322193174,5.95982936112239,5.89443,3.95894,4.34384
2.98312803758474,5.44647918661167,5.96010087449511,5.89443,3.95894,4.34384
3.01439596854419,5.48205447222223,5.96062849325425,5.89443,3.95894,4.34384
2.99055838528545,5.50010960094165,5.96132888701929,5.90872,3.96774,4.36144
3.0060499205062,5.49034931412297,5.96217287532135,5.90872,3.96774,4.36144
3.00677397516446,5.50293768515406,5.96332089436756,5.90872,3.96774,4.36144
3.01705680031576,5.53364541181873,5.96398145630601,5.90872,3.96774,4.36144
3.02022152550444,5.51874198223606,5.96546434442054,5.92632,3.97434,4.36144
2.99048242658331,5.47448979253173,5.96602538033592,5.92632,3.97434,4.36144
2.99014253433427,5.4407547850296,5.96722602534814,5.92632,3.97434,4.36144
3.00043660628638,5.40495027461637,5.96750702008826,5.92632,3.97104,4.35924
2.99395842033295,5.37267808241381,5.96844932746799,5.93182,3.97104,4.35924
2.9990280062657,5.36750007552407,5.96895608436046,5.93182,3.97104,4.35924
3.01278280017752,5.38643516933734,5.96929544677346,5.93182,3.97104,4.35924
3.00354099480524,5.37917118138212,5.96945217450509,5.93622,3.96444,4.35484
3.02038672937686,5.38839437752331,5.96996220426084,5.93622,3.96444,4.35484
2.99445855726094,5.41452077667578,5.97008341526273,5.93622,3.96444,4.35484
3.01715362357035,5.44279293865062,5.97011434773579,5.93622,3.96444,4.35264
2.9880943777837,5.4707850774399,5.96997264233713,5.93842,3.96774,4.35264
3.00972955729856,5.50708438031794,5.96987632771293,5.93842,3.96774,4.35264
2.98632874637927,5.5104873703351,5.97018961377069,5.93842,3.96774,4.35264
3.00161616619972,5.51514541773184,5.96988796464266,5.93842,3.97214,4.35594
3.00420847714748,5.53997173415495,5.96977670609857,5.93952,3.97214,4.35594
3.00777312887687,5.56956937376628,5.96969478966927,5.93952,3.97214,4.35594
3.01461133960547,5.5389894450031,5.96960044972374,5.93952,3.97214,4.35594
2.99226024956797,5.50598235799185,5.96876592208808,5.93732,3.97874,4.35264
3.01649288001256,5.47559807201154,5.96852995440351,5.93732,3.97874,4.35264
2.9851863132965,5.44561574093674,5.96799085517502,5.93732,3.97874,4.35264
3.01286365977213,5.42401241740021,5.96784582716142,5.93732,3.97874,4.35924
2.98722982237023,5.42937244866043,5.96725741845027,5.92962,3.97764,4.35924
3.01901236957535,5.44610574431308,5.96710112985136,5.92962,3.97764,4.35924
3.00558708689338,5.4434553590536,5.96725278513889,5.92962,3.97764,4.35924
2.99385095707413,5.4621230101904,5.96735393131276,5.91422,3.97324,4.37243
3.00067731743436,5.49034029792139,5.9674136509747,5.91422,3.97324,4.37243
3.01577770543539,5.51428810490272,5.96759163880189,5.91422,3.97324,4.37243
2.98708866522398,5.54741715235259,5.96795812753917,5.91422,3.97324,4.37243
3.00958679569228,5.57279421035416,5.9682978648317,5.90323,3.96884,4.37243
3.00035704610097,5.57250148653063,5.96902000881145,5.90323,3.96884,4.37243
3.01220788556058,5.57691604601157,5.96929183643116,5.90323,3.96884,4.37243
3.01640781303924,5.61463499270558,5.97043455746768,5.90323,3.97214,4.35594
2.98703995671482,5.60978041749217,5.9707854599164,5.90213,3.97214,4.35594
3.00344364855488,5.56887908092737,5.97162669281023,5.90213,3.97214,4.35594
3.00361412288884,5.53455264883576,5.97187768144608,5.90213,3.97214,4.35594
2.99786069914996,5.49944018143088,5.97267972345681,5.90433,3.96554,4.33724
2.98160073901588,5.46596501956339,5.97283948796652,5.90433,3.96554,4.33724
3.01076569282549,5.44658294520244,5.97304339990812,5.90433,3.96554,4.33724
3.01388784378955,5.45508639548034,5.97308347118771,5.90433,3.96554,4.33724
3.01680404536568,5.45286131822764,5.97314187110598,5.89993,3.95235,4.33065
2.99028545248994,5.45576996457676,5.97337338167695,5.89993,3.95235,4.33065
3.01709464711431,5.47396359986137,5.97319642914707,5.89993,3.95235,4.33065
3.00600615726322,5.49979218567657,5.97336626291317,5.89993,3.94465,4.32185
3.00242103793673,5.51920577098377,5.97289820301279,5.88893,3.94465,4.32185
2.99127282214317,5.55149389111464,5.97298362793139,5.88893,3.94465,4.32185
2.98938547262535,5.56721348648111,5.97228704479102,5.88893,3.94465,4.32185
3.00657311032098,5.56020541668209,5.97204973688918,5.89993,3.94905,4.30865
3.00320605163733,5.57333205497005,5.97151131355112,5.89993,3.94905,4.30865
3.00836218926027,5.60163233554606,5.97090586716169,5.89993,3.94905,4.30865
3.00001934899363,5.58392108480779,5.96985165729629,5.89993,3.94905,4.30535
3.02595566568512,5.53908112674136,5.96915639937686,5.91202,3.95784,4.30535
2.98887156091466,5.50620944419265,5.96796380987276,5.91202,3.95784,4.30535
3.00302638353584,5.47151486597421,5.96711733161574,5.91202,3.95784,4.30535
2.99917940524294,5.4394400738261,5.96562240970191,5.91202,3.96004,4.31415
3.00948354255019,5.42829516470523,5.96451013224455,5.90762,3.96004,4.31415
2.98937911886213,5.43949097191151,5.96352135154697,5.90762,3.96004,4.31415
2.99848258762634,5.43960240089006,5.96230884287301,5.90762,3.96004,4.31415
3.00217935652196,5.44828800126326,5.96127018318596,5.88783,3.94355,4.32185
3.01466322726138,5.46732833987465,5.96016180044417,5.88783,3.94355,4.32185
3.01163924464869,5.48829641604282,5.95949320581628,5.88783,3.94355,4.32185
3.00762233488672,5.51405837392551,5.95847356976325,5.88783,3.94355,4.30755
2.99957274070572,5.54312594690181,5.95795075442833,5.89003,3.92815,4.30755
2.99707781383601,5.54692234355372,5.95728974768068,5.89003,3.92815,4.30755
3.00689798072192,5.5416415855101,5.9573968950161,5.89003,3.92815,4.30755
2.99181065421371,5.55547685211444,5.95679935597028,5.89663,3.91935,4.29985
3.00646069950439,5.57717382238818,5.95674606026394,5.89663,3.91935,4.29985
2.99802195727163,5.54286375228926,5.95654512129201,5.89663,3.91935,4.29985
3.00878026166015,5.49984616988824,5.95657834484074,5.89663,3.91935,4.31525
2.99248000007395,5.4634834547257,5.95649906842755,5.88233,3.90616,4.31525
3.00963010972379,5.42804740002976,5.95592752524484,5.88233,3.90616,4.31525
3.00973007330075,5.39900633301188,5.9558170273626,5.88233,3.90616,4.31525
3.00796302621538,5.39592307523893,5.95550844547081,5.88233,3.89406,4.34164
2.9871302126636,5.41232873631716,5.95553106724609,5.85924,3.89406,4.34164
3.01623128833998,5.40834965841794,5.95513253109861,5.85924,3.89406,4.34164
3.00257678941083,5.42158725261309,5.95534038275243,5.85924,3.89406,4.34164
3.00655491635972,5.44642789326264,5.95499563335551,5.84824,3.90066,4.36034
2.99600496311737,5.46743934991191,5.95483076631744,5.84824,3.90066,4.36034
2.99167085549508,5.49894209697334,5.95433465798904,5.84824,3.90066,4.36034
3.01320613668006,5.52716678005023,5.95446301227806,5.84824,3.90066,4.36034
3.00072247421,5.52478042183628,5.95395034109473,5.84934,3.91386,4.35814
3.00665456762929,5.52632293852497,5.95363897451298,5.84934,3.91386,4.35814
2.99623437569999,5.55257744736526,5.95298298421671,5.84934,3.91386,4.35814
3.02094150942074,5.55753316376721,5.95254959591611,5.84934,3.92815,4.32515
2.99094998596405,5.51490093532046,5.95226594257236,5.87133,3.92815,4.32515
3.00566491759691,5.47798649560273,5.95153970832473,5.87133,3.92815,4.32515
2.99832596646935,5.44067497078275,5.95064899390364,5.87133,3.92815,4.32515
3.00644296858381,5.40504118736053,5.94975596753995,5.88233,3.92815,4.30975
2.99450222402356,5.38203580482246,5.94894583224571,5.88233,3.92815,4.30975
2.98723797196548,5.40227886316629,5.94785838698101,5.88233,3.92815,4.30975
3.0178220785832,5.39087785270572,5.94707417748723,5.88233,3.92815,4.30975
3.01151829498309,5.38750006431172,5.94612810617064,5.89553,3.93585,4.30645
3.01856359669678,5.39998204209524,5.94552669271902,5.89553,3.93585,4.30645
3.00025497973325,5.42145433797647,5.94470346593399,5.89553,3.93585,4.30645
3.00022031491551,5.43528270609213,5.94411843875272,5.89553,3.94905,4.30425
2.99047280007029,5.46199863519521,5.9435417948032,5.89993,3.94905,4.30425
2.99664911220755,5.47423043427387,5.94344169751602,5.89993,3.94905,4.30425
2.9958511083302,5.45633466046695,5.94284698234856,5.89993,3.94905,4.30425
3.0202158827038,5.46003127413844,5.94274495358817,5.88673,3.95345,4.31195
2.99307347931428,5.48453468335825,5.94253393292269,5.88673,3.95345,4.31195
3.01093058411585,5.46151976582179,5.94250977253021,5.88673,3.95345,4.31195
3.00085461163858,5.40805318627056,5.94250737978375,5.88673,3.95345,4.33174
3.01556614740065,5.36673393545887,5.94196288326179,5.89003,3.95345,4.33174
3.00977997167904,5.32464687454948,5.94204092713243,5.89003,3.95345,4.33174
2.97984137334935,5.28616027852276,5.94187821241092,5.89003,3.95345,4.33174
2.99468155467001,5.27800725353855,5.94217696358188,5.89883,3.95125,4.35814
3.00882940328471,5.28904133773624,5.94190945185441,5.89883,3.95125,4.35814
3.00438366451789,5.27668640396035,5.94259329990168,5.89883,3.95125,4.35814
3.00638194024983,5.27969434611723,5.94276178149607,5.89883,3.95125,4.35814
3.01190040474709,5.30135306364088,5.94328260703181,5.90103,3.95565,4.37243
3.00322254144138,5.32546571020583,5.9436121897833,5.90103,3.95565,4.37243
3.00442069090576,5.34973958251942,5.94449713086141,5.90103,3.95565,4.37243
2.99745282552477,5.38208062256652,5.94526872606919,5.90103,3.96554,4.37573
2.99783317493185,5.38215477135256,5.94601989340899,5.90433,3.96554,4.37573
2.99916456217981,5.38378644016153,5.94704784977372,5.90433,3.96554,4.37573
3.0143179535487,5.40403180830479,5.94798089635946,5.90433,3.96554,4.37573
3.000203377605,5.43298857905818,5.94949684713424,5.90872,3.96994,4.37683
3.00528725395372,5.39951689963985,5.95056724731417,5.90872,3.96994,4.37683
3.00128843032017,5.36597685067555,5.95154125726003,5.90872,3.96994,4.37683
3.0017365065889,5.33566438655788,5.95251270735295,5.90872,3.96994,4.37683
2.99665693105627,5.30661230188256,5.95354021000308,5.90433,3.96994,4.36913
2.98607622867292,5.28690922641217,5.95414242747574,5.90433,3.96994,4.36913
3.01836045273463,5.29731151106652,5.95538402745973,5.90433,3.96994,4.36913
3.0091804364814,5.31721578900995,5.95616055624123,5.90433,3.95784,4.36694
3.01854013652429,5.31848057539471,5.95743545593007,5.89883,3.95784,4.36694
2.99378347104388,5.34256123224392,5.95807947723083,5.89883,3.95784,4.36694
3.01553940635269,5.37723402178839,5.95918896135867,5.89883,3.95784,4.36694
2.98819877286811,5.40793867746315,5.96037123282052,5.89663,3.95015,4.35154
2.99277893334311,5.44901068366648,5.96125975636308,5.89663,3.95015,4.35154
2.99215268203558,5.48071342326215,5.96216422621635,5.89663,3.95015,4.35154
3.01433163878823,5.48759706005597,5.96304327734371,5.89663,3.95015,4.35154
3.0027018033887,5.50117908252116,5.96398059716272,5.90762,3.95894,4.33174
3.01362689578592,5.54813716305509,5.96474458219773,5.90762,3.95894,4.33174
3.00322302169021,5.55083108688217,5.96565504425037,5.90762,3.95894,4.33174
3.00752148006076,5.51948033904845,5.96620307187797,5.90762,3.96664,4.34384
3.0152342466246,5.49467074806676,5.96687447161139,5.92082,3.96664,4.34384
2.98318255152522,5.46869887863116,5.96720716596798,5.92082,3.96664,4.34384
2.98638485402444,5.44474607926763,5.9677698632853,5.92082,3.96664,4.34384
3.00531202840693,5.43251556075433,5.96778606083566,5.92852,3.97764,4.35264
3.00470056095952,5.45292958218735,5.96828965890624,5.92852,3.97764,4.35264
3.0001816267749,5.46057837078916,5.96850520578022,5.92852,3.97764,4.35264
3.02077248308906,5.47235273734902,5.96872504920905,5.92852,3.97764,4.36144
3.00928094348113,5.49874490162017,5.96880037733834,5.91422,3.97434,4.36144
3.01093965014203,5.53368410275863,5.9691116665249,5.91422,3.97434,4.36144
2.98216705339969,5.5607927736213,5.96933100374446,5.91422,3.97434,4.36144
3.0090309062427,5.6024148686181,5.9693105427391,5.92082,3.97214,4.35594
2.99911903403764,5.62428411434868,5.96955402654426,5.92082,3.97214,4.35594
3.00547914341583,5.62606129856078,5.96957912303113,5.92082,3.97214,4.35594
3.00097381961367,5.64947371833513,5.97008887518868,5.92082,3.97214,4.35594
2.99531461181662,5.68441398269123,5.96979395468747,5.94391,3.96884,4.33944
3.00919895356368,5.6707518438579,5.97005651753707,5.94391,3.96884,4.33944
3.00189211516438,5.63375094606599,5.96968344047557,5.94391,3.96884,4.33944
3.00620028441572,5.60631774681379,5.96944310667496,5.94391,3.96334,4.32405
2.99488955809943,5.57649212712141,5.96838644031391,5.94611,3.96334,4.32405
3.00938338196937,5.54843406894019,5.96796467360137,5.94611,3.96334,4.32405
3.00065514948942,5.53971086278055,5.96728797597132,5.94611,3.96334,4.32405
3.01604545327148,5.55535117303722,5.96676528405348,5.93182,3.94795,4.31305
2.99175237113283,5.55717140167492,5.96596007718368,5.93182,3.94795,4.31305
3.0130823972549,5.56579423814603,5.96515159137157,5.93182,3.94795,4.31305
2.99836563057229,5.5873530647543,5.96460047136005,5.93182,3.94795,4.31305
2.99510917179681,5.60773454713925,5.96382274979108,5.92192,3.93915,4.30975
2.9963163452916,5.63398718412151,5.96307405291516,5.92192,3.93915,4.30975
3.01084777941575,5.66224365037885,5.96233299044602,5.92192,3.93915,4.30975
3.00067801030908,5.66275375402828,5.96174377862594,5.92192,3.94905,4.30535
3.00877943037697,5.65841827758629,5.9609646054092,5.91862,3.94905,4.30535
3.00368875146615,5.67050396923753,5.96071953994395,5.91862,3.94905,4.30535
3.00685356936403,5.69095354895031,5.95993784934686,5.91862,3.94905,4.30535
3.01581776259094,5.65449613918941,5.95990419940016,5.91422,3.95894,4.31415
2.9881952311907,5.6110123641269,5.95891671364266,5.91422,3.95894,4.31415
3.00426983062734,5.57320189200973,5.95830350266563,5.91422,3.95894,4.31415
2.98742392543271,5.53599904328131,5.95753723651261,5.91422,3.95894,4.31415
3.00027573540315,5.50520554563568,5.957214099357,5.91642,3.96664,4.31635
2.98514440607592,5.49824571749207,5.95676155847458,5.91642,3.96664,4.31635
3.03074621931957,5.51333273413506,5.95595139441911,5.91642,3.96664,4.31635
3.01909153358195,5.50788471443234,5.9553329970805,5.91642,3.97214,4.30535
3.00836495072056,5.52074061466141,5.95485409695665,5.91642,3.97214,4.30535
2.99456194319577,5.54472095686527,5.95459516989584,5.91642,3.97214,4.30535
2.99780409822784,5.56445764101883,5.95421923041569,5.91642,3.97214,4.30535
2.99618601187438,5.59408148939945,5.953932825726,5.90433,3.96884,4.30535
3.00380567180996,5.61838619355852,5.95347325437993,5.90433,3.96884,4.30535
3.00489809201734,5.61253372141904,5.95340023131164,5.90433,3.96884,4.30535
2.99283052649369,5.61183913279578,5.9527938147958,5.90433,3.96884,4.30865
3.00741297092906,5.63607593786592,5.95270251630195,5.88783,3.96004,4.30865
3.00897969485991,5.63974290527689,5.95218292811797,5.88783,3.96004,4.30865
3.01382326601413,5.59551247918888,5.95172765782895,5.88783,3.96004,4.30865
2.98838799016838,5.55739722446284,5.95082549758962,5.88893,3.95015,4.30645
3.01617493367584,5.51900969462962,5.95015280167553,5.88893,3.95015,4.30645
2.97955641498681,5.48242963004098,5.949560331539,5.88893,3.95015,4.30645
3.00367906355053,5.45841980547933,5.94889487276473,5.88893,3.95015,4.30645
3.0123463595753,5.4758437582201,5.94792380311476,5.88893,3.94025,4.30095
3.02375558217911,5.4653843388754,5.94714202258711,5.88893,3.94025,4.30095
2.99302382321229,5.46225975089063,5.94654946500951,5.88893,3.94025,4.30095
2.98418903361073,5.47646674831349,5.94561943705058,5.88893,3.94245,4.29545
3.00078539989431,5.4969237859415,5.94516668807665,5.88673,3.94245,4.29545
3.01803244307822,5.5124393169302,5.9443785921947,5.88673,3.94245,4.29545
3.01244027101915,5.53898174731002,5.94395251242281,5.88673,3.94245,4.29545
3.00330096924812,5.54915499733751,5.94315575704036,5.87023,3.94795,4.29765
2.99278272888721,5.53122792263921,5.94294903894865,5.87023,3.94795,4.29765
2.99838453622547,5.53292295874898,5.94256675879388,5.87023,3.94795,4.29765
3.00512566287219,5.55917739808083,5.94267245741287,5.87023,3.94795,4.29765
3.00049420273547,5.53432711022201,5.94228095092902,5.85044,3.96004,4.31635
3.011761711936,5.48039700627168,5.94197304675462,5.85044,3.96004,4.31635
2.99162762053149,5.43769767472127,5.94146849832698,5.85044,3.96004,4.31635
3.00463133823471,5.39440593030517,5.94130884526613,5.85044,3.96004,4.33724
2.99361986405955,5.35423529670308,5.94137378104215,5.85044,3.95455,4.33724
3.01423938240546,5.34448577282191,5.94084849872871,5.85044,3.95455,4.33724
3.02091593661552,5.3521243336801,5.94072997058387,5.85044,3.95455,4.33724
2.99723204829465,5.33944426492958,5.94065432924732,5.86254,3.94465,4.34054
2.99103820191162,5.33947714835179,5.94113553976446,5.86254,3.94465,4.34054
3.00776240636771,5.35938870293607,5.94111271673536,5.86254,3.94465,4.34054
2.99741381767183,5.37996031228965,5.94183138455785,5.86254,3.94465,4.34054
3.00132690403404,5.40162729774886,5.94199084448878,5.88013,3.94355,4.33284
3.00871153469215,5.43021684492151,5.9424634044445,5.88013,3.94355,4.33284
2.99755593489125,5.42618231000361,5.94290711635874,5.88013,3.94355,4.33284
3.00719566704478,5.42403778534783,5.94400324826623,5.88013,3.95565,4.31635
3.00670404759071,5.43983611387974,5.94462157944948,5.90213,3.95565,4.31635
3.0045953828101,5.46652560158772,5.9453183092634,5.90213,3.95565,4.31635
2.99953037549689,5.42799275994706,5.94591489536374,5.90213,3.95565,4.31635
3.01814546410689,5.3909627467196,5.94655837903988,5.90323,3.95455,4.31855
2.98311978073245,5.35688535087592,5.94757021360642,5.90323,3.95455,4.31855
2.99446897673187,5.32447222098559,5.94831548830244,5.90323,3.95455,4.31855
2.99836181800593,5.30088172977741,5.94886645015787,5.90323,3.95455,4.32295
3.01925407629423,5.30746608348202,5.94946337396655,5.90323,3.95015,4.32295
3.00650831701652,5.32295625517221,5.95020274761466,5.90323,3.95015,4.32295
2.98571068842899,5.32364123547856,5.95072591300305,5.90323,3.95015,4.32295
3.01463483741248,5.34439389697849,5.95173734962682,5.91862,3.96334,4.32515
3.01308740702856,5.37651240075203,5.95245675089945,5.91862,3.96334,4.32515
3.01597881444161,5.40498481275939,5.95344361932034,5.91862,3.96334,4.32515
2.99422153644519,5.44397143800626,5.95403398735468,5.91862,3.96334,4.32515
2.99716939645124,5.47404993560087,5.95506812956612,5.93402,3.97764,4.33174
2.98874268652327,5.48020740369106,5.95621712843369,5.93402,3.97764,4.33174
3.00031306197101,5.49179430969429,5.95740399177727,5.93402,3.97764,4.33174
3.00063246060516,5.53804944804271,5.95818857587176,5.93402,3.97544,4.34274
3.01514026132756,5.53886476801435,5.95914595743869,5.93072,3.97544,4.34274
2.99634096430839,5.50404335080926,5.95999337553112,5.93072,3.97544,4.34274
3.01522662579833,5.47886482027642,5.96062137372572,5.93072,3.97544,4.34274
3.00030856523032,5.45132811754101,5.96150085725926,5.92302,3.96774,4.35374
3.00062047400525,5.42552651699938,5.96178550033476,5.92302,3.96774,4.35374
3.01710669268681,5.41277872902527,5.96244636012341,5.92302,3.96774,4.35374
2.99075195025093,5.43146491960718,5.96276836420241,5.92302,3.96774,4.35374
2.99570259444421,5.43677921958176,5.96335047636766,5.91862,3.96114,4.35044
3.00327673074873,5.44613254435696,5.96335488732679,5.91862,3.96114,4.35044
3.00533277192508,5.47138288356719,5.96412415152551,5.91862,3.96114,4.35044
3.00061263306606,5.50288893235889,5.96425211220739,5.91862,3.96114,4.32625
3.01288442497365,5.52750888019013,5.96424436533963,5.91752,3.96004,4.32625
3.00062302717407,5.56592493171203,5.96407375211968,5.91752,3.96004,4.32625
2.99969201277049,5.58495729790535,5.96424229921671,5.91752,3.96004,4.32625
2.99640460642265,5.58434008676761,5.96444827888499,5.92082,3.96774,4.31305
3.01653315754906,5.60662411189111,5.96416632810479,5.92082,3.96774,4.31305
3.00288209771003,5.63740118412609,5.96404292895187,5.92082,3.96774,4.31305
3.00995252534539,5.62152168391679,5.96375239594747,5.92082,3.96774,4.31305
2.99181698804983,5.58233348941781,5.96375602527899,5.90543,3.96664,4.33174
2.99639643344364,5.5532793456883,5.96323204588131,5.90543,3.96664,4.33174
3.00070925064665,5.52221005837459,5.96268126997,5.90543,3.96664,4.33174
2.99829391862108,5.49359416418078,5.96209591664766,5.90543,3.96114,4.34494
3.00854372108878,5.48609115322953,5.96159751719941,5.90103,3.96114,4.34494
2.99542980706019,5.50088039038066,5.96072287916295,5.90103,3.96114,4.34494
3.02285983410666,5.50359637307446,5.960636414791,5.90103,3.96114,4.34494
3.00098087032471,5.51297921077016,5.9601448535411,5.90433,3.96114,4.33724
3.01617976240619,5.5362044638024,5.96018466314825,5.90433,3.96114,4.33724
2.99326854751122,5.5568369362831,5.95989543984088,5.90433,3.96114,4.33724
3.01186950250091,5.58510718686173,5.95981684199762,5.90433,3.96114,4.33394
2.98548940796404,5.61502802179141,5.96007002798925,5.90762,3.95674,4.33394
2.98472137662047,5.61757212093232,5.96016200886963,5.90762,3.95674,4.33394
3.00164505101281,5.61355776178339,5.9604059438368,5.90762,3.95674,4.33394
3.01626103397306,5.62873367970017,5.96057207247914,5.90103,3.95015,4.33834
3.01531436205402,5.64939009957453,5.96078806653734,5.90103,3.95015,4.33834
3.00879980324951,5.61451360060508,5.96093651710193,5.90103,3.95015,4.33834
3.00234448192923,5.57382200314404,5.96115998020427,5.90103,3.95015,4.33834
2.99979860624113,5.53786983210924,5.96092877229505,5.89113,3.94135,4.34604
3.00450061255162,5.50295341328794,5.96101106580745,5.89113,3.94135,4.34604
2.98644994845112,5.47435659853438,5.96065192398902,5.89113,3.94135,4.34604
2.99664854825443,5.47174332637274,5.96058425232729,5.89113,3.92925,4.35814
3.01013804292017,5.48922437188306,5.96014656998388,5.88893,3.92925,4.35814
3.00433491185511,5.48612098404335,5.96011342452119,5.88893,3.92925,4.35814
2.99795933093382,5.50218249036245,5.95979924445424,5.88893,3.92925,4.35814
3.02732496984393,5.52876536475953,5.95909914236831,5.88783,3.92045,4.36474
3.00154884122017,5.55004038218582,5.95862787612685,5.88783,3.92045,4.36474
3.00144587784135,5.58460630981784,5.9580358487182,5.88783,3.92045,4.36474
2.98578677021185,5.6126199302623,5.95759514730442,5.88783,3.92045,4.36474
3.00794595648613,5.61039919761758,5.95690402912348,5.89003,3.92485,4.35594
3.00025441692143,5.61177887635654,5.95652124187343,5.89003,3.92485,4.35594
3.00784670181901,5.64115856077805,5.95572073318497,5.89003,3.92485,4.35594
3.01012698615669,5.64690293844934,5.95520912215841,5.89003,3.92485,4.35484
2.99673228151088,5.60484299301048,5.95422606784935,5.87683,3.92045,4.35484
3.0016405514254,5.56962689923287,5.95369963278332,5.87683,3.92045,4.35484
3.00286605242496,5.53345775853406,5.95260620576374,5.87683,3.92045,4.35484
2.99433159636938,5.49905804362402,5.95164666040581,5.86034,3.91496,4.35264
2.99212005123009,5.47643543337197,5.95031983275127,5.86034,3.91496,4.35264
3.02271294828788,5.49504799802679,5.94942385140078,5.86034,3.91496,4.35264
3.0045152756567,5.48622221776314,5.94883221695018,5.86034,3.91496,4.35264
3.00942359882928,5.48459724924871,5.94817515397815,5.85594,3.91606,4.34384
3.00295554003068,5.49713736235658,5.94734646013415,5.85594,3.91606,4.34384
3.01263473128783,5.51894202394692,5.94678460970441,5.85594,3.91606,4.34384
2.99161383997018,5.53402015365484,5.9462749665528,5.85594,3.92815,4.33394
2.97908477873609,5.56072646802264,5.94572726927387,5.85924,3.92815,4.33394
3.00670203166563,5.57008668522204,5.94535505036397,5.85924,3.92815,4.33394
3.00995759952504,5.55108670139367,5.94507632749341,5.85924,3.92815,4.33394
3.01004919959655,5.55495765039798,5.94488069980588,5.86364,3.93585,4.32185
3.01279790906122,5.57946559693924,5.94460323726627,5.86364,3.93585,4.32185
3.00242102233045,5.55502820012505,5.94476856925494,5.86364,3.93585,4.32185
2.99755233812577,5.50174179106675,5.94443087019074,5.86364,3.93585,4.31195
3.00165392721668,5.45989261617159,5.94447938891784,5.88123,3.94245,4.31195
2.99779002794334,5.41745654625375,5.94397621328969,5.88123,3.94245,4.31195
3.0032442896789,5.37869570853514,5.94382527277571,5.88123,3.94245,4.31195
2.98945513571034,5.37125410103203,5.94347627109166,5.90433,3.94465,4.30975
3.01042618243882,5.3810503049439,5.94333140254546,5.90433,3.94465,4.30975
2.99449371849282,5.36755054308392,5.94332082222977,5.90433,3.94465,4.30975
3.02548181982095,5.37020302873018,5.94278979654705,5.90433,3.94465,4.30975
3.02163148038365,5.39073156182118,5.94256896704319,5.92742,3.95565,4.29655
2.99512222319306,5.41260416830967,5.94227633901918,5.92742,3.95565,4.29655
2.98549880009685,5.43639228747542,5.94201905831117,5.92742,3.95565,4.29655
3.00290160832826,5.46563440183246,5.94161972712051,5.92742,3.97544,4.27126
2.99140074447922,5.46204573459249,5.94148078011825,5.95051,3.97544,4.27126
3.00769350946847,5.45924861675374,5.94112244143295,5.95051,3.97544,4.27126
3.01055064603153,5.47495509142669,5.94074804354995,5.95051,3.97544,4.27126
3.00023927695469,5.49947371972646,5.94007762701158,5.94831,3.99194,4.27126
3.00969266086416,5.45858776305686,5.93982631712368,5.94831,3.99194,4.27126
3.01144000701934,5.41931207282045,5.93914256268094,5.94831,3.99194,4.27126
2.99598393016292,5.38250045377502,5.93819513795328,5.94831,3.99194,4.27126
2.98671610918909,5.34647209988039,5.93740180439525,5.91532,3.99633,4.28226
3.00969914002607,5.32061720745952,5.93636869380799,5.91532,3.99633,4.28226
2.99752366329039,5.32348048603454,5.93592805224331,5.91532,3.99633,4.28226
3.01127446529509,5.33403258484605,5.93538626084028,5.91532,3.99633,4.29216
3.00729703858938,5.32802144958534,5.93467483332073,5.89883,3.99304,4.29216
3.01303014459299,5.34558555872147,5.93428059278011,5.89883,3.99304,4.29216
2.99772781775381,5.37383573389474,5.93402936116855,5.89883,3.99304,4.29216
2.98304752964062,5.39727488483621,5.9336665962256,5.89113,3.98204,4.30205
3.01030295959029,5.43210330059695,5.93387853408591,5.89113,3.98204,4.30205
3.00144615096117,5.45939593857334,5.93394202628018,5.89113,3.98204,4.30205
3.01308026729177,5.461317340902,5.93449131884488,5.89113,3.98204,4.30205
3.01120386555081,5.46930915015268,5.93470691999647,5.86694,3.95674,4.31965
2.99746650547714,5.51179331281698,5.93549742048405,5.86694,3.95674,4.31965
2.99943653153664,5.50992640373269,5.93644504130771,5.86694,3.95674,4.31965
2.99739210642749,5.47261113340486,5.93746697565744,5.86694,3.93585,4.31635
2.99870232644195,5.44460704541015,5.93803296175548,5.86254,3.93585,4.31635
3.01106977629741,5.41530232159698,5.93883778716334,5.86254,3.93585,4.31635
2.99216566744821,5.38753823374274,5.93951148763731,5.86254,3.93585,4.31635
3.00568997610525,5.37468661542811,5.94034164974699,5.87133,3.92375,4.30315
3.00238849722825,5.39211898995219,5.94132624900988,5.87133,3.92375,4.30315
3.00348743157746,5.39369309166358,5.94186011011295,5.87133,3.92375,4.30315
3.03299633505234,5.40276075979332,5.94267037426509,5.87133,3.92375,4.29655
2.99375212476613,5.42619851150852,5.94345484918251,5.87793,3.92265,4.29655
2.98797420063277,5.4564261702102,5.94412643448893,5.87793,3.92265,4.29655
3.00742527185392,5.47944150210156,5.94455451516006,5.87793,3.92265,4.29655
2.99482946034573,5.51585402155531,5.94519775269318,5.87793,3.93585,4.29435
2.99244089397693,5.53318044152706,5.94554388974305,5.88893,3.93585,4.29435
3.01539136627865,5.52989497184274,5.94566303964797,5.88893,3.93585,4.29435
3.00667488483614,5.55062507653648,5.94565620946674,5.88893,3.93585,4.29435
3.0057395999706,5.58040353859082,5.94593082085168,5.88013,3.94795,4.30975
3.00184839518906,5.5610358204565,5.94579503698967,5.88013,3.94795,4.30975
3.0100567794005,5.51994773052687,5.94532045013773,5.88013,3.94795,4.30975
3.00007153489618,5.48940816837913,5.94482927828355,5.88013,3.95345,4.32075
3.00250541096473,5.45755074795471,5.94399184317431,5.87133,3.95345,4.32075
2.98537162893577,5.4284489729809,5.94365263896459,5.87133,3.95345,4.32075
2.99900746168257,5.42204920823,5.94298500003962,5.87133,3.95345,4.32075
3.010609770052,5.43708596114178,5.94215920027983,5.87133,3.96004,4.31525
3.01220567910366,5.43917984584037,5.94165109975902,5.87133,3.96004,4.31525
3.00721046307792,5.44909142081849,5.9410979808249,5.87133,3.96004,4.31525
2.99345316551953,5.47434737959197,5.94021920291071,5.87133,3.96004,4.31525
3.01351784786812,5.49591994590109,5.94004108248401,5.86144,3.94575,4.33504
2.99998587750338,5.52572020548404,5.93968145898712,5.86144,3.94575,4.33504
3.00412644576625,5.5577493446007,5.93962151354042,5.86144,3.94575,4.33504
3.00674666909366,5.5641510492134,5.93952008866457,5.86144,3.94575,4.35044
2.99960866392946,5.56341402839285,5.93941152067029,5.86364,3.92815,4.35044
2.9959049261538,5.57978167986468,5.93994901791745,5.86364,3.92815,4.35044
2.9889864000289,5.60175192915589,5.94025208116783,5.86364,3.92815,4.35044
3.01011864669699,5.56717886038692,5.94046299888283,5.87023,3.92375,4.34494
3.01904391608663,5.52632697600747,5.94064276086503,5.87023,3.92375,4.34494
2.99597820375835,5.49043032713631,5.94087361661706,5.87023,3.92375,4.34494
3.00350004516661,5.45511200065911,5.94090522727765,5.87023,3.92375,4.34494
2.992761384278,5.42580138427205,5.94123839890074,5.87903,3.92155,4.33724
3.00531315577792,5.42337694303937,5.94135367707034,5.87903,3.92155,4.33724
3.02504937351227,5.43624531091016,5.94181424424314,5.87903,3.92155,4.33724
2.99004491554846,5.43008574456172,5.94183800961417,5.87903,3.93035,4.32185
3.00154793677994,5.44206993334643,5.94211197123894,5.88343,3.93035,4.32185
3.01234832159459,5.46433686505002,5.94228449433049,5.88343,3.93035,4.32185
2.99284003716476,5.48143959133358,5.94270943271195,5.88343,3.93035,4.32185
2.98498122893734,5.5110310888577,5.94297237633265,5.89663,3.94685,4.31855
3.01743090770738,5.53524787162967,5.94294733718814,5.89663,3.94685,4.31855
3.00794329246161,5.52978591416521,5.94310946042007,5.89663,3.94685,4.31855
3.00503036071805,5.52858495852704,5.94350200921743,5.89663,3.94685,4.31855
2.99989846682626,5.55495949626783,5.94394841818536,5.88783,3.96224,4.31855
3.00922669896502,5.55573047116623,5.94424662441053,5.88783,3.96224,4.31855
3.00498403437027,5.51056028197398,5.94461051554016,5.88783,3.96224,4.31855
3.00144664954447,5.47399172553073,5.94467836755387,5.88783,3.97324,4.31635
2.99724004446827,5.43673396740425,5.94498429850027,5.88563,3.97324,4.31635
2.98381699053813,5.40181791177457,5.94514337665595,5.88563,3.97324,4.31635
3.0065018719968,5.38050104127109,5.94546907096645,5.88563,3.97324,4.31635
3.00959985092339,5.40048015866844,5.94573576996023,5.90213,3.96994,4.30535
3.01113999391896,5.39196561660454,5.94608780903646,5.90213,3.96994,4.30535
3.00577336124803,5.39231606434388,5.94615697992527,5.90213,3.96994,4.30535
3.01785991358334,5.4080499729038,5.94673070812211,5.90213,3.95125,4.30645
2.98771759141291,5.43224902602665,5.94725138547183,5.91642,3.95125,4.30645
3.00219521650688,5.44970800031778,5.94792791554498,5.91642,3.95125,4.30645
3.00275481956074,5.47948710180786,5.94820999766852,5.91642,3.95125,4.30645
3.00444826373292,5.49469587242885,5.94863952692543,5.92962,3.94355,4.30095
2.9984163899743,5.47877858279613,5.94931464329519,5.92962,3.94355,4.30095
2.98437338712306,5.48628379564078,5.9495972436006,5.92962,3.94355,4.30095
3.00923919672152,5.51351862968745,5.9499670173848,5.92962,3.94355,4.30095
3.02230775437545,5.49046758290838,5.95022336928206,5.93402,3.94905,4.29106
3.01257405563404,5.43829089891019,5.95029420273928,5.93402,3.94905,4.29106
3.00487880710229,5.3979982943236,5.94973944729869,5.93402,3.94905,4.29106
2.98593422754621,5.35629984158152,5.94966394528801,5.93402,3.94905,4.28006
2.98928057028003,5.31787853659708,5.94912664417984,5.93952,3.96884,4.28006
3.00961016974591,5.31122639488591,5.94891824972169,5.93952,3.96884,4.28006
2.99852098626963,5.32104888502501,5.9481483257646,5.93952,3.96884,4.28006
3.01481779412438,5.30574029612652,5.94761186869348,5.93402,3.97324,4.28556
3.0058476861792,5.30555330392345,5.94698799752098,5.93402,3.97324,4.28556
3.01028633571372,5.3244557821591,5.94649468166934,5.93402,3.97324,4.28556
2.98323089128214,5.34309288608366,5.94615645249514,5.93402,3.97324,4.28556
3.01079119631103,5.36400673441984,5.94525928033177,5.92632,3.96994,4.29435
3.01397470104779,5.39152842165031,5.94487333198937,5.92632,3.96994,4.29435
2.99965037004504,5.38812750017533,5.94437591215263,5.92632,3.96994,4.29435
2.99086385926092,5.38375631750263,5.94426212589895,5.92632,3.97324,4.30865
3.00778726743037,5.39886877480624,5.94410504839312,5.91532,3.97324,4.30865
2.99996234299025,5.42031499563405,5.94423003646002,5.91532,3.97324,4.30865
3.01010983548715,5.37995735843133,5.94410211302457,5.91532,3.97324,4.30865
3.0100885345924,5.33978336031579,5.94410863666706,5.90103,3.97654,4.31965
2.98909164781399,5.30288744350513,5.94385182504007,5.90103,3.97654,4.31965
2.99824039818136,5.26751714136153,5.9440920297908,5.90103,3.97654,4.31965
2.99697564477418,5.24314278625834,5.94429098093616,5.90103,3.97654,4.32845
3.01439213532777,5.24925023037217,5.9443655215244,5.88453,3.96774,4.32845
3.00096968268356,5.25972913139541,5.94443089038326,5.88453,3.96774,4.32845
3.02148529352547,5.25489205766708,5.94466350775465,5.88453,3.96774,4.32845
2.99174125390509,5.27386852515511,5.94544309747465,5.88453,3.95455,4.34054
3.00663630990475,5.30335947486982,5.94597071071138,5.87023,3.95455,4.34054
3.00103919435674,5.32739351696486,5.94631299355484,5.87023,3.95455,4.34054
3.00534275089436,5.36422243369165,5.946810070008,5.87023,3.95455,4.34054
2.99674732208112,5.39380560205175,5.94736762723971,5.86694,3.93585,4.34384
2.98474471660774,5.39768516580262,5.94767653318021,5.86694,3.93585,4.34384
3.01101581788006,5.4085584610899,5.94834253891862,5.86694,3.93585,4.34384
3.00463859708174,5.45133819728691,5.94883285688872,5.86694,3.92815,4.33065
3.02231414701998,5.449301032803,5.9494620151471,5.86913,3.92815,4.33065
3.00890016983584,5.41114302280538,5.9494641094001,5.86913,3.92815,4.33065
2.99555219313942,5.38304989064153,5.94970809889818,5.86913,3.92815,4.33065
2.9964132586558,5.35297843614685,5.94968195018546,5.85924,3.92375,4.32515
2.9915932760835,5.32427931557078,5.94998967848072,5.85924,3.92375,4.32515
2.98900333388301,5.31036692971764,5.94982896974805,5.85924,3.92375,4.32515
3.02155968942637,5.32828108864779,5.94974507860287,5.85924,3.92375,4.32515
3.00555441059409,5.32716855861091,5.94960118242015,5.83834,3.91606,4.32735
3.00906954790321,5.33416502063684,5.94957975952569,5.83834,3.91606,4.32735
2.99525964656897,5.35579113057252,5.94995933450355,5.83834,3.91606,4.32735
3.00508053099874,5.38445351412671,5.94968807305212,5.83834,3.91606,4.31745
3.02488223384605,5.40538625817633,5.95004203694017,5.82845,3.91606,4.31745
2.98506431880762,5.44148336076886,5.94999880189474,5.82845,3.91606,4.31745
2.99522461890086,5.46042498302906,5.95045490341112,5.82845,3.91606,4.31745
3.00808248989794,5.45745904156029,5.95073799767209,5.82405,3.92815,4.28996
2.99306437209222,5.47913430124211,5.95156124041911,5.82405,3.92815,4.28996
3.0034961538754,5.50928730148472,5.95194908152771,5.82405,3.92815,4.28996
3.01706324135481,5.49010358919881,5.95249609513616,5.82405,3.92815,4.28996
3.00576176840424,5.44976734263806,5.95275346156179,5.83944,3.93035,4.27236
2.99915208025455,5.42042771932538,5.95341879184315,5.83944,3.93035,4.27236
2.99420957455058,5.38965946510754,5.95376898723419,5.83944,3.93035,4.27236
3.00145896532152,5.36248627453359,5.9541786392311,5.83944,3.92595,4.26026
2.99469625670862,5.35779620566849,5.95460015001823,5.86474,3.92595,4.26026
3.02488080389068,5.37537128705993,5.95472736721556,5.86474,3.92595,4.26026
2.99901252013572,5.3759372394251,5.95563205480514,5.86474,3.92595,4.26026
2.99775465016836,5.38612897806605,5.95620752376686,5.87133,3.91496,4.25587
3.00637022618302,5.41032274980609,5.95654368355742,5.87133,3.91496,4.25587
3.00624438214382,5.43247387895108,5.95714913767503,5.87133,3.91496,4.25587
3.00567436665928,5.46095080939833,5.95782950943656,5.87133,3.91496,4.24817
2.9823438316251,5.49281056492444,5.95784423740935,5.86364,3.89846,4.24817
3.01703632241335,5.49989896429708,5.95867253097591,5.86364,3.89846,4.24817
2.99335961376502,5.49741102767128,5.95935639606456,5.86364,3.89846,4.24817
3.01355088620956,5.51439783870625,5.9602448489515,5.86364,3.89186,4.21848
3.01131122397746,5.53339394597326,5.96059753138239,5.86144,3.89186,4.21848
3.00637030792449,5.49706335753899,5.9611220246316,5.86144,3.89186,4.21848
2.99374049131901,5.45434002886223,5.9619422489452,5.86144,3.89186,4.21848
2.99235107850246,5.4171075412247,5.96303885816232,5.86474,3.89406,4.20968
2.99641205365992,5.38024554043897,5.96725348626059,5.86474,3.89406,4.20968
3.0134348506651,5.3492331256511,5.971809165101,5.86474,3.89406,4.20968
2.98029850805687,5.34853988748822,5.97115082338258,5.86474,3.97214,4.23827
3.00759106433272,5.35984646553397,5.97048730340692,6.10447,3.97214,4.23827
2.99525336240508,5.35301560341563,5.97014348920561,6.10447,3.97214,4.23827
3.01465618108786,5.36426706519828,5.96851395536292,6.10447,3.97214,4.23827
3.04142946131757,5.38619480809716,5.96538058033903,6.23424,4.10521,4.29985
3.00701716565118,5.40269740136381,5.96014422348553,6.23424,4.10521,4.29985
3.01063486598868,5.4335198508747,5.95336728665943,6.23424,4.10521,4.29985
3.02018579367141,5.45984651319357,5.94403507479193,6.23424,4.10521,4.29985
2.99926362762478,5.45656393834339,5.93297215796676,6.03739,4.1129,4.30975
2.96537711598347,5.45647327655235,5.91941942621429,6.03739,4.1129,4.30975
2.98323563945227,5.48585845763546,5.9031920203408,6.03739,4.1129,4.30975
2.95879743741504,5.48927612012501,5.88458428938509,6.03739,4.1129,4.29765
2.952207568811,5.44563929197343,5.86400166349525,5.92192,4.06562,4.29765
2.95795028159519,5.4107481542138,5.84151992815019,5.92192,4.06562,4.29765
3.02700524874672,5.37557986128899,5.81686355964122,5.92192,4.06562,4.29765
3.08896724671795,5.34233099674599,5.79145749261891,5.91312,3.99743,4.29985
3.18896068606094,5.32226282144602,5.76471602335944,5.91312,3.99743,4.29985
3.21653750648461,5.34605290517286,5.73793009023962,5.91312,3.99743,4.29985
2.90382741699556,5.33803341882167,5.71078634922847,5.91312,3.99743,4.29985
2.62070035425551,5.33864193706119,5.6839136669226,5.91532,3.95015,4.33394
2.90222255684868,5.35571825354844,5.65751666166411,5.91532,3.95015,4.33394
3.06175257398572,5.37989619884386,5.63214629588822,5.91532,3.95015,4.33394
3.06623942858536,5.3979196746106,5.6069624842622,5.91532,3.95125,4.38343
3.06220863413959,5.42821522516032,5.58324476250866,5.91312,3.95125,4.38343
3.04319917606507,5.43945630342209,5.56030986032345,5.91312,3.95125,4.38343
3.05173054931093,5.42589142151747,5.53860365361184,5.91312,3.95125,4.38343
3.01768633590681,5.43235085376195,5.51664853084236,5.89663,3.94905,4.41532
3.00183195874642,5.46350770894834,5.49481816164686,5.89663,3.94905,4.41532
2.98277918645646,5.44169089149704,5.47288942522989,5.89663,3.94905,4.41532
2.95981725075765,5.3958971194797,5.44970801435368,5.89663,3.94905,4.39773
2.9655729991321,5.36073261652424,5.42456604108961,5.88893,3.94575,4.39773
2.99273320818689,5.32591868248191,5.39713332107547,5.88893,3.94575,4.39773
2.9958868681852,5.29661975231742,5.36713406088124,5.88893,3.94575,4.39773
3.01185630029272,5.29530230568791,5.33351167811539,5.88893,3.95235,4.36034
3.02698388549963,5.31877290675499,5.29615938266324,5.89663,3.95235,4.36034
3.02707968006364,5.31673171526934,5.25436397497337,5.89663,3.95235,4.36034
3.02594827471215,5.33067032064424,5.20798073508337,5.89663,3.95235,4.36034
2.98227689949532,5.36574051970378,5.15633781829053,5.91312,3.97654,4.32845
2.98283791997324,5.39993069596002,5.09971323904602,5.91312,3.97654,4.32845
3.00075715168315,5.43671793763528,5.0376729931159,5.91312,3.97654,4.32845
3.00351224699535,5.47839074802981,4.97141796413553,5.91312,4.00733,4.30535
2.97285441317351,5.48978742817653,4.90275081803921,5.92742,4.00733,4.30535
3.01167543264573,5.50134600450166,4.82869249454075,5.92742,4.00733,4.30535
3.02665370788784,5.53252614363215,4.74561205096454,5.92742,4.00733,4.30535
3.01653386419143,5.56603683588271,4.66052291318455,5.92302,4.00843,4.31745
2.99038121228857,5.54135319130618,4.57429393478317,5.92302,4.00843,4.31745
3.0060947205511,5.51682227593523,4.48533952438012,5.92302,4.00843,4.31745
2.99669946785283,5.4918826750065,4.39472542064163,5.92302,4.00843,4.31745
2.99738643178464,5.46766432285054,4.30265484810049,5.92852,3.98534,4.33724
2.9794241839881,5.45066146252578,4.21001521804635,5.92852,3.98534,4.33724
2.98570709033295,5.46351400767258,4.11555285827383,5.92852,3.98534,4.33724
3.01714202656241,5.486321386586,4.01881659462768,5.92852,3.98534,4.37243
3.02426180880642,5.48784966139334,3.92144906534225,5.93732,3.95345,4.37243
3.00965882540659,5.51337184256651,3.8237176164634,5.93732,3.95345,4.37243
3.01878957266537,5.54870276360375,3.72661127645286,5.93732,3.95345,4.37243
3.02529888566692,5.57821885288354,3.63072337241577,5.94501,3.94025,4.43072
3.00981246407779,5.61924061334747,3.53626654433677,5.94501,3.94025,4.43072
2.98621992124945,5.64932025243602,3.44394436902051,5.94501,3.94025,4.43072
2.97442637386027,5.65362002354689,3.35431174354181,5.94501,3.94025,4.43072
2.9762237087375,5.66386039710331,3.26826402115502,5.94611,3.93145,4.489
2.95950784517273,5.71030247168061,3.18658734044322,5.94611,3.93145,4.489
2.96513583899457,5.71115535127465,3.11035210489471,5.94611,3.93145,4.489
2.99167998536928,5.68307171455525,3.04099143589054,5.94611,3.92155,4.53519
3.05059716713014,5.66166828542553,2.97940689686165,5.93732,3.92155,4.53519
3.08166041149312,5.63803046641569,2.92709864122831,5.93732,3.92155,4.53519
3.05832249274778,5.61678473462357,2.88409978332267,5.93732,3.92155,4.53519
3.07077301765937,5.60756745552956,2.85271493602086,5.94611,3.93365,4.5143
3.04410575819247,5.62414087961242,2.83319151657613,5.94611,3.93365,4.5143
2.97080666231419,5.64375615162095,2.82678178707799,5.94611,3.93365,4.5143
2.85512184673857,5.65359834800419,2.83276360299581,5.94611,3.93365,4.44172
2.8194233190719,5.67740355902545,2.85247779112919,5.95821,3.95015,4.44172
2.94503118970841,5.73427505406834,2.88539280459263,5.95821,3.95015,4.44172
3.05556164185632,5.77467056528088,2.93180571791826,5.95821,3.95015,4.44172
3.12755065047005,5.82613620505613,2.99070680800431,5.95821,3.97984,4.35044
3.11714475579746,5.85331637519584,3.06078986112446,5.96371,3.97984,4.35044
3.07494513001422,5.86433671024982,3.1417864606689,5.96371,3.97984,4.35044
3.01604106535958,5.89909533342906,3.23179943154632,5.96371,3.97984,4.35044
2.95765853107612,5.95125806898744,3.32964874360672,5.94941,4.04142,4.26026
2.93693801191287,5.95966166993093,3.43322868042258,5.94941,4.04142,4.26026
2.92667847504357,5.9548629765569,3.54075731831175,5.94941,4.04142,4.26026
2.97835007624364,5.95440278240692,3.65075403910697,5.94941,4.1239,4.23277
3.0100657792784,5.97066492469322,3.76104664523797,5.90323,4.1239,4.23277
3.01476619809058,5.9918770163048,3.86932639967557,5.90323,4.1239,4.23277
3.02418279691431,6.00769573285416,3.97449475506963,5.90323,4.1239,4.23277
3.01796982168227,6.0167918681789,4.0748197653519,5.87023,4.20748,4.29435
3.03293773378358,6.05097652052738,4.16982018588429,5.87023,4.20748,4.29435
3.00350512359628,6.07009528993177,4.25790801449839,5.87023,4.20748,4.29435
3.00924825598041,6.10222808349111,4.33909310363285,5.87023,4.20748,4.29435
2.97177929739163,6.14778380442619,4.41281014182379,5.86584,4.22067,4.40872
2.98885067830518,6.17324509812201,4.4780497247818,5.86584,4.22067,4.40872
2.99720699590207,6.2048223392358,4.53539632873767,5.86584,4.22067,4.40872
3.01746908163818,6.22272668566308,4.58555898962501,5.86584,4.22067,4.40213
3.00820696871911,6.24267481298067,4.62864225114585,5.90762,4.1228,4.40213
2.98203464947948,6.27691638015585,4.6649603275222,5.90762,4.1228,4.40213
2.99528282350404,6.32376925878738,4.69457229902027,5.90762,4.1228,4.40213
2.99665538506539,6.31419455297125,4.71980989859653,5.92632,4.00073,4.35594
3.03350407651927,6.28169593943295,4.74161106526832,5.92632,4.00073,4.35594
3.01000185069286,6.27369365963179,4.76013095158985,5.92632,4.00073,4.35594
3.00375896874504,6.27104584388192,4.77661860269852,5.92632,4.00073,4.35594
3.0197640704203,6.28146374116055,4.79133977754759,5.94611,3.96444,4.46811
2.9953672723546,6.32026742773476,4.80450601515658,5.94611,3.96444,4.46811
2.95564575293071,6.33907507307719,4.81588941676443,5.94611,3.96444,4.46811
2.96910079870359,6.38607837336717,4.82554290727866,5.94611,3.96444,4.57038
3.00019061178095,6.41913499043374,4.83341526199155,5.96481,3.92155,4.57038
3.04808033397674,6.50113639548798,4.84024754823066,5.96481,3.92155,4.57038
3.02646025352081,6.55874018172947,4.84529734573553,5.96481,3.92155,4.57038
3.01434663331163,6.60582536724598,4.84805027669436,5.96481,3.85557,4.58688
2.98750617107422,6.63565981972774,4.8495652534642,5.96481,3.85557,4.58688
2.97533688333744,6.67287735240293,4.84807006053851,5.96481,3.85557,4.58688
2.98157944850227,6.68036697520608,4.84465966071412,5.96481,3.85557,4.62317
3.01236249744859,6.70186289904993,4.83856884758162,5.92192,3.84787,4.62317
3.01949804994163,6.71295750491148,4.8306841286814,5.92192,3.84787,4.62317
3.04323556404371,6.66970302669502,4.8202536782747,5.92192,3.84787,4.62317
3.02010756480536,6.62058047709404,4.80770289804685,5.92192,3.90836,4.63636
2.98721197748503,6.59323684613346,4.79382672523471,5.89003,3.90836,4.63636
2.9587049550414,6.55000096190173,4.77924633327577,5.89003,3.90836,4.63636
2.93378905992388,6.51082579537378,4.76401110239684,5.89003,3.90836,4.63636
3.00825329850904,6.51418863052267,4.74857113577019,5.91642,3.94685,4.5165
3.03986968603568,6.49292909303676,4.73383227675058,5.91642,3.94685,4.5165
3.04067142224391,6.48238910024854,4.71989413743951,5.91642,3.94685,4.5165
3.02172531296173,6.49018614016835,4.70895755695582,5.91642,3.94685,4.30645
2.99822077311441,6.50857960168006,4.69958266150048,5.96041,3.97214,4.30645
3.00740191809983,6.52750842219913,4.69295849127293,5.96041,3.97214,4.30645
3.00490324846237,6.5420312079418,4.68939549293814,5.96041,3.97214,4.30645
2.97293684578049,6.55280209175066,4.68956560798547,5.94062,4.05022,4.29106
2.97912596978155,6.55149963115264,4.69207724184728,5.94062,4.05022,4.29106
3.02318149859274,6.53388043160624,4.69780368369702,5.94062,4.05022,4.29106
2.97799562697432,6.50857526331534,4.70647579230104,5.94062,4.05022,4.29106
3.00676149384144,6.48993349309962,4.71867003857214,5.90543,4.09751,4.44391
3.01533001730073,6.41598803747328,4.73272782381045,5.90543,4.09751,4.44391
3.01978006534106,6.35502432125248,4.74855146075301,5.90543,4.09751,4.44391
3.00514941646442,6.3026157166959,4.76580578715604,5.90543,4.09751,4.47361
2.98920015801699,6.22463803870874,4.78428681366436,5.90543,4.00073,4.47361
3.0144356198492,6.17318538985397,4.80257849429957,5.90543,4.00073,4.47361
3.00652773017492,6.15226611559058,4.82158323400155,5.90543,4.00073,4.47361
2.98677026121518,6.11086230858447,4.84022042697819,5.88563,3.93695,4.45711
2.9989992860913,6.06275549755293,4.8589188271468,5.88563,3.93695,4.45711
2.99802593582427,6.02942766676699,4.87734507939323,5.88563,3.93695,4.45711
3.0034295071223,5.99127426281657,4.89511583708341,5.88563,3.93695,4.45711
3.03022853230315,5.93848450354981,4.91268418839482,5.86144,3.96994,4.4824
2.97729201499088,5.91156953545873,4.92906177872857,5.86144,3.96994,4.4824
3.00263746526979,5.86718475116099,4.94618392858237,5.86144,3.96994,4.4824
2.99794664843798,5.82332908004516,4.96336711228679,5.86144,3.96994,4.47361
3.02232295629641,5.79953451131645,4.98144234234202,5.86474,3.96004,4.47361
2.99039195801913,5.75520808901641,5.00026055683312,5.86474,3.96004,4.47361
3.01066803841882,5.70405764230826,5.01911140034236,5.86474,3.96004,4.47361
3.01012140642221,5.62624623190468,5.03892923446516,5.90652,3.90726,4.40103
3.00858363572503,5.5971666349294,5.05981304377426,5.90652,3.90726,4.40103
2.97626461121733,5.56439226325102,5.08124010070398,5.90652,3.90726,4.40103
2.98740544355085,5.51728977913739,5.10316962754994,5.90652,3.90726,4.34384
3.01830075137899,5.46808832475045,5.12646134539301,5.91972,3.88966,4.34384
3.02416073187294,5.46746891511454,5.14961765074498,5.91972,3.88966,4.34384
2.98262583173499,5.44758480255426,5.1728240042531,5.91972,3.88966,4.34384
3.00885104964801,5.41466501793031,5.19575442142985,5.91972,3.94795,4.27346
2.99682789301344,5.39959738336062,5.21850964157649,5.91312,3.94795,4.27346
3.00224594453161,5.38957677991166,5.24046592004368,5.91312,3.94795,4.27346
3.00656882969632,5.37658079713655,5.26043546448792,5.91312,3.94795,4.27346
3.00012767650938,5.37344417360114,5.27889577316802,5.90982,4.03152,4.24597
3.01337514450573,5.35527705526804,5.29594851907939,5.90982,4.03152,4.24597
2.99705918551874,5.33434456798911,5.31078185983999,5.90982,4.03152,4.24597
3.01297565866671,5.35765928737392,5.32365670915822,5.90982,4.03152,4.29326
2.98965683485441,5.34546763327683,5.33399795663118,5.89553,4.02933,4.29326
3.01680659706606,5.30914885923853,5.3420443997757,5.89553,4.02933,4.29326
3.00189223861102,5.26935690032473,5.34836260658317,5.89553,4.02933,4.29326
2.97417608533404,5.24400742304101,5.35257338563558,5.87353,3.94905,4.35484
2.9951922152308,5.23486255372141,5.35544380075674,5.87353,3.94905,4.35484
3.00547205369531,5.24898804885825,5.3568146857309,5.87353,3.94905,4.35484
3.01357911569212,5.29264329507869,5.35785367111933,5.87353,3.94905,4.35484
3.01530163392295,5.33854340756238,5.35782595325633,5.86474,3.89846,4.38783
3.01343914617721,5.38459688486909,5.35798696617058,5.86474,3.89846,4.38783
3.0057895994999,5.43993223630379,5.35803411044952,5.86474,3.89846,4.38783
2.98642203998751,5.51286621679907,5.35878690012976,5.86474,3.89846,4.36584
2.99651689025414,5.56839386123034,5.35950639023055,5.87463,3.90836,4.36584
3.01402958234388,5.6342110103149,5.3609921686385,5.87463,3.90836,4.36584
3.00233904981832,5.68018431104463,5.36309446651133,5.87463,3.90836,4.36584
2.976428536316,5.69298720343889,5.3664628654072,5.87683,3.94575,4.32405
2.99419283477301,5.71189921373993,5.36979061681709,5.87683,3.94575,4.32405
3.03451687022737,5.74009820014332,5.37391333347566,5.87683,3.94575,4.32405
3.02573809130466,5.71120788599115,5.37828459648678,5.87683,3.94575,4.32405
3.00801992972125,5.64149563985508,5.38264217523883,5.88343,3.98644,4.27456
2.97822738287833,5.57650443126859,5.38710704355483,5.88343,3.98644,4.27456
2.98338638183323,5.50080537230921,5.39118099791741,5.88343,3.98644,4.27456
2.98434653535952,5.42240116019793,5.39572158703973,5.88343,3.98644,4.23167
3.02005872177355,5.36224100399663,5.3995682592441,5.88123,4.03922,4.23167
3.01133611296745,5.32898304673579,5.40395557529308,5.88123,4.03922,4.23167
3.00548525410706,5.26920841072066,5.40758408758066,5.88123,4.03922,4.23167
3.00768674201111,5.21815906656954,5.41133659598446,5.88453,4.08101,4.28886
3.00137860788656,5.18732584891625,5.41480816303269,5.88453,4.08101,4.28886
3.00731173931053,5.16209687942969,5.41789271335362,5.88453,4.08101,4.28886
2.9897522455399,5.15229691366175,5.42079937056837,5.88453,4.08101,4.38563
3.00396776740751,5.15641197573118,5.42369625260923,5.91092,4.00843,4.38563
3.00096591845103,5.15851293517286,5.4266593737444,5.91092,4.00843,4.38563
3.0176062873439,5.14163685328602,5.4295324588618,5.91092,4.00843,4.38563
2.99995514394839,5.12815868029534,5.43229816217094,5.91092,3.87207,4.41752
3.0182590304499,5.13732097589319,5.43553781414306,5.92082,3.87207,4.41752
3.00516559221131,5.12884442973637,5.43863659306164,5.92082,3.87207,4.41752
2.99520827025576,5.09172772885302,5.44134193809922,5.92082,3.87207,4.41752
2.9869161735939,5.07292284710418,5.44462782538577,5.91972,3.84897,4.38233
2.97116846996564,5.06273298196389,5.44731196802274,5.91972,3.84897,4.38233
2.98251880012036,5.05946544444319,5.44930060495694,5.91972,3.84897,4.38233
2.99924783577507,5.10068261378274,5.45025561639563,5.91972,3.84897,4.35814
3.0369689243185,5.13857592703637,5.45129340926374,5.92412,3.92045,4.35814
3.02528862183311,5.16180862744107,5.45108342947437,5.92412,3.92045,4.35814
3.04408911772788,5.17539343929873,5.45027398351744,5.92412,3.92045,4.35814
3.00787093466995,5.20557201418034,5.44767232205309,5.92082,3.98314,4.35484
2.99349102462681,5.24530110812499,5.44403653306909,5.92082,3.98314,4.35484
2.98074294626471,5.26979674684557,5.4386043444851,5.92082,3.98314,4.35484
2.99309383137901,5.29267563770812,5.43244608189348,5.92082,3.98314,4.35484
2.98023545423716,5.32781480989465,5.42490123720953,5.91642,4.00733,4.32515
2.98904268420684,5.37367524645907,5.41555914773052,5.91642,4.00733,4.32515
2.99531475061004,5.43639449863856,5.40568268273973,5.91642,4.00733,4.32515
2.99740341042359,5.47477556070606,5.39467703997291,5.91642,4.00733,4.28446
3.01200631053294,5.4842164240934,5.38328043864184,5.91422,4.02823,4.28446
3.04145754397469,5.47868680413408,5.37109339588133,5.91422,4.02823,4.28446
3.02484585315584,5.48980467042902,5.35913161712913,5.91422,4.02823,4.28446
3.00113917355248,5.51397469162659,5.34732276620666,5.91422,4.03702,4.27676
3.01279081732646,5.55330088418742,5.3360165481993,5.91092,4.03702,4.27676
2.97065807427632,5.62218593093781,5.32539234846691,5.91092,4.03702,4.27676
2.98457166036862,5.65568384544623,5.31635422188619,5.91092,4.03702,4.27676
2.98432854956006,5.69439840252622,5.30827011276826,5.91422,4.03592,4.30535
3.0197885819176,5.74273739257776,5.3020956198189,5.91422,4.03592,4.30535
2.99972797331896,5.78811878410084,5.29734058627688,5.91422,4.03592,4.30535
3.02550927996282,5.81434284594708,5.2939039721952,5.91422,4.03592,4.34164
2.99944944406304,5.83541831123264,5.29216771564774,5.92412,4.00733,4.34164
3.0114806384858,5.83567242598719,5.2916373443832,5.92412,4.00733,4.34164
2.9976507310435,5.82057251542714,5.29281637235366,5.92412,4.00733,4.34164
3.00686505312266,5.81114935493702,5.2945342485995,5.91752,3.97654,4.38673
2.99086344263942,5.80673986047065,5.29760493693746,5.91752,3.97654,4.38673
2.97809471311879,5.74765333942881,5.30045543315861,5.91752,3.97654,4.38673
3.02362184928211,5.64556099174551,5.30365537778197,5.91752,3.97654,4.38673
3.00635608258182,5.55484215429851,5.3064149760488,5.89663,3.97984,4.42082
3.00861696667614,5.44562942384912,5.30956394360675,5.89663,3.97984,4.42082
2.99881200088582,5.36184932596664,5.31185562346512,5.89663,3.97984,4.42082
3.00634986805088,5.28286285123018,5.31371891806466,5.89663,4.00733,4.42852
2.99834121937088,5.19310530102284,5.31530877971731,5.88893,4.00733,4.42852
2.98408028428286,5.12668950588989,5.31634844280912,5.88893,4.00733,4.42852
3.00737600685981,5.07160213360542,5.31707951046496,5.88893,4.00733,4.42852
3.01564425328929,5.02795270583792,5.3176593957885,5.89333,4.01283,4.43952
3.0003374084535,4.99180353407018,5.31816735060008,5.89333,4.01283,4.43952
3.02509200028639,4.96328120346347,5.31847321630918,5.89333,4.01283,4.43952
2.99611158786517,4.96443254759344,5.31940636552312,5.89333,4.01283,4.44062
2.99644761777379,4.96251684780851,5.31989753408148,5.89883,3.98864,4.44062
3.00706440824169,4.95759368883913,5.32168454845483,5.89883,3.98864,4.44062
2.99788766082428,4.97898389991689,5.32388243526266,5.89883,3.98864,4.44062
2.99875895462614,4.99183587474566,5.32762810619181,5.87903,3.96334,4.45271
2.990057887268,4.96044658400761,5.33191149738469,5.87903,3.96334,4.45271
3.00132172759182,4.91768217529605,5.33824785953726,5.87903,3.96334,4.45271
2.98449867035054,4.91483167599599,5.34593579789244,5.87903,3.96334,4.45271
3.01632119471007,4.90855309781393,5.35556619157191,5.86034,3.97104,4.44941
3.01266789148113,4.88950504644037,5.3667890947885,5.86034,3.97104,4.44941
3.02917847826385,4.89267340002436,5.38005094576193,5.86034,3.97104,4.44941
2.99433248814047,4.94780885776068,5.39506717375352,5.86034,3.97104,4.41532
2.99946644071505,4.96206520746171,5.4106919159423,5.87463,3.98314,4.41532
3.01074087390901,4.98283712561403,5.4287928069341,5.87463,3.98314,4.41532
3.00358487832916,5.00639640963868,5.44783522726876,5.87463,3.98314,4.41532
3.00409623873557,5.02412454272596,5.46921935884435,5.87463,3.98864,4.36474
2.98504191232045,5.02628200960974,5.49159346141509,5.86584,3.98864,4.36474
2.99912119073115,5.03425467194886,5.51612862727857,5.86584,3.98864,4.36474
3.00499323857503,5.0443401545939,5.54215863002203,5.86584,3.98864,4.36474
2.997379727824,5.0525929546162,5.56994671674278,5.83944,4.04252,4.29875
2.98854721236107,5.06723151985401,5.59818818235462,5.83944,4.04252,4.29875
3.02555581212773,5.03057081171088,5.62809713934424,5.83944,4.04252,4.29875
2.995618569805,4.97927714809224,5.65882349331059,5.83944,4.04252,4.23167
2.99183451355547,4.91493229111799,5.69030845522474,5.88233,4.06672,4.23167
2.98865538325346,4.83999545882328,5.72275747462607,5.88233,4.06672,4.23167
3.02950120546862,4.80292510944898,5.75755199030591,5.88233,4.06672,4.23167
3.03303271533576,4.72964292105667,5.79209502512535,5.90872,4.01393,4.19868
3.02653192050762,4.67169190095565,5.8269980123002,5.90872,4.01393,4.19868
3.0109617447193,4.62326788151616,5.86152934052957,5.90872,4.01393,4.19868
2.99227656129506,4.59715413567673,5.89562840187077,5.90872,4.01393,4.19868
2.96633796989932,4.5539262487424,5.92978508976329,5.93512,3.93475,4.29545
2.93732240701144,4.52127369538963,5.96228166638158,5.93512,3.93475,4.29545
2.98464256505865,4.46731650329926,5.99330638335026,5.93512,3.93475,4.29545
2.99235010838036,4.41618374214718,6.02129765581399,5.93512,3.82698,4.38233
3.06029232075991,4.36488644396071,6.0480741614459,5.93072,3.82698,4.38233
3.03703031761573,4.33591459444544,6.07093173646531,5.93072,3.82698,4.38233
3.06444268679604,4.29896769348273,6.09079698878193,5.93072,3.82698,4.38233
3.02842105324864,4.27028107470087,6.10665873932602,5.89883,3.78519,4.38343
3.00206477069875,4.24838551334378,6.1187339164531,5.89883,3.78519,4.38343
2.91013674798237,4.2012278119663,6.1272054453535,5.89883,3.78519,4.38343
2.95151159226755,4.16314917442726,6.13078022122797,5.89883,3.78519,4.35704
2.96448072624137,4.14160063370378,6.13064752605424,5.89553,3.87647,4.35704
2.98153815049726,4.1253334539909,6.12681249354263,5.89553,3.87647,4.35704
3.07701424005688,4.13823044761647,6.11985670181732,5.89553,3.87647,4.35704
3.12518218458058,4.15618227848113,6.10954964825433,5.90652,3.98094,4.35044
2.98273380783379,4.18258161413869,6.09746934814228,5.90652,3.98094,4.35044
2.97518193438091,4.21150748311442,6.08309183846949,5.90652,3.98094,4.35044
2.95859912218548,4.24924998653493,6.06765770831256,5.90652,3.98094,4.35044
2.99835300283392,4.30568598736023,6.05089850463417,5.90872,4.02493,4.30535
3.02795482326953,4.35558006572416,6.03451992556991,5.90872,4.02493,4.30535
2.99001200983806,4.44733712395904,6.01767264871117,5.90872,4.02493,4.30535
2.97398768144098,4.51602168048962,6.00170703254291,5.90872,4.02493,4.27896
2.97101807817608,4.57327081800257,5.98626332200021,5.90652,4.01063,4.27896
3.05425828896672,4.66652586902253,5.97219856028444,5.90652,4.01063,4.27896
3.01102166404248,4.77076729168758,5.95981319459642,5.90652,4.01063,4.27896
3.03232071290949,4.80820352016456,5.94861920745151,5.90652,3.98864,4.32075
2.99524800973682,4.83512654437458,5.9391652690645,5.87793,3.98864,4.32075
3.01266072434177,4.87953357044739,5.93163298566163,5.87793,3.98864,4.32075
3.0028584747657,4.9268909731118,5.92683488658898,5.87793,3.98864,4.32075
2.96229924583901,4.98576234905578,5.92445877097525,5.84604,3.98314,4.37683
2.98756077440298,5.06163751442529,5.92431000328026,5.84604,3.98314,4.37683
2.99408814194852,5.14836797387728,5.92539106074056,5.84604,3.98314,4.37683
3.01746475240718,5.25046169492547,5.92892371979589,5.84604,3.98314,4.35264
3.00778794574517,5.34043648385999,5.93261416059352,5.88673,3.96664,4.35264
3.01096724698354,5.43095178439899,5.93802431654306,5.88673,3.96664,4.35264
3.0102884454788,5.53344698541048,5.94403740755132,5.88673,3.96664,4.35264
3.03063143059607,5.62606317058481,5.95175477019024,5.91422,3.93695,4.30205
3.01404216093247,5.71007362754311,5.96131652030781,5.91422,3.93695,4.30205
3.012019803764,5.816009365705,5.97229359731581,5.91422,3.93695,4.30205
2.95820428820161,5.8510149902131,5.98286095439037,5.91422,3.93695,4.30205
2.98826479766324,5.90467800931107,5.99380111259392,5.94391,3.93035,4.30865
2.97522593680109,5.93759843971049,6.00361867490527,5.94391,3.93035,4.30865
3.00830169165105,5.94614578020677,6.01303805612784,5.94391,3.93035,4.30865
3.01812816958167,5.91435059960034,6.0228594750513,5.94391,3.88856,4.32185
3.00666238429647,5.87517721960651,6.03134238355275,5.97801,3.88856,4.32185
2.98838546087205,5.83105121498536,6.03865320517205,5.97801,3.88856,4.32185
3.03519910743423,5.7392289271962,6.04391874263912,5.97801,3.88856,4.32185
3.03815368610678,5.67241474858095,6.04791476070685,5.95381,3.86107,4.34604
3.05214020948709,5.60036896896112,6.04996192124072,5.95381,3.86107,4.34604
2.97820388545667,5.510306125615,6.05008683636722,5.95381,3.86107,4.34604
2.94059398884495,5.40496797841685,6.04686952739657,5.95381,3.86107,4.39113
2.96921820393539,5.30899713792951,6.04163935877237,5.92852,3.89406,4.39113
2.96266921317334,5.20062643360782,6.03357459634161,5.92852,3.89406,4.39113
2.99044228712701,5.09918612645617,6.0221259357011,5.92852,3.89406,4.39113
3.01359286736056,5.00130200644521,6.00777990980468,5.89003,3.94135,4.39333
3.11277419245333,4.91720609204528,5.99145939021755,5.89003,3.94135,4.39333
3.06692416014072,4.84146338015174,5.97393359021415,5.89003,3.94135,4.39333
2.9778685829296,4.76412887978761,5.95414160602515,5.89003,3.94135,4.39333
2.99060176284407,4.69836042203537,5.93342865538273,5.86474,4.01063,4.31965
2.96387355839879,4.6157001282824,5.91130755876602,5.86474,4.01063,4.31965
2.93232895180612,4.56945816853709,5.88973503008078,5.86474,4.01063,4.31965
2.9731262367376,4.56347837743647,5.86757435956147,5.86474,4.01063,4.25367
3.03110778366145,4.55505179976114,5.84752212835743,5.87903,4.04692,4.25367
3.01896684999568,4.59967914454078,5.82745019182386,5.87903,4.04692,4.25367
3.03433947256453,4.6645357881717,5.80972800369013,5.87903,4.04692,4.25367
3.0248962243946,4.74256792409399,5.79358173997883,5.87903,4.02163,4.23387
3.0032495070082,4.83888520652328,5.7799756577257,5.90213,4.02163,4.23387
3.04249580672627,4.9339459589736,5.76912545237516,5.90213,4.02163,4.23387
2.99922294579695,5.04427996287497,5.76090781011998,5.90213,4.02163,4.23387
2.97134775285649,5.15229823413963,5.75507424616505,5.88563,3.98094,4.25587
2.99129235404548,5.29339439785124,5.75196796450464,5.88563,3.98094,4.25587
2.96038395379727,5.42995103777618,5.75187524422962,5.88563,3.98094,4.25587
2.97599924256865,5.56527448435839,5.75552673974343,5.88563,3.98094,4.30315
2.99388755574809,5.69251729972288,5.76138378574615,5.83065,3.97984,4.30315
3.06203881207971,5.79656503475842,5.76923063488643,5.83065,3.97984,4.30315
3.05975209720321,5.86771374832833,5.78014202701965,5.83065,3.97984,4.30315
2.98908824813791,5.9048452917214,5.79237138899384,5.83834,4.00403,4.27786
2.98872064413835,5.93806535639313,5.80705991599544,5.83834,4.00403,4.27786
2.9648911484054,5.95741771183769,5.82337879582495,5.83834,4.00403,4.27786
3.0049195703936,5.97055560927387,5.84205241831624,5.83834,4.00403,4.27786
2.98908450443895,5.98985837111501,5.86221642079603,5.92302,3.98424,4.18658
3.05182122482153,6.02445553628727,5.88261393492443,5.92302,3.98424,4.18658
2.99891523300981,6.01154736506071,5.90397724306156,5.92302,3.98424,4.18658
3.01932080364833,6.01623805139746,5.92618492841454,5.92302,3.92925,4.19318
2.99885500036821,6.01897009885229,5.94802920701077,5.97581,3.92925,4.19318
2.99379585717122,6.00974470120183,5.96966110405342,5.97581,3.92925,4.19318
2.98900389666461,5.99819379900272,5.99121536036656,5.97581,3.92925,4.19318
2.98106977180989,5.98364586313868,6.01204620109197,5.96151,3.89406,4.29655
2.98747422449801,5.97043448797236,6.03262764076646,5.96151,3.89406,4.29655
2.98165112679704,5.92108330935693,6.05171408300823,5.96151,3.89406,4.29655
3.02853165685531,5.88058688977018,6.06858237996769,5.96151,3.89406,4.40433
3.04292400641936,5.8207671601301,6.08481728407658,5.90982,3.88746,4.40433
3.01966276651346,5.72599822320676,6.09835327712683,5.90982,3.88746,4.40433
3.00970093143418,5.61882910437112,6.10892038843495,5.90982,3.88746,4.40433
3.00562607991812,5.53171488426867,6.1173273682777,5.89113,3.89296,4.46041
2.96535068057588,5.43919496902566,6.12302344177741,5.89113,3.89296,4.46041
3.01142045465182,5.33912595774472,6.12652017381218,5.89113,3.89296,4.46041
3.01000854889994,5.26989040957136,6.12635781344105,5.89113,3.89296,4.46041
2.97652070180412,5.24402199189349,6.12476389265367,5.88783,3.89516,4.47691
2.99258306186625,5.1763755639796,6.12142246601447,5.88783,3.89516,4.47691
3.01032473144898,5.11189043329709,6.11514367108441,5.88783,3.89516,4.47691
3.01039840351618,5.05644029719502,6.1075985938602,5.88783,3.89516,4.47911
3.02648498235197,5.00219187247836,6.09805174131016,5.87133,3.92925,4.47911
3.00039098896044,4.97894698688641,6.08769056308733,5.87133,3.92925,4.47911
2.9827088997864,4.95218263677287,6.07632531626776,5.87133,3.92925,4.47911
2.98303149996693,4.92768819572474,6.0662966766244,5.87133,3.98974,4.46921
3.01836424806399,4.92252656240704,6.05562686276547,5.83834,3.98974,4.46921
3.03753612300325,4.91230891610073,6.0468831867062,5.83834,3.98974,4.46921
2.99506296494244,4.89410048989705,6.03777260819812,5.83834,3.98974,4.46921
2.99796963097052,4.85112391892865,6.0304780282911,5.83834,4.04692,4.41312
3.01550155032486,4.82263188156999,6.02436653532548,5.83834,4.04692,4.41312
2.96735632944614,4.80822392915634,6.01938634152416,5.83834,4.04692,4.41312
2.9758941665433,4.79399169436915,6.01582087944322,5.83834,4.04692,4.31855
3.0070268725978,4.80260532638891,6.01266131467956,5.94501,4.02603,4.31855
3.04029054119332,4.86203594559999,6.01070450302937,5.94501,4.02603,4.31855
3.038700188406,4.91496873239477,6.00969349377536,5.94501,4.02603,4.31855
2.98411437273249,4.94504002614448,6.00865966773243,6.01979,3.90836,4.27126
3.01686641849437,4.98802217381172,6.00703416439033,6.01979,3.90836,4.27126
2.99640771106398,5.02542742083817,6.0051664434424,6.01979,3.90836,4.27126
2.97378594021082,5.0752822865093,6.00116334398048,6.01979,3.90836,4.27126
2.99128530832106,5.13729401152665,5.99600008757604,5.9835,3.83358,4.30205
2.97540265044757,5.18698036190694,5.98914845771026,5.9835,3.83358,4.30205
2.97840440424021,5.2333648019053,5.97972905161661,5.9835,3.83358,4.30205
3.02636323553992,5.2730764991812,5.96769706495625,5.9835,3.85337,4.37023
3.05579385045169,5.32747966767091,5.9537057689147,5.93402,3.85337,4.37023
3.02768884800311,5.32840421442067,5.93704886784265,5.93402,3.85337,4.37023
3.04182630228377,5.30316727904672,5.91829856241085,5.93402,3.85337,4.37023
2.95140557899407,5.28602663020646,5.89790430599036,5.89663,3.89956,4.40652
3.00861062519371,5.26342453777679,5.87540099535375,5.89663,3.89956,4.40652
2.98666644307012,5.24047721523159,5.85133239853109,5.89663,3.89956,4.40652
2.98096396053428,5.22611805815665,5.82677215681184,5.89663,3.89956,4.39883
2.98912560666486,5.26649806078516,5.80232215657011,5.85264,3.94905,4.39883
2.98752991808241,5.26138153857709,5.77777135647694,5.85264,3.94905,4.39883
3.01317351776362,5.25945906009149,5.75388050747419,5.85264,3.94905,4.39883
3.02806660485075,5.26214484187488,5.73219946569379,5.82075,4.01833,4.36144
3.01651457982622,5.26076631422816,5.71168002001255,5.82075,4.01833,4.36144
3.00746081692607,5.28116457844807,5.69378995172582,5.82075,4.01833,4.36144
3.01449883674003,5.30136889738435,5.67875697787234,5.82075,4.01833,4.36144
2.99192283349597,5.31220159786969,5.66770860099955,5.80645,4.08101,4.32295
2.99953576855438,5.3071650902532,5.66117707466653,5.80645,4.08101,4.32295
2.99519865911229,5.32524651324347,5.65684142346702,5.80645,4.08101,4.32295
2.99829450351649,5.3427495713962,5.65701822491983,5.80645,4.08101,4.25587
2.9947922445633,5.28800963127694,5.66204714662532,5.80095,4.08651,4.25587
3.01772989588636,5.2438181608778,5.67084177437444,5.80095,4.08651,4.25587
2.99875977839912,5.20062466628642,5.68423014472472,5.80095,4.08651,4.25587
3.00157201155255,5.15757541716054,5.70101738201914,5.80095,4.08101,4.19868
3.02074881302886,5.12075179311192,5.721135971418,5.78886,4.08101,4.19868
2.9933244781058,5.10979954782395,5.74509520016452,5.78886,4.08101,4.19868
2.99596360619408,5.11935041716268,5.77217880746614,5.78886,4.08101,4.19868
3.00215393701121,5.11056214227666,5.80111913135075,5.85264,4.05242,4.17559
2.99658903802499,5.10793207257845,5.83292406523998,5.85264,4.05242,4.17559
2.99814035213309,5.11735336643644,5.86417064747022,5.85264,4.05242,4.17559
3.00535006901446,5.1214220373779,5.89692767839129,5.85264,4.05242,4.15029
3.01786406346971,5.14647581994501,5.92999240414235,5.90872,3.94795,4.15029
2.99857977039645,5.16241357335572,5.96288315943233,5.90872,3.94795,4.15029
3.01942320350184,5.16741562533665,5.9945868363019,5.90872,3.94795,4.15029
3.00852222210005,5.1695935410318,6.02506328939336,5.96041,3.83908,4.16129
3.01439801006377,5.20357279708202,6.05283000050718,5.96041,3.83908,4.16129
2.99369978929442,5.20052641180153,6.07795546218463,5.96041,3.83908,4.16129
2.93070856567832,5.14328881404756,6.1003086222646,5.96041,3.83908,4.16129
2.9921762374988,5.10898869967913,6.11907705594228,6.0187,3.7313,4.18438
3.05312011131514,5.0708187240602,6.13416865281922,6.0187,3.7313,4.18438
3.02947813344281,5.03536357375734,6.14488261380871,6.0187,3.7313,4.18438
3.02007948644873,5.01060800568015,6.15170071439359,6.0187,3.7445,4.28006
2.99019101153306,5.01739748844479,6.15463024986545,5.93952,3.7445,4.28006
3.00203644757952,5.0302629797508,6.15339336480962,5.93952,3.7445,4.28006
3.01006129732596,5.02184093357966,6.1489296283981,5.93952,3.7445,4.28006
2.97834555069528,5.03569074948134,6.14090951739405,5.83394,3.91496,4.43182
2.97414609308232,5.04872468524054,6.12977901062728,5.83394,3.91496,4.43182
2.98669167086691,5.06181422482118,6.11678083646186,5.83394,3.91496,4.43182
2.97028708411903,5.08960428054223,6.10117201556985,5.83394,3.91496,4.45491
3.02688991966238,5.10758785243525,6.08417277944085,5.85594,4.01943,4.45491
3.06090874754758,5.11471659000081,6.0654968222936,5.85594,4.01943,4.45491
3.05501787772874,5.12322610276899,6.04636395994262,5.85594,4.01943,4.45491
3.01321773130758,5.16183819180923,6.02666284391735,5.89333,3.97544,4.34384
3.00876070099824,5.12773709340504,6.0073477931208,5.89333,3.97544,4.34384
2.94475322379868,5.08598202074095,5.98908345922679,5.89333,3.97544,4.34384
2.96417587263757,5.05405742417548,5.97132237373595,5.89333,3.97544,4.34384
3.00563755458947,5.02046265814456,5.95511226639515,5.81305,3.95894,4.33394
3.00516217993709,4.99176344953263,5.94115621629283,5.81305,3.95894,4.33394
2.99216816530461,4.98373589551643,5.92932444793672,5.81305,3.95894,4.33394
2.99330882336508,5.00418797072592,5.92043496915215,5.81305,3.95894,4.41202
3.01135792328344,5.00906968203371,5.91502688087482,5.75806,3.99743,4.41202
3.01035263237022,5.01952948512196,5.90889709300258,5.75806,3.99743,4.41202
3.00425911275773,5.03805777899435,5.90650510252703,5.75806,3.99743,4.41202
3.03953468133284,5.05213955011324,5.90731130060658,5.75806,3.95674,4.37023
2.99560509359033,5.08502769400466,5.9100348813495,5.85814,3.95674,4.37023
3.02284699296006,5.11458453799459,5.91450893599913,5.85814,3.95674,4.37023
3.04086795310422,5.13843975656556,5.91962804288371,5.85814,3.95674,4.37023
2.96681784381983,5.15530191852954,5.92648723130897,5.94282,3.81598,4.24157
3.00739477273042,5.18572793972548,5.9351130378779,5.94282,3.81598,4.24157
2.97276680003294,5.21177095942639,5.94584001005201,5.94282,3.81598,4.24157
2.98252188841254,5.17614399776997,5.95419711549156,5.94282,3.81598,4.22837
2.9795209070919,5.14596806646542,5.96369626917747,5.95711,3.7401,4.22837
3.00569966363454,5.1185048080785,5.9730555829583,5.95711,3.7401,4.22837
3.00448299454243,5.09070242500931,5.98138012666213,5.95711,3.7401,4.22837
2.96600106743756,5.07108217959186,5.98885569406424,5.97141,3.78079,4.22617
3.03291693578987,5.06941921621637,5.99513068648172,5.97141,3.78079,4.22617
3.04958524380226,5.09714824976555,5.99944235867742,5.97141,3.78079,4.22617
3.05429148570864,5.0952125539399,6.00189160320438,5.97141,3.78079,4.22617
3.04635080633729,5.10932616378588,6.00209147769741,5.95381,3.88636,4.23277
2.99983114426559,5.12826654814578,5.99994560158363,5.95381,3.88636,4.23277
2.88100799119289,5.13520398992486,5.99567614107645,5.95381,3.88636,4.23277
3.02639163749481,5.17020287317671,5.99035138861028,5.95381,3.98644,4.37793
3.01105805798287,5.19573922045993,5.98297489168966,5.89223,3.98644,4.37793
2.97657570681846,5.21472310738154,5.9734968759378,5.89223,3.98644,4.37793
2.95829727303186,5.227297299054,5.96320589847593,5.89223,3.98644,4.37793
2.97476601611886,5.25238992133176,5.95285317043721,5.87573,3.97104,4.47911
3.05199586682721,5.25249201294415,5.94064742039602,5.87573,3.97104,4.47911
3.08677751662731,5.20055425861007,5.92893734255811,5.87573,3.97104,4.47911
3.06910979658745,5.16399637431317,5.91615348385112,5.87573,3.97104,4.42082
2.88209510364636,5.12370229411173,5.90334191724606,5.89773,3.86987,4.42082
3.02329074975545,5.08592619562865,5.89223815295433,5.89773,3.86987,4.42082
3.04167439922969,5.05801082753572,5.88011665703735,5.89773,3.86987,4.42082
2.97457654560838,5.06188229591332,5.86957147099567,5.89553,3.80169,4.39773
2.9794543734262,5.05598317306641,5.86059660185594,5.89553,3.80169,4.39773
2.99236392550493,5.04109209631029,5.85251994077845,5.89553,3.80169,4.39773
3.00127161418474,5.03781816044175,5.845506412589,5.89553,3.80169,4.39773
2.99513509977747,5.0341767103514,5.84041827142047,5.88123,3.81928,4.42192
3.02885540908789,5.04204057241012,5.83677012224946,5.88123,3.81928,4.42192
2.99521150990072,5.05610567996494,5.83360310601724,5.88123,3.81928,4.42192
2.98784673031184,5.05744178699093,5.83251269265569,5.88123,3.81928,4.43842
3.04495242755142,5.05423793792021,5.83251683980405,5.88783,3.87977,4.43842
2.9986271309462,5.06019115160849,5.8328599328347,5.88783,3.87977,4.43842
2.98306500495925,5.07369920812924,5.83272696206838,5.88783,3.87977,4.43842
3.03173161116755,5.04506100261216,5.83325577569936,5.88783,3.88526,4.47031
3.0416977633363,4.9922200544668,5.83141120907876,5.89113,3.88526,4.47031
2.9657702505581,4.95506546926143,5.8310238738975,5.89113,3.88526,4.47031
2.98704476441226,4.91777343793664,5.83056339859033,5.89113,3.88526,4.47031
2.96703695164651,4.89032669056404,5.82953130552838,5.85044,3.87317,4.42962
2.97942583663582,4.87175617379889,5.82692538076768,5.85044,3.87317,4.42962
3.02639722193652,4.91192686894578,5.82351051456974,5.85044,3.87317,4.42962
2.98941678275965,4.91217249486407,5.82035191591522,5.85044,3.87317,4.31415
3.03249044413952,4.92352366436814,5.81761284544295,5.88123,3.93035,4.31415
3.0611603460146,4.94791933091221,5.81595945312909,5.88123,3.93035,4.31415
2.9824730556871,4.96573255481282,5.81185550816074,5.88123,3.93035,4.31415
2.98366096625584,5.00480373128233,5.80875758184701,5.95051,3.97214,4.20088
3.0039936581446,5.04100775795896,5.80631234484065,5.95051,3.97214,4.20088
2.99575011398148,5.06669132072587,5.80368059154166,5.95051,3.97214,4.20088
3.02084228935968,5.08096421282816,5.80140037145836,5.95051,3.97214,4.20088
3.03922891034728,5.10922662039705,5.79976718858181,5.96041,3.99304,4.16459
2.99528813938921,5.14379720910084,5.79840052803861,5.96041,3.99304,4.16459
2.93700779485889,5.10571857590578,5.79722245977699,5.96041,3.99304,4.16459
2.92052205085725,5.07753007173099,5.79621005531916,5.96041,3.99084,4.19868
3.01196626642519,5.04932105751577,5.79528776130546,5.94391,3.99084,4.19868
3.05464693460601,5.02031527101673,5.79405503180461,5.94391,3.99084,4.19868
3.08124322479661,5.00181048348293,5.79370196283483,5.94391,3.99084,4.19868
3.05291408047722,5.01688205045157,5.79285946253104,5.93402,3.96444,4.25696
2.99001225242827,5.03827947879666,5.79100230141269,5.93402,3.96444,4.25696
2.9333302335774,5.03615614998685,5.78919855190687,5.93402,3.96444,4.25696
2.97634028972442,5.0464463952327,5.78797147499094,5.93402,3.96444,4.37353
3.00335001000656,5.06604215269989,5.78586469979301,5.89553,3.93145,4.37353
3.01998522122835,5.07981439383114,5.78393509337664,5.89553,3.93145,4.37353
3.00790536626981,5.11669020127121,5.78187495338797,5.89553,3.93145,4.37353
3.0079218092679,5.14522353215945,5.78012051052936,5.85484,3.89736,4.45821
2.98246563464625,5.16048364586608,5.7794956909542,5.85484,3.89736,4.45821
2.98829384485377,5.17086646406874,5.77903335832011,5.85484,3.89736,4.45821
3.02109954369871,5.20368243333293,5.78049806317202,5.85484,3.89736,4.45821
3.03043983861609,5.20409610910633,5.78437407499586,5.84274,3.86657,4.45931
3.02589693363502,5.15407811306111,5.78914473229442,5.84274,3.86657,4.45931
2.98973272397564,5.12143330203742,5.79514461111954,5.84274,3.86657,4.45931
2.98530159765343,5.08499788441112,5.80308051949974,5.84274,3.86657,4.39553
2.96183819437693,5.05095091238421,5.81317751667327,5.84824,3.84677,4.39553
3.01165036166203,5.03290707878842,5.82564534459931,5.84824,3.84677,4.39553
3.02638020035392,5.04295265211634,5.84029487206064,5.84824,3.84677,4.39553
3.02288616518122,5.04089431756813,5.85631509196868,5.84824,3.85447,4.31965
2.99843860221135,5.03631759895981,5.87389714396524,5.85924,3.85447,4.31965
2.97941773690776,5.04373134959223,5.89185489998482,5.85924,3.85447,4.31965
2.99809104853817,5.05117512033144,5.9112428623445,5.85924,3.85447,4.31965
3.01900393841223,5.06030452172151,5.93069771891849,5.90543,3.88636,4.24597
3.01711635590614,5.08262470897323,5.95032620975331,5.90543,3.88636,4.24597
2.99643393822914,5.09415151742578,5.969330744725,5.90543,3.88636,4.24597
2.9945284164451,5.09621979571043,5.98771812426572,5.90543,3.88636,4.22947
2.99332013746011,5.10318326927705,6.00304809456847,5.90872,3.89846,4.22947
2.99379581885384,5.1377619109918,6.01755173534803,5.90872,3.89846,4.22947
3.01360834104145,5.10418369800083,6.03004709000015,5.90872,3.89846,4.22947
3.04295950825967,5.05870309293452,6.03960953248388,5.90872,3.91935,4.30095
3.01139421392975,5.02479629439788,6.04669005113158,5.86584,3.91935,4.30095
2.97520826427973,4.9913379890875,6.05191682643388,5.86584,3.91935,4.30095
2.95024322281184,4.96759272376791,6.05483628624733,5.86584,3.91935,4.30095
2.98156431663653,4.96311802061749,6.0552177849927,5.85594,3.90836,4.33944
3.03944825992737,4.9884708565727,6.05425355900989,5.85594,3.90836,4.33944
3.03831817498047,4.98450640177335,6.05121679864519,5.85594,3.90836,4.33944
3.00481841598391,4.99791150839344,6.04732851241364,5.85594,3.88196,4.25916
2.99613578154248,5.0209773903992,6.04160237263789,5.90543,3.88196,4.25916
3.03109592797877,5.03479152927284,6.03506317486691,5.90543,3.88196,4.25916
3.01081677011028,5.06709658139413,6.02758566843037,5.90543,3.88196,4.25916
2.99297657069974,5.09158724681822,6.02024692258703,5.91422,3.90836,4.14479
2.95782541443579,5.10501219469175,6.0128332518706,5.91422,3.90836,4.14479
2.97632533112794,5.11693375228966,6.00648973652482,5.91422,3.90836,4.14479
3.00301872126835,5.14921262652145,6.00057483665642,5.91422,3.90836,4.24047
3.04106723461234,5.16538499567836,5.99543714228697,5.86254,4.00843,4.24047
3.00101337224816,5.12404974271692,5.99134119791523,5.86254,4.00843,4.24047
3.04242437668606,5.09269076500789,5.98772078778151,5.86254,4.00843,4.24047
2.98377532312232,5.06371651553937,5.98503024140672,5.86254,4.01943,4.35374
2.93946510899929,5.0388257809665,5.98332164839954,5.89333,4.01943,4.35374
2.99545119726301,5.02331476310464,5.98193644164682,5.89333,4.01943,4.35374
3.04142162997078,5.03942936943241,5.98105489140771,5.89333,4.01943,4.35374
3.04813021491105,5.0604867321677,5.98099556577248,5.92962,3.90396,4.29435
3.02389893112846,5.06214269467157,5.98167324664095,5.92962,3.90396,4.29435
3.02159716184049,5.08689597539147,5.98289003452955,5.92962,3.90396,4.29435
2.97418942797111,5.1182448229873,5.98450359335817,5.92962,3.90396,4.29435
2.98411904045055,5.13822857385096,5.98637662142237,5.91312,3.85667,4.20418
2.95035464373692,5.18141966026901,5.98777335147004,5.91312,3.85667,4.20418
2.96976146757528,5.21109921935727,5.98923965395275,5.91312,3.85667,4.20418
3.00097655819701,5.22972289824032,5.99100485550921,5.91312,3.93475,4.26356
3.0124876002428,5.24887290012052,5.99300758473489,5.89443,3.93475,4.26356
3.0186740677547,5.28417867117623,5.99440914744201,5.89443,3.93475,4.26356
3.0639357750108,5.28374994264762,5.99494284824137,5.89443,3.93475,4.26356
3.04328644276413,5.24567977166928,5.99564040899016,5.88453,4.05902,4.28006
3.03562887197365,5.22011996546588,5.9960924489183,5.88453,4.05902,4.28006
2.99235510165649,5.19090497415799,5.99637314705053,5.88453,4.05902,4.28006
2.94033073133643,5.16534311427907,5.99595613131186,5.88453,4.05902,4.24487
2.96095541370231,5.15293960010987,5.99563801049842,5.89663,4.1096,4.24487
2.98812326999899,5.18127831868074,5.99525773015524,5.89663,4.1096,4.24487
2.9757938739431,5.18232673770187,5.99570098870231,5.89663,4.1096,4.24487
3.00463213577655,5.18984202910031,5.99513839368087,5.89663,4.03482,4.30645
3.04765054975166,5.20690950966643,5.99610142792818,5.91422,4.03482,4.30645
3.03814080445485,5.22859091296665,5.99689741334676,5.91422,4.03482,4.30645
2.99843693203441,5.25078756048213,5.99683768603379,5.91422,4.03482,4.30645
3.00972076923316,5.28466802126471,5.99719198115879,5.90652,3.88746,4.37133
3.01392581026486,5.29869255260194,5.9980214590361,5.90652,3.88746,4.37133
2.99801881427229,5.30626610317835,5.99905156238121,5.90652,3.88746,4.37133
3.00529719785754,5.32133937617511,5.99994346596174,5.90652,3.79729,4.36913
2.99016689639098,5.3545687480256,6.00054775391238,5.89443,3.79729,4.36913
2.99580871111783,5.3349109199249,6.00039063473359,5.89443,3.79729,4.36913
2.98164371826701,5.30107259513046,6.00014637540503,5.89443,3.79729,4.36913
2.98089148808145,5.27512740736019,5.99925784192221,5.91092,3.81268,4.34714
3.00081525461221,5.24960178205371,5.99742355980185,5.91092,3.81268,4.34714
3.01724275316722,5.22973913736875,5.99522649937303,5.91092,3.81268,4.34714
3.01636231464704,5.23229151986049,5.99231709056139,5.91092,3.81268,4.35264
3.01558084695321,5.2723990333042,5.9880438792276,5.92632,3.87427,4.35264
3.02586572825585,5.28039079336147,5.98338075826235,5.92632,3.87427,4.35264
3.00705263101197,5.3034106705733,5.97693700318873,5.92632,3.87427,4.35264
2.99741565536643,5.34009763760442,5.97021593468059,5.92632,3.87867,4.37793
2.97770824713275,5.36598105783921,5.96142740597681,5.91642,3.87867,4.37793
3.01553076281416,5.40854390429814,5.95122305910699,5.91642,3.87867,4.37793
2.98652707858663,5.44758029237303,5.93859389421968,5.91642,3.87867,4.37793
2.98478410448859,5.46712784057822,5.92479991342639,5.88563,3.82918,4.36144
3.00811880108869,5.47614950588514,5.90985401284976,5.88563,3.82918,4.36144
3.01229599490681,5.51185802101595,5.89304687241498,5.88563,3.82918,4.36144
3.01191182420234,5.5382762420343,5.87551373008948,5.88563,3.82918,4.36144
3.01093570794692,5.50919112728939,5.85653516545837,5.87573,3.85337,4.22617
2.98415849185658,5.48603848837986,5.83612996061688,5.87573,3.85337,4.22617
3.00061390215187,5.46185785766624,5.81346624914503,5.87573,3.85337,4.22617
3.00849523547349,5.43862685494787,5.78942997902699,5.87573,3.95894,4.1195
3.01897353174233,5.42609996092795,5.7636303255764,5.91422,3.95894,4.1195
2.99649333877931,5.45025609525127,5.73677455761185,5.91422,3.95894,4.1195
3.00629995974847,5.46730093142637,5.70799121761492,5.91422,3.95894,4.1195
3.00074247051107,5.46975075974573,5.67738124829709,5.93402,4.00843,4.20638
2.99240276047811,5.49232689762566,5.64482688077853,5.93402,4.00843,4.20638
3.00280616534523,5.52344159076432,5.61053897209754,5.93402,4.00843,4.20638
2.99538137167312,5.54717935391532,5.57448486523949,5.93402,4.00843,4.36584
3.0366990213722,5.58534921394318,5.53669461069258,5.91862,3.94355,4.36584
2.98170858728773,5.60448190126586,5.49797380568346,5.91862,3.94355,4.36584
3.009661640346,5.60797363661836,5.4581039994748,5.91862,3.94355,4.36584
2.95214455894135,5.61712410309983,5.41808522280207,5.91862,3.84567,4.38123
3.00485848068473,5.65065254571189,5.3770037152606,5.89223,3.84567,4.38123
3.05176121363942,5.64044620411642,5.33580779704486,5.89223,3.84567,4.38123
3.01284952147131,5.59932953793716,5.29431750778979,5.89223,3.84567,4.38123
3.01781928149617,5.56690936311121,5.25381952448391,5.86144,3.88087,4.28006
2.99288007684182,5.53332127277184,5.2147008755751,5.86144,3.88087,4.28006
2.99591013035161,5.50253622381136,5.17741660397828,5.86144,3.88087,4.28006
2.94487921869331,5.49461302537008,5.14211977368351,5.86144,4.00953,4.23937
2.99543567030645,5.51243271169074,5.10999782680478,5.85594,4.00953,4.23937
3.03106895911796,5.50932242442883,5.08179177739043,5.85594,4.00953,4.23937
3.04996233625979,5.51190175534432,5.05703476956251,5.85594,4.00953,4.23937
3.01185182495115,5.53752660315803,5.03507954538535,5.89663,4.04692,4.25367
2.98087143911858,5.56283963628576,5.01652911242502,5.89663,4.04692,4.25367
2.98030183834553,5.58635505808969,5.00038989422006,5.89663,4.04692,4.25367
2.99405940685355,5.61753069516977,4.98822898207514,5.89663,4.04692,4.36584
2.99049314592901,5.62314681128374,4.98124481715166,5.90103,3.88856,4.36584
3.00395361851985,5.62260121298806,4.97816307479405,5.90103,3.88856,4.36584
3.04848793472087,5.63424621777715,4.97897063987935,5.90103,3.88856,4.36584
3.03663681112779,5.65915354437004,4.98238440434946,5.90103,3.81048,4.37793
3.01834379412121,5.62534669200002,4.98861133226528,5.85154,3.81048,4.37793
2.95277910348861,5.58699583693999,4.99635175389779,5.85154,3.81048,4.37793
2.95064367976916,5.55080708557674,5.00661433212106,5.85154,3.81048,4.37793
2.95384585987028,5.51502248197898,5.01660495228139,5.88783,3.81488,4.41202
2.98615228514682,5.4919195814126,5.03004276752569,5.88783,3.81488,4.41202
3.0454422239257,5.49186069531144,5.04367554306588,5.88783,3.81488,4.41202
3.05969760410049,5.50304326904053,5.05802109558381,5.88783,3.81488,4.41202
3.04427715053551,5.48797998793703,5.07246494294274,5.90982,3.82038,4.39113
3.08094360404628,5.50123029996541,5.08582268893084,5.90982,3.82038,4.39113
3.06340153479375,5.52681638747747,5.09937320488366,5.90982,3.82038,4.39113
2.95446777969906,5.54293415734469,5.11294969029166,5.90982,3.91386,4.22507
2.87519732045034,5.56617775874902,5.12772352383645,5.89113,3.91386,4.22507
2.85202440718939,5.57716618020318,5.14150817700724,5.89113,3.91386,4.22507
2.88023273978162,5.57249424616858,5.15555047606282,5.89113,3.91386,4.22507
3.05484319414248,5.56961611323683,5.1697468032794,5.85484,4.14919,4.1173
3.20703453873257,5.59102941095656,5.1844035686358,5.85484,4.14919,4.1173
3.14032712193663,5.59281690936236,5.19880575592535,5.85484,4.14919,4.1173
3.06753018934915,5.54771760823979,5.21271206912635,5.85484,4.14919,4.1283
2.96015220136449,5.51238159508845,5.22691863843795,5.88453,4.26356,4.1283
2.91785145486323,5.4776801010306,5.24166071951548,5.88453,4.26356,4.1283
2.89563606296575,5.4492924564411,5.25604951617917,5.88453,4.26356,4.1283
2.9339016689949,5.43155273489397,5.26987518290193,5.88453,4.09091,4.20088
2.98906250890718,5.44528619652612,5.2848996950563,5.91862,4.09091,4.20088
3.14482682907127,5.46074451135613,5.29911318291864,5.91862,4.09091,4.20088
3.08398347503693,5.47098222073073,5.31321698195273,5.91862,4.09091,4.20088
2.98783266389012,5.5012540242124,5.32652608132438,5.93512,3.81378,4.33724
2.89064697311035,5.54315959589647,5.33826306091966,5.93512,3.81378,4.33724
2.90110256687707,5.57921572083887,5.34582359761232,5.93512,3.81378,4.33724
3.00148879450202,5.62510340062699,5.3518356841749,5.93512,3.81378,4.489
3.08869466765753,5.65557187759428,5.35766426691916,5.93182,3.60594,4.489
3.12100832092136,5.66686338011525,5.36299515535151,5.93182,3.60594,4.489
3.04961710924548,5.68688472881218,5.36626014923266,5.93182,3.60594,4.489
3.00621382555404,5.72745702799217,5.36938573888745,5.85374,3.67192,4.44941
2.96299316276419,5.72652988077006,5.3705038556045,5.85374,3.67192,4.44941
2.93348540335358,5.69467877541742,5.37012573422442,5.85374,3.67192,4.44941
2.915284352288,5.67123794024603,5.36691399706002,5.85374,3.67192,4.27896
2.93785880840382,5.64437098002836,5.3608887893098,5.91312,3.89736,4.27896
3.00657999799264,5.62340597793377,5.35277485982943,5.91312,3.89736,4.27896
3.04558369213314,5.62314688540119,5.34371840120017,5.91312,3.89736,4.27896
3.05221854798215,5.64054045264786,5.33567581526715,5.91312,3.95455,4.25147
3.07866212642739,5.63548395897408,5.32648218334258,5.93072,3.95455,4.25147
3.12198686962594,5.63763969046118,5.31772376947627,5.93072,3.95455,4.25147
3.04317459203731,5.65268934952698,5.30844711393554,5.93072,3.95455,4.25147
3.00006751900502,5.67270439565227,5.29905346492739,5.82845,4.04252,4.21628
2.93463879698454,5.69349833880201,5.28891378699835,5.82845,4.04252,4.21628
2.80421541252587,5.70863738768426,5.2802763698331,5.82845,4.04252,4.21628
2.73926433750847,5.70121516715497,5.27212288186669,5.82845,4.04252,4.21628
2.98544199474377,5.69402095411382,5.26679701270766,5.82185,4.19978,4.14699
3.17410227974118,5.69607818224079,5.26310196646123,5.82185,4.19978,4.14699
3.21990019313957,5.70068458474976,5.26143390004075,5.82185,4.19978,4.14699
3.15300811194815,5.65358196057515,5.26100203262286,5.82185,4.18218,4.15799
3.10354250947024,5.59988619709516,5.2623049268255,5.87353,4.18218,4.15799
2.94533419229943,5.5519713643684,5.26591219986469,5.87353,4.18218,4.15799
2.92753645522825,5.50628838143858,5.2727645197194,5.87353,4.18218,4.15799
2.85482805720427,5.46813332401429,5.284615316968,5.87573,3.98864,4.19648
2.86428584361068,5.44847066608085,5.29942645241392,5.87573,3.98864,4.19648
2.96558083307711,5.4627945211345,5.31717535544275,5.87573,3.98864,4.19648
3.00281439058912,5.45283372562306,5.33732274025022,5.87573,3.98864,4.18768
3.04463229920368,5.45875802745203,5.35968334355399,5.86913,3.90946,4.18768
3.0598697104159,5.48485219029823,5.38344242986296,5.86913,3.90946,4.18768
3.10825504807459,5.50195732200995,5.40839805715449,5.86913,3.90946,4.18768
3.06321562743185,5.53113485694906,5.43454333051735,5.86913,3.89736,4.23827
3.00125066978571,5.55420699055073,5.46075666873581,5.93842,3.89736,4.23827
2.96187252070332,5.5575692511355,5.48585905978315,5.93842,3.89736,4.23827
3.02413913306478,5.55762113913864,5.51085216437423,5.93842,3.89736,4.23827
2.99611015378805,5.58475464888573,5.53458587101733,5.96041,3.82258,4.33174
2.96452797968188,5.60583444614627,5.55429549913577,5.96041,3.82258,4.33174
2.97248897426156,5.58054219397257,5.5705217328589,5.96041,3.82258,4.33174
2.98710497658555,5.53259829184006,5.58260369146288,5.96041,3.82258,4.39333
2.96825557301022,5.51655241128612,5.59081031680109,5.91202,3.80718,4.39333
2.95306928158472,5.4974067991027,5.59323701140233,5.91202,3.80718,4.39333
2.95510943308557,5.45692020575177,5.5923360953201,5.91202,3.80718,4.39333
3.03956915624669,5.42956578995258,5.58827802806029,5.85484,3.93585,4.40323
3.13524879098726,5.41035453982583,5.58186330736068,5.85484,3.93585,4.40323
3.08763337566463,5.37939384053047,5.57127200222797,5.85484,3.93585,4.40323
3.02557134249042,5.34933453492389,5.55736336445881,5.85484,3.93585,4.29435
2.96724854460573,5.33605520227065,5.53822592886077,5.88893,4.07331,4.29435
2.94975181089474,5.30133049407644,5.51814063108178,5.88893,4.07331,4.29435
2.94141249405282,5.26935758516991,5.49566007577887,5.88893,4.07331,4.29435
2.97151435626132,5.20937665713676,5.47127755015511,5.88893,4.114,4.16569
2.99306735872748,5.13257915900488,5.44733101699986,5.89443,4.114,4.16569
3.00626647400639,5.07067413827293,5.42466488801226,5.89443,4.114,4.16569
3.04790350302554,5.02159893495931,5.40403933905477,5.89443,4.114,4.16569
3.10899463980637,4.93466479624187,5.38526783391197,5.82625,4.19538,4.09861
2.99355174107561,4.83291731571812,5.3694601984919,5.82625,4.19538,4.09861
2.90329491200804,4.74700428113124,5.35647311657341,5.82625,4.19538,4.09861
2.91347058662961,4.67135354112827,5.34615241794534,5.82625,4.19538,4.09861
2.95305735200333,4.61267482550917,5.33768726131312,5.81965,4.27126,4.09531
3.08510751727021,4.58933296965939,5.33322444064567,5.81965,4.27126,4.09531
3.11212137929131,4.60734673362762,5.3303051212299,5.81965,4.27126,4.09531
3.05629252057118,4.62126184368781,5.32860702079863,5.81965,4.1239,4.1074
3.01482107902593,4.65851752312778,5.32854839602337,5.93182,4.1239,4.1074
3.02346447005436,4.7268624733103,5.32922022559857,5.93182,4.1239,4.1074
2.94658748280288,4.80772742229043,5.33124671976361,5.93182,4.1239,4.1074
2.89896814991477,4.89853091647332,5.33368313266036,5.989,3.84567,4.19098
2.9210391568111,4.99991864323106,5.33544968689808,5.989,3.84567,4.19098
3.04248877054998,5.07889181664724,5.33672921006099,5.989,3.84567,4.19098
3.02550756986442,5.16622826302046,5.33819490010551,5.989,3.84567,4.32405
3.0082259271442,5.26449157838833,5.33957270227518,5.95711,3.7401,4.32405
3.02781732184409,5.37227727437886,5.33998585376439,5.95711,3.7401,4.32405
3.05887117289426,5.41451431728286,5.33856245267575,5.95711,3.7401,4.32405
3.03564029630515,5.45314984773557,5.33539316210219,5.95711,3.80828,4.36584
2.99097971769475,5.485174693181,5.32997648795952,5.93182,3.80828,4.36584
2.95978486080483,5.50959990260025,5.32327345850679,5.93182,3.80828,4.36584
2.97896980250559,5.5341943983066,5.31548596105628,5.93182,3.80828,4.36584
3.00665364080301,5.57024362165756,5.30716053529736,5.91862,3.89956,4.29875
3.01942166283748,5.62190732776324,5.2986545316546,5.91862,3.89956,4.29875
3.03696716426983,5.63762661730183,5.29125322675898,5.91862,3.89956,4.29875
2.96494542069012,5.66559281847347,5.28457429408023,5.91862,3.89956,4.23167
2.97149264965216,5.70889639085482,5.27814233211681,5.86254,4.05352,4.23167
2.996094524887,5.73905755660967,5.27280068311933,5.86254,4.05352,4.23167
2.98351429757913,5.74847306723455,5.2677350298597,5.86254,4.05352,4.23167
3.04362654918095,5.77356885017017,5.26536975466352,5.85154,4.19978,4.17009
3.02407656198286,5.76749986345591,5.26570938354181,5.85154,4.19978,4.17009
2.98965518331112,5.74551589683236,5.2675027871637,5.85154,4.19978,4.17009
2.98372735126847,5.74190539408419,5.27055608727735,5.85154,4.19978,4.1316
3.00459594734309,5.7446846548059,5.27538311581813,5.86913,4.18109,4.1316
3.07506797819663,5.7136867319389,5.28110592127436,5.86913,4.18109,4.1316
3.04763662124076,5.67731345902591,5.28752754287403,5.86913,4.18109,4.1316
2.98383604761376,5.65600384083203,5.29426360143277,5.86913,4.04802,4.15579
2.94387905482055,5.63267694387635,5.30373003667463,5.88343,4.04802,4.15579
2.92531837171293,5.62312910755021,5.31329218238592,5.88343,4.04802,4.15579
2.96736248763147,5.64673670618839,5.32380452513333,5.88343,4.04802,4.15579
3.0087364189207,5.66400291418286,5.33522168149447,5.87903,3.92815,4.23717
3.05331214080315,5.68420390085322,5.3468737469503,5.87903,3.92815,4.23717
3.0495779904069,5.7204147643192,5.35962432859589,5.87903,3.92815,4.23717
3.01847599075825,5.76973942481318,5.37183998376276,5.87903,3.92815,4.23717
3.03751727157582,5.81180744871119,5.3835351935281,5.85924,3.95674,4.26686
3.00690874965275,5.85819884431549,5.39502973114745,5.85924,3.95674,4.26686
2.97099368907816,5.87787279047241,5.40695691032214,5.85924,3.95674,4.26686
2.9447007454737,5.887977571995,5.41865513172057,5.85924,4.08541,4.17119
2.9982395770509,5.91804706509861,5.43158091292194,5.86913,4.08541,4.17119
3.03053606130623,5.95230258202039,5.4443239503387,5.86913,4.08541,4.17119
3.0183112592781,5.93856812383107,5.45775427001496,5.86913,4.08541,4.17119
3.00789516327011,5.91621926286711,5.47250941130057,5.91092,4.1206,4.06782
2.9765285009253,5.89267205464139,5.48786796997418,5.91092,4.1206,4.06782
2.98413167383101,5.8673574941683,5.50556190254615,5.91092,4.1206,4.06782
2.99760659796957,5.84497983477239,5.52450241525495,5.91092,4.1206,4.05242
3.00327320539364,5.8400685557226,5.54441395120927,5.97031,4.02603,4.05242
3.02308678334382,5.86780096727121,5.56508875235661,5.97031,4.02603,4.05242
2.98912142913767,5.87567484859614,5.5867812819946,5.97031,4.02603,4.05242
3.04927191164691,5.89263705491019,5.6093800335704,5.97031,3.89186,4.14479
3.0419927763275,5.92108849845262,5.6330051768375,5.9989,3.89186,4.14479
2.99099030155558,5.95038896854267,5.65689106615837,5.9989,3.89186,4.14479
3.01540517329683,5.98690276922958,5.68014772168243,5.9989,3.89186,4.14479
2.9547433983961,6.01716729622973,5.70226412675768,5.95381,3.86547,4.28006
2.95634552963061,6.03392840521074,5.7234391774501,5.95381,3.86547,4.28006
2.97153192922419,6.04296419706824,5.74250974179457,5.95381,3.86547,4.28006
3.00318530596279,6.05396370927951,5.7585389348501,5.95381,3.86547,4.32625
3.00133584069076,6.07903510839031,5.7708600527731,5.9824,3.88087,4.32625
3.04068153909283,6.04224165463333,5.77994098280031,5.9824,3.88087,4.32625
3.0405619392246,5.9900110509525,5.78611547677168,5.9824,3.88087,4.32625
3.03277078630303,5.94344665241139,5.78772017023376,5.94062,3.89516,4.31085
3.02111377918187,5.89292762762314,5.78509496161742,5.94062,3.89516,4.31085
3.00785809250622,5.84479168288592,5.77739948303797,5.94062,3.89516,4.31085
2.99937282269241,5.80533872474827,5.76543371998531,5.94062,3.89516,4.35044
2.95896803692826,5.78905078098996,5.74921956998533,5.85044,4.10521,4.35044
2.95228350223934,5.76110374620569,5.72980761727615,5.85044,4.10521,4.35044
2.95855548942926,5.73437444719179,5.70676460747928,5.85044,4.10521,4.35044
2.9888879557786,5.72583521809547,5.68034726459273,5.85044,4.22617,4.28336
2.98943631121427,5.71150146204727,5.65240689400777,5.84164,4.22617,4.28336
3.06687503925717,5.70242866532357,5.62340613458087,5.84164,4.22617,4.28336
3.09023126438561,5.68713993375387,5.59351815468804,5.84164,4.22617,4.28336
3.05828772415438,5.66196300826416,5.56467883025968,5.86474,4.18548,4.15799
3.0280225121452,5.62758928476471,5.53552926197435,5.86474,4.18548,4.15799
2.98776639008082,5.62547449939465,5.50813175946546,5.86474,4.18548,4.15799
2.91310440940748,5.60248924375916,5.48282922510268,5.86474,4.18548,4.15799
2.86808322369495,5.53240082336631,5.45918431986184,5.91642,4.09861,4.1074
2.93339801367085,5.47576959238698,5.43846392180496,5.91642,4.09861,4.1074
3.0768854027642,5.42441863155037,5.42065819332191,5.91642,4.09861,4.1074
3.1051176576195,5.37851940759268,5.40584988858409,5.91642,4.01503,4.15029
3.05404631404115,5.3408371767221,5.39338222529579,5.92522,4.01503,4.15029
3.04606334845642,5.33187020753636,5.38478758401207,5.92522,4.01503,4.15029
3.00214002106589,5.33744373695542,5.3795240325466,5.92522,4.01503,4.15029
2.96453606109561,5.33877355629047,5.37799121069611,5.89993,3.98534,4.28006
2.94321405918911,5.34599652161055,5.37871898465856,5.89993,3.98534,4.28006
2.98456475313492,5.36319916525117,5.38126189133235,5.89993,3.98534,4.28006
2.95875491040562,5.38961667708632,5.38681384584425,5.89993,3.98534,4.31525
2.99152854943377,5.41324283229929,5.39434144783051,5.90103,3.99084,4.31525
3.05680994459753,5.42368640632397,5.40402291329675,5.90103,3.99084,4.31525
3.04838432287253,5.42205709844131,5.41413738551603,5.90103,3.99084,4.31525
3.02539636228483,5.4213913772956,5.42628408334127,5.90103,4.04362,4.26576
3.02732240796566,5.4457734229458,5.43886917190526,5.90543,4.04362,4.26576
2.97689807148732,5.41223783250829,5.45254329672877,5.90543,4.04362,4.26576
2.96877426743982,5.35978438289457,5.46718255189509,5.90543,4.04362,4.26576
2.9775307519378,5.31764469430128,5.48212746251257,5.89883,4.09971,4.20088
2.99376021767417,5.27544303944265,5.49853514160527,5.89883,4.09971,4.20088
3.00081007236284,5.2371485623463,5.51623617530167,5.89883,4.09971,4.20088
3.04274740728896,5.22164286676486,5.53483539920887,5.89883,4.09971,4.18438
3.00932842743565,5.23265584361763,5.55567473746388,5.85374,4.14699,4.18438
2.9731138075089,5.23082579046716,5.57776814261931,5.85374,4.14699,4.18438
3.02928547995082,5.22658848909981,5.60126037502143,5.85374,4.14699,4.18438
3.03984488512327,5.24260753324526,5.62647684756997,5.85044,4.1184,4.16349
3.00460881274114,5.2620460492437,5.6554653669247,5.85044,4.1184,4.16349
2.9360240892758,5.27912836902768,5.68790000545467,5.85044,4.1184,4.16349
2.94592199101456,5.29593180719619,5.72305492456629,5.85044,4.1184,4.1151
3.03982213750988,5.30229907161703,5.76185702393653,5.89333,4.00513,4.1151
3.03600445557291,5.30507598812951,5.80292407335138,5.89333,4.00513,4.1151
3.02681388795144,5.31440463220869,5.84539821440837,5.89333,4.00513,4.1151
2.99461811616901,5.33393777614855,5.88985784746485,5.89333,3.90396,4.1184
3.04914761773361,5.3066944143593,5.93736216250737,5.94172,3.90396,4.1184
2.9886600658814,5.26937414321847,5.98513366199768,5.94172,3.90396,4.1184
2.98535236626914,5.24405807506229,6.03321916704908,5.94172,3.90396,4.1184
3.00079049936943,5.22137432697315,6.08138736153607,5.91972,3.89076,4.18768
2.93173740360017,5.20803847409906,6.12802784018204,5.91972,3.89076,4.18768
2.99248558356565,5.21120087791932,6.17371549764751,5.91972,3.89076,4.18768
3.02831793487646,5.25386955371713,6.21721824862108,5.91972,3.89076,4.18768
3.01339031930453,5.26517732953207,6.25676567949783,5.90652,3.98204,4.20638
3.0405581842248,5.29524302864479,6.29225611334883,5.90652,3.98204,4.20638
3.00341633468727,5.34341950133812,6.32238222782211,5.90652,3.98204,4.20638
3.00343212421054,5.38229399670459,6.34722532955694,5.90652,4.08321,4.16679
2.98613047177741,5.4379364978434,6.36603939331955,5.92082,4.08321,4.16679
3.00271161333136,5.48910959242178,6.37999792868371,5.92082,4.08321,4.16679
3.01252080586054,5.5167494096743,6.38756126153522,5.92082,4.08321,4.16679
3.02562653782703,5.54092997346622,6.38717261386781,5.94062,4.09861,4.14809
3.01831761575599,5.5890888696357,6.38006461967433,5.94062,4.09861,4.14809
2.9549851335188,5.61744788141201,6.36695967850297,5.94062,4.09861,4.14809
2.94301921533657,5.59012682287733,6.34833327776729,5.94062,4.09861,4.18658
3.02920626834374,5.56777942683265,6.3236688400508,5.94062,4.03812,4.18658
3.06274807050801,5.54009221426911,6.29336880863637,5.94062,4.03812,4.18658
3.00058463572815,5.51078323980089,6.26032967228784,5.94062,4.03812,4.18658
2.98773960236399,5.49278989332592,6.22436437609802,5.94062,4.06672,4.27896
2.96787347800361,5.50923261383672,6.1864319704688,5.87023,4.06672,4.27896
2.98506911211737,5.5090100372007,6.14711492037452,5.87023,4.06672,4.27896
3.07126019140085,5.49608702460072,6.1088998690756,5.87023,4.06672,4.27896
3.01971550066758,5.49743934435572,6.07157529887331,5.83614,4.1426,4.28996
2.9782191028386,5.50730306649445,6.03568843239607,5.83614,4.1426,4.28996
2.97510739464246,5.5154080171705,6.00299899747947,5.83614,4.1426,4.28996
2.95517789390773,5.53636702189624,5.97310399985855,5.83614,4.1426,4.21848
3.01023951122194,5.53382950034089,5.94754716380426,5.87793,4.125,4.21848
3.06134863482762,5.51833179113371,5.92710978896406,5.87793,4.125,4.21848
3.08798427563426,5.5228242294202,5.9107927504232,5.87793,4.125,4.21848
3.01817486169104,5.53715701087864,5.90025774894648,5.93732,4.01943,4.19978
2.93564941507873,5.51626873391474,5.89385538694688,5.93732,4.01943,4.19978
2.92833826331132,5.47076450431647,5.89197502279035,5.93732,4.01943,4.19978
2.97778939516573,5.43603176857531,5.89391993375531,5.93732,4.01943,4.19978
3.01763150153913,5.40219455647608,5.89975653724798,5.95821,3.91716,4.25806
3.01904487145393,5.37470965084335,5.90851652318937,5.95821,3.91716,4.25806
3.00646502778905,5.36625704567188,5.9198011359533,5.95821,3.91716,4.25806
3.02431480154363,5.40188628536804,5.93273716452708,5.95821,3.88746,4.29326
3.01417453347032,5.4096842526325,5.94590897117204,5.97801,3.88746,4.29326
3.00833007748144,5.42732511358517,5.95871031329141,5.97801,3.88746,4.29326
3.02645604585088,5.45594104870555,5.97107038097953,5.97801,3.88746,4.29326
3.01799859342647,5.49356356413192,5.98206635982399,5.9824,3.91496,4.27126
3.00280507516702,5.53872839712235,5.99092735989987,5.9824,3.91496,4.27126
2.95674366227508,5.58152389362964,5.99688855075853,5.9824,3.91496,4.27126
2.96855267190194,5.59708277198985,5.99884930126811,5.9824,3.91496,4.27126
3.01478706264679,5.60775808739859,5.99763795045443,5.94282,3.99523,4.28556
3.01945631498382,5.62251996797901,5.99410309510784,5.94282,3.99523,4.28556
3.02350296617939,5.65645678600466,5.98835572105779,5.94282,3.99523,4.28556
3.00248874844814,5.63198064828553,5.98041947245803,5.94282,4.1107,4.28556
3.0108728285374,5.60044183004003,5.97109066027648,5.90543,4.1107,4.28556
2.97339246426584,5.56961247595232,5.96115317726849,5.90543,4.1107,4.28556
2.97671202376803,5.53812272527398,5.95064625865618,5.90543,4.1107,4.28556
2.99230989196058,5.51278528159675,5.93994008424409,5.95381,4.1404,4.19098
3.01147832888969,5.51826261910694,5.9304692590807,5.95381,4.1404,4.19098
3.00610517790014,5.53329531354338,5.92128314695626,5.95381,4.1404,4.19098
3.01396270500287,5.52736671683641,5.91200957582865,5.95381,4.1404,4.19098
3.01756709187537,5.54184467107778,5.90333911410617,6.0044,4.07661,4.1074
3.0454942733674,5.56643892614143,5.89562989064413,6.0044,4.07661,4.1074
3.06504151573334,5.58753566974334,5.88892029934547,6.0044,4.07661,4.1074
3.01979225386227,5.6233201368666,5.88369713324596,6.0044,4.09971,4.24597
2.97783907635499,5.64550585549648,5.87900199208621,5.90982,4.09971,4.24597
2.98959465567373,5.63685328910516,5.87664849677984,5.90982,4.09971,4.24597
2.93214249613969,5.64353585194122,5.87755322318717,5.90982,4.09971,4.24597
2.90413364505944,5.67925431681104,5.88153789149683,5.84274,4.20638,4.36474
2.95756194914441,5.68087741320791,5.88855094985445,5.84274,4.20638,4.36474
2.96687889947159,5.65137913638155,5.8973112560917,5.84274,4.20638,4.36474
3.05071516152761,5.62853036956331,5.90907815078362,5.84274,4.20638,4.22067
3.07519810669819,5.60547355133458,5.92285844475788,5.92082,4.17669,4.22067
3.08595651544195,5.58648050155331,5.93968839645103,5.92082,4.17669,4.22067
3.10099245316284,5.58072942536447,5.95893104409258,5.92082,4.17669,4.22067
3.02310954544872,5.62356946285687,5.98200363654023,5.97251,4.06562,4.08761
2.98317330817742,5.63330914204899,6.00825502437571,5.97251,4.06562,4.08761
2.99088893823511,5.65622291735988,6.03625786684019,5.97251,4.06562,4.08761
2.97140757349355,5.69657202503107,6.06803856712135,5.97251,4.06562,4.08761
2.96789922347514,5.74233022991716,6.10307459891777,5.95051,4.05572,4.125
2.95918541036323,5.78487535416895,6.13955957484432,5.95051,4.05572,4.125
2.92554506085489,5.83458720217117,6.17863432053228,5.95051,4.05572,4.125
2.91349916288816,5.85827438820595,6.21941815766075,5.95051,4.1217,4.15469
2.95558948072662,5.85695691198127,6.26009177503602,5.95601,4.1217,4.15469
2.99117088342219,5.88022815734782,6.30081664104456,5.95601,4.1217,4.15469
3.11347015003785,5.92053230859357,6.33876110532506,5.95601,4.1217,4.15469
3.19987617309945,5.89958250158529,6.37395880730526,5.9835,4.1261,4.1151
3.15425541799795,5.86455926453042,6.40578966694197,5.9835,4.1261,4.1151
3.02846853580068,5.83095079501022,6.43307044932803,5.9835,4.1261,4.1151
2.90189880647985,5.79528727905173,6.45389229100059,5.9835,4.1261,4.1151
2.91657211095293,5.76118185583811,6.47096422023932,5.89003,4.14919,4.24597
2.9264340589822,5.75914798780816,6.48336878611677,5.89003,4.14919,4.24597
2.96453335986315,5.76887663734589,6.49043763045616,5.89003,4.14919,4.24597
2.94673088715419,5.7519627430824,6.49396143480348,5.89003,4.14919,4.33504
3.02132665651466,5.7538116948311,6.49302006920421,5.85154,4.15359,4.33504
2.98833692334323,5.77086697832703,6.48884621059584,5.85154,4.15359,4.33504
2.96283101301502,5.78652684878215,6.48197658376514,5.85154,4.15359,4.33504
3.0530885536585,5.80670417055511,6.47270524304433,5.93512,4.04252,4.19758
3.08703402284083,5.82591218550155,6.46261044607063,5.93512,4.04252,4.19758
3.0276661649412,5.80526224661392,6.45156687179417,5.93512,4.04252,4.19758
3.08013362108845,5.79441074880017,6.43914045342889,5.93512,4.04252,4.19758
3.05577455221874,5.80402604455513,6.42748109838336,5.95491,3.99194,4.15249
3.00071634606353,5.81218402844124,6.41557203681572,5.95491,3.99194,4.15249
2.99016531388153,5.76382248659882,6.40443188000608,5.95491,3.99194,4.15249
2.90639861895437,5.72117498745938,6.39573683201167,5.95491,4.05022,4.17889
2.91789159040832,5.67792114460925,6.38851670074732,5.93842,4.05022,4.17889
2.92453007770139,5.63703241956442,6.38222004983292,5.93842,4.05022,4.17889
2.94770896741359,5.60589692877791,6.37727801580785,5.93842,4.05022,4.17889
2.97136086801127,5.60570138036501,6.3738318236509,5.93622,4.1371,4.17999
3.11426901233962,5.6072542171847,6.3708210472941,5.93622,4.1371,4.17999
3.14590664512843,5.6041424020521,6.36950886528982,5.93622,4.1371,4.17999
3.09566866348294,5.62406961826945,6.36735301758573,5.93622,4.1371,4.15909
3.04330720145654,5.65371808851807,6.36315897212103,5.93182,4.15249,4.15909
2.96225255975443,5.68272830516849,6.3557826252752,5.93182,4.15249,4.15909
2.90835307328081,5.71938649750197,6.34525878953205,5.93182,4.15249,4.15909
2.92693041065347,5.73841857459337,6.33017268729392,5.93402,4.10301,4.1085
2.965286890168,5.73556391228538,6.31228329974337,5.93402,4.10301,4.1085
3.01075880952422,5.74034760160202,6.2892195686046,5.93402,4.10301,4.1085
3.04273927320661,5.78830331232952,6.26280575753938,5.93402,4.10301,4.1085
3.01267095375061,5.77875421840208,6.23367264423701,5.94172,4.07661,4.07881
3.0272610751767,5.74577158076474,6.20161110436701,5.94172,4.07661,4.07881
2.98104786691431,5.72115716603511,6.16925081531955,5.94172,4.07661,4.07881
3.00795622464844,5.69488189129923,6.13585718482639,5.94172,4.1063,4.19098
3.05607862437505,5.6712963652747,6.10234371216694,5.90433,4.1063,4.19098
3.00255576806368,5.66678784779159,6.06891422565085,5.90433,4.1063,4.19098
2.95674655624329,5.68794511939952,6.03692644318767,5.90433,4.1063,4.19098
2.96336750811887,5.68829717514235,6.0051327431178,5.90982,4.09091,4.23717
3.02186872327806,5.70370367985054,5.97436892801742,5.90982,4.09091,4.23717
2.99031856302322,5.73385917174392,5.9450457417409,5.90982,4.09091,4.23717
3.04115810549862,5.76754573761891,5.91823534451527,5.90982,4.09091,4.23717
3.01512035869585,5.79863731118046,5.89483481044495,5.87353,4.09311,4.23387
3.04018379453937,5.83312245662741,5.87497784826268,5.87353,4.09311,4.23387
3.05455894472335,5.84161187025986,5.85681835697735,5.87353,4.09311,4.23387
2.99926531282095,5.83343498811616,5.84455483439753,5.87353,4.09311,4.29765
2.93928520120602,5.85023860134965,5.83703929503203,5.83504,4.1393,4.29765
2.95704227456242,5.87324498708315,5.83323912748002,5.83504,4.1393,4.29765
2.90217735573335,5.83788241869453,5.83169755085498,5.83504,4.1393,4.29765
2.92820730295703,5.79034499210102,5.83228487067362,5.87903,4.08761,4.22727
3.04557957935738,5.74869785465085,5.83625273703029,5.87903,4.08761,4.22727
3.10516123346497,5.7058338116293,5.84176501199105,5.87903,4.08761,4.22727
3.12116444002458,5.66600085282865,5.85030520404361,5.87903,4.08761,4.22727
3.04883363483718,5.6515163654634,5.86119561644954,5.90762,4.04802,4.17889
3.07455019864771,5.65152171842839,5.87409850514268,5.90762,4.04802,4.17889
2.96060084303905,5.63907540157855,5.88875659830612,5.90762,4.04802,4.17889
2.9522625331684,5.64004040172862,5.9059631316742,5.90762,4.07111,4.24377
2.87918205411034,5.6528560141,5.92411893142569,5.88563,4.07111,4.24377
2.87412933936541,5.66479629720221,5.94424926293295,5.88563,4.07111,4.24377
2.98674443986865,5.68539396943353,5.96701149289531,5.88563,4.07111,4.24377
3.04417025921365,5.70236269075612,5.9907306920467,5.89003,4.05902,4.24487
3.08610207096006,5.68974955973417,6.01526748529068,5.89003,4.05902,4.24487
3.05868247951275,5.67730733526684,6.0406380993858,5.89003,4.05902,4.24487
3.01779225370097,5.68470109625353,6.067494348477,5.89003,4.05902,4.1129
3.09370905293096,5.69186284647345,6.09230715382058,5.96591,4.02163,4.1129
3.03836790129727,5.64614590731972,6.11612553423466,5.96591,4.02163,4.1129
2.95355208196557,5.60273306647338,6.1361312372417,5.96591,4.02163,4.1129
2.86439574827898,5.56150086183982,6.1524029203844,5.96591,4.03372,3.97104
2.93989813430521,5.52191650129399,6.16660891281891,6.03739,4.03372,3.97104
3.06349314759705,5.49052600183347,6.17771333833027,6.03739,4.03372,3.97104
3.01805441566043,5.48887272072373,6.18376846532718,6.03739,4.03372,3.97104
3.06821470703605,5.49812456729521,6.18573544498331,5.97471,4.18218,4.06672
3.01364093510806,5.49618079296456,6.18199606882382,5.97471,4.18218,4.06672
2.96060648698878,5.5151722819029,6.17270150978363,5.97471,4.18218,4.06672
2.97397440625199,5.54287346481493,6.15701127221011,5.97471,4.28556,4.22507
2.97801015434322,5.56981866905298,6.13768618901553,5.94501,4.28556,4.22507
2.97198088336648,5.60603978353994,6.11461736501298,5.94501,4.28556,4.22507
3.01434545575529,5.63038104329413,6.08683812678474,5.94501,4.28556,4.22507
3.02862814076245,5.62431528494568,6.05441459156781,5.89883,4.20308,4.32625
3.03649807597874,5.6310265618548,6.01811136438693,5.89883,4.20308,4.32625
3.08666960236269,5.66421710021951,5.9810278423425,5.89883,4.20308,4.32625
3.09764694892269,5.66249396477044,5.94206954606342,5.89883,4.20308,4.32625
3.03531382300289,5.62988708646677,5.9027794128279,5.85374,4.08101,4.5044
2.90619773019559,5.60438695607996,5.86646004187298,5.85374,4.08101,4.5044
2.85171165948242,5.57787369391933,5.83203721435396,5.85374,4.08101,4.5044
2.82471474392015,5.55484764949842,5.80083913319749,5.85374,4.08101,4.39553
2.93573426580812,5.53909367518862,5.77527299080977,5.89333,3.96004,4.39553
3.1252684903561,5.57652170192642,5.75258447551766,5.89333,3.96004,4.39553
3.18407334208483,5.58462954337653,5.7362724861582,5.89333,3.96004,4.39553
3.11585258647611,5.60190125714567,5.72596977483749,5.94501,3.95565,4.17009
3.04834568473837,5.63736337696536,5.72050078978861,5.94501,3.95565,4.17009
2.97721601731803,5.67675849353031,5.71886213227132,5.94501,3.95565,4.17009
2.92825085815359,5.71519372051958,5.72101107017322,5.94501,3.95565,4.17009
2.87095745116147,5.76087905739616,5.72747890020756,5.93072,4.05242,4.1338
3.024744792582,5.77618357173853,5.73575035832701,5.93072,4.05242,4.1338
3.03742520244987,5.77349018057659,5.74628735939954,5.93072,4.05242,4.1338
2.99720769026079,5.79808193114151,5.75636393057515,5.93072,4.15469,4.08981
2.89449078512229,5.83987917582914,5.76664162969296,5.93622,4.15469,4.08981
3.01093480919618,5.82543512579249,5.77635665725822,5.93622,4.15469,4.08981
3.0871132349402,5.80190160907087,5.78271506940655,5.93622,4.15469,4.08981
3.0593324764826,5.77917926852358,5.78633301775035,5.92632,4.20748,4.07551
3.06975081936566,5.75756551399463,5.7881297885385,5.92632,4.20748,4.07551
3.03798300866671,5.7402152506915,5.78649811835028,5.92632,4.20748,4.07551
2.91655033638572,5.747818209695,5.78241565646711,5.92632,4.20748,4.1195
2.90737339822817,5.78426411741102,5.77443327799419,5.89663,4.19428,4.1195
3.00975890518023,5.79631089584864,5.76407970217437,5.89663,4.19428,4.1195
2.9563220942741,5.82044276981826,5.75201344816437,5.89663,4.19428,4.1195
3.01576093555057,5.8648607376285,5.73530983904372,5.89663,4.20858,4.02603
3.0652003355236,5.90714157711949,5.7169880220658,5.88343,4.20858,4.02603
3.04538765186779,5.95142348589415,5.69709487050666,5.88343,4.20858,4.02603
3.04986527931504,5.99136322751342,5.67738234861905,5.88343,4.20858,4.02603
3.00429952968499,5.99644567732627,5.65961874671574,5.88893,4.26686,3.97654
2.96916123492857,6.01417684943272,5.64409865312685,5.88893,4.26686,3.97654
2.9851627665494,6.05156460164704,5.63098153758252,5.88893,4.26686,3.97654
2.96632457424267,6.07869256912736,5.62091948480078,5.88893,4.17669,4.1063
2.94808051291913,6.0544091996913,5.6113089243869,5.90213,4.17669,4.1063
3.04301958668794,6.0271953714378,5.60483377755912,5.90213,4.17669,4.1063
2.9985409478021,5.99945788861771,5.59913916249334,5.90213,4.17669,4.1063
2.91650693891826,5.97178602118994,5.59721920510361,5.91972,3.96224,4.25257
3.01919701522554,5.94975867576505,5.59752955003061,5.91972,3.96224,4.25257
3.10169785526525,5.94886267825001,5.59966193882808,5.91972,3.96224,4.25257
3.07665603694986,5.96646879836493,5.60143120759312,5.91972,3.96224,4.25257
3.08844418805236,5.96622490128968,5.60444666128193,5.93402,3.83248,4.34164
2.96990110792228,5.98539377084914,5.60824595002571,5.93402,3.83248,4.34164
2.97382550212431,6.01403026751358,5.61339959658292,5.93402,3.83248,4.34164
2.94903345019243,6.03943045753506,5.61948094465388,5.93402,3.83248,4.38343
2.86359102949324,6.06919279509383,5.62740729187256,5.90433,3.86217,4.38343
2.96445546779371,6.08083835936928,5.63593839768935,5.90433,3.86217,4.38343
3.02726018591597,6.08354220553563,5.64460316857831,5.90433,3.86217,4.38343
3.06505342601269,6.08264217763304,5.65668166902382,5.87353,3.94245,4.39333
3.03565415388093,6.11877163748503,5.66935498936682,5.87353,3.94245,4.39333
3.0324105852389,6.11021371749336,5.68536500866479,5.87353,3.94245,4.39333
3.05796695852053,6.06137060471962,5.70471305293814,5.87353,3.94245,4.39333
3.02382975366631,6.02359695383984,5.72736605459756,5.89333,4.00513,4.29435
2.90549767444553,5.98273891996096,5.75387717713827,5.89333,4.00513,4.29435
3.00851940335084,5.94394600460104,5.78406771728294,5.89333,4.00513,4.29435
3.02153467455568,5.91613789747185,5.81717994531524,5.89333,4.05022,4.23167
3.02831085267957,5.90451136175017,5.85395860664227,5.91422,4.05022,4.23167
3.00278032833334,5.89591802571308,5.89398500544238,5.91422,4.05022,4.23167
2.97992441539754,5.8903983026527,5.93564986220319,5.91422,4.05022,4.23167
2.97409342208574,5.89813571468401,5.97951423133364,5.93512,4.08431,4.18218
2.94947425439626,5.91019401280387,6.02433973878263,5.93512,4.08431,4.18218
2.9493665505717,5.92205337894958,6.06738969507386,5.93512,4.08431,4.18218
3.06224900019244,5.92999681947868,6.10937035131597,5.93512,4.08431,4.08211
3.04842590689311,5.92060358803843,6.14809124462809,5.96481,4.15689,4.08211
3.05572828853799,5.89960265427325,6.18125744512465,5.96481,4.15689,4.08211
3.0422677938866,5.8874696562528,6.20833341755945,5.96481,4.15689,4.08211
2.97476612235269,5.9004735807806,6.2258860730269,5.96481,4.29435,3.95894
2.98318550365032,5.86021141892134,6.23545525754186,5.98021,4.29435,3.95894
2.96195704831958,5.80215405897161,6.23634019851986,5.98021,4.29435,3.95894
3.01343318598869,5.75537734340501,6.2260408092818,5.98021,4.29435,3.95894
2.99583279879103,5.70928673308643,6.20509338246295,5.95271,4.40543,4.01723
3.01581874008916,5.6681240504888,6.17756875540607,5.95271,4.40543,4.01723
3.00242225306684,5.64081597778237,6.1427135450308,5.95271,4.40543,4.01723
3.00035132112285,5.63804596984744,6.10149993767554,5.95271,4.31085,4.27786
2.97396072580794,5.65384391680923,6.05560078595854,5.90762,4.31085,4.27786
2.98713717122635,5.66395838962354,6.00667616948115,5.90762,4.31085,4.27786
2.99854346940466,5.68629697598303,5.95610028704584,5.90762,4.31085,4.27786
2.98145873709684,5.71355715109988,5.90063138193389,5.90213,4.04362,4.39003
2.9799093176575,5.74420369417534,5.8455531888162,5.90213,4.04362,4.39003
3.06326006090587,5.77217293672746,5.79347024931446,5.90213,4.04362,4.39003
3.11153924677678,5.78570652434589,5.7463597925068,5.90213,4.04362,4.39003
3.09546430589494,5.78997619337103,5.7042976794102,5.91422,3.89736,4.41312
2.98857090841562,5.80530804163287,5.66862819492404,5.91422,3.89736,4.41312
2.94944722767721,5.83853171815969,5.64038495447074,5.91422,3.89736,4.41312
2.90905145115184,5.80740104910165,5.62020477830778,5.91422,3.89736,4.52529
2.91838845101328,5.76536257371266,5.60722653290389,5.90433,3.86327,4.52529
2.98868872553615,5.73005333619536,5.60315250465624,5.90433,3.86327,4.52529
2.97493961205184,5.69260385217231,5.60712374961137,5.90433,3.86327,4.52529
2.94771036135197,5.65935976278785,5.61819201721593,5.92522,3.89956,4.44831
2.94547920615519,5.6464863683905,5.63511416489646,5.92522,3.89956,4.44831
3.15596154537721,5.65656212449276,5.65640515479591,5.92522,3.89956,4.44831
3.14247209005347,5.64135116443557,5.68125875138743,5.92522,3.89956,4.44831
3.14949173829351,5.63239495244189,5.70730928091925,5.94501,4.06452,4.25806
3.1092606399991,5.64051322033968,5.73471310050378,5.94501,4.06452,4.25806
2.98574267248039,5.63463808046289,5.76145118816659,5.94501,4.06452,4.25806
2.84016599874202,5.64008185120962,5.78614973506437,5.94501,4.23497,4.1129
2.70071023110272,5.63234660113668,5.80659722955063,5.94391,4.23497,4.1129
2.82915912753572,5.59461440555312,5.82181138623913,5.94391,4.23497,4.1129
3.05523200844687,5.56657097287348,5.83081026793926,5.94391,4.23497,4.1129
3.16530349915113,5.56603166190383,5.83546318300368,5.93512,4.28996,4.08761
3.14020549503255,5.54845982543322,5.83560123294787,5.93512,4.28996,4.08761
3.1036444605664,5.48226219752082,5.83009509351729,5.93512,4.28996,4.08761
3.04665212040575,5.43003271084908,5.81976026825824,5.93512,4.28996,4.23937
3.00529127006475,5.3794103769731,5.80598391434694,5.92522,4.18109,4.23937
2.94076288095542,5.33765166021284,5.79012769631453,5.92522,4.18109,4.23937
2.92129412436194,5.31545736162551,5.77243842381369,5.92522,4.18109,4.23937
2.95343560096968,5.34312650842225,5.75329338133294,5.92522,4.00073,4.34494
2.94127513326547,5.34296802660765,5.73368785820915,5.89773,4.00073,4.34494
2.95949361561254,5.35198826565184,5.7155636336134,5.89773,4.00073,4.34494
3.03838041071705,5.38331758711477,5.70047157694966,5.89773,4.00073,4.34494
3.06274819643656,5.42894737258366,5.68968334524108,5.89113,3.95125,4.34494
3.08364591321493,5.4696711332822,5.6841769867263,5.89113,3.95125,4.34494
3.10393765481555,5.52167792835437,5.68461365650501,5.89113,3.95125,4.34494
3.06556409993128,5.55495528729998,5.68943437306277,5.89113,3.94905,4.35264
2.95560051876091,5.56502179658165,5.70239934322844,5.89663,3.94905,4.35264
2.84957935112039,5.58775829376634,5.7206142752589,5.89663,3.94905,4.35264
2.8418704384671,5.62865745900558,5.74447266262123,5.89663,3.94905,4.35264
2.93524442381357,5.62981642168895,5.7733437803579,5.91202,3.94245,4.27786
3.09432922794115,5.58870667948447,5.80462635580686,5.91202,3.94245,4.27786
3.11599491406809,5.55512295725169,5.83835053973708,5.91202,3.94245,4.27786
3.06432772689791,5.51596250668711,5.87179124438728,5.91202,3.94245,4.27786
3.07223320132163,5.4781969908615,5.90595654946178,5.90872,4.01943,4.18548
3.04002652896968,5.47108352701726,5.94225445680126,5.90872,4.01943,4.18548
3.00005383721653,5.47276281250575,5.97728811720345,5.90872,4.01943,4.18548
2.92444856859505,5.44463714488596,6.00924150696067,5.90872,4.01943,4.08211
2.9146394811905,5.42745133816317,6.03667063016185,5.90982,4.18548,4.08211
2.90905572919407,5.42759606941243,6.06009721818564,5.90982,4.18548,4.08211
3.00343557098973,5.42545750219108,6.08110670675033,5.90982,4.18548,4.08211
3.05287683577692,5.42283061558379,6.09732374304066,5.93622,4.26796,4.07001
3.03195221956242,5.42975917160155,6.10867300051214,5.93622,4.26796,4.07001
3.0694858870536,5.40684766749859,6.11719140345987,5.93622,4.26796,4.07001
3.07298606782327,5.38704223360787,6.12175140810306,5.93622,4.26796,4.07001
3.01187087940781,5.38491536761367,6.12158411543038,5.93842,4.15249,4.21078
2.97113944757578,5.383170998821,6.1184511751433,5.93842,4.15249,4.21078
2.93306127100355,5.31875007041994,6.11279243119448,5.93842,4.15249,4.21078
2.94898274673374,5.26669329365885,6.10616691274659,5.93842,4.00733,4.28556
2.95868526192299,5.21539141906901,6.10031107028329,5.93732,4.00733,4.28556
2.95912732724456,5.16692955507191,6.09473118010842,5.93732,4.00733,4.28556
3.06884086770168,5.13742869201994,6.09063528667295,5.93732,4.00733,4.28556
3.13344558646849,5.13444701536229,6.0870341015896,5.91642,3.96114,4.34054
3.1458395905109,5.12183387128882,6.0856265427452,5.91642,3.96114,4.34054
3.07499993080167,5.11125461629552,6.08779819105562,5.91642,3.96114,4.34054
2.86083359072418,5.12607871842877,6.09558571047044,5.91642,3.96114,4.33614
2.78518460079726,5.14840421592809,6.10710336764877,5.89223,3.99084,4.33614
2.81014693280495,5.16403115809314,6.12183511335679,5.89223,3.99084,4.33614
3.00302112805997,5.19346017957116,6.13971595640834,5.89223,3.99084,4.33614
3.17476245347193,5.21054705704488,6.1599629542548,5.89223,4.07111,4.26356
3.1420896281579,5.20661439055043,6.18348259639773,5.87573,4.07111,4.26356
3.11229022123977,5.21659509136411,6.20833819838387,5.87573,4.07111,4.26356
3.09880410549871,5.26003052924009,6.23466180283522,5.87573,4.07111,4.26356
2.97665163688113,5.24636038053976,6.26043136387855,5.91972,4.07991,4.22507
2.8603895495445,5.20040016703412,6.28566845935082,5.91972,4.07991,4.22507
2.8664312980641,5.17281042207322,6.31031411413507,5.91972,4.07991,4.22507
2.93027377293425,5.14390717980342,6.33253738104846,5.91972,4.01283,4.23057
3.03194612751761,5.1197862849856,6.35114830134247,5.92302,4.01283,4.23057
3.07504705636984,5.12059864017818,6.36799883695589,5.92302,4.01283,4.23057
3.01331420181106,5.1414162290494,6.38116945729319,5.92302,4.01283,4.23057
3.02504877903563,5.13818129021977,6.38857899717168,5.90543,4.04252,4.20418
2.99560525681774,5.15123624866811,6.39241636597044,5.90543,4.04252,4.20418
3.05376272047677,5.17714185268722,6.39168073731135,5.90543,4.04252,4.20418
3.08113255710275,5.20692642601614,6.38678938596449,5.90543,4.04252,4.20418
3.03261971278782,5.23049344205421,6.3775136586132,5.91092,4.1074,4.19648
2.92844105410702,5.26642442851695,6.36495573324359,5.91092,4.1074,4.19648
2.9213061701519,5.28517463910086,6.34963798847917,5.91092,4.1074,4.19648
2.91568723043486,5.28408502804415,6.33253412403156,5.91092,4.1074,4.18548
2.96921607140307,5.3103790620862,6.3142071541897,5.89663,4.14919,4.18548
3.067662045117,5.32935823382291,6.29281873519533,5.89663,4.14919,4.18548
3.08155754627736,5.29708108630553,6.2698962908483,5.89663,4.14919,4.18548
3.07067907802172,5.24365690651025,6.24527562888458,5.90433,4.18328,4.19208
3.00965240554282,5.20273907611081,6.22178994482261,5.90433,4.18328,4.19208
2.97216254220008,5.1596368621988,6.20208213735701,5.90433,4.18328,4.19208
2.98739693441472,5.12074792178504,6.18411674418453,5.90433,4.18328,4.19208
2.97440347114407,5.11359959857491,6.16626558843671,5.90762,4.19208,4.24707
2.95105924084926,5.1122862656469,6.1512085147719,5.90762,4.19208,4.24707
3.04973811578806,5.09238408598275,6.13719349653097,5.90762,4.19208,4.24707
3.00631979247258,5.08672334330089,6.12479679276698,5.90762,4.08981,4.40103
2.93276790269225,5.09310495218139,6.1146391584668,5.91092,4.08981,4.40103
3.05305566725777,5.09310029705025,6.11072010819324,5.91092,4.08981,4.40103
3.01491917818495,5.11011520409732,6.10766445572191,5.91092,4.08981,4.40103
3.01949540329574,5.12860414537993,6.10621883276223,5.89553,3.97874,4.33394
3.02826292187247,5.13439947669581,6.10574358555509,5.89553,3.97874,4.33394
2.99346465901614,5.12373955120755,6.10685191914493,5.89553,3.97874,4.33394
2.99308321638663,5.13663472772776,6.1098611813196,5.89553,3.97874,4.25477
3.001788732127,5.13507368306639,6.11340291721284,5.93952,3.95674,4.25477
2.98291910306707,5.08148040629071,6.1170258394004,5.93952,3.95674,4.25477
2.9800593896454,5.03308389735114,6.12015654538591,5.93952,3.95674,4.25477
2.99902217575718,4.98859090354609,6.11984744852179,5.93952,3.98424,4.24927
3.01269365807717,4.94524371092581,6.11743555308904,5.93842,3.98424,4.24927
3.06382540497206,4.91593099502434,6.11214724558025,5.93842,3.98424,4.24927
3.08672265461439,4.91113608088649,6.10456818316563,5.93842,3.98424,4.24927
2.99033166759663,4.90513670200689,6.09485975291953,5.88453,4.06232,4.28116
2.86139767808003,4.8926517584121,6.08488008088821,5.88453,4.06232,4.28116
2.9102461056599,4.89783644308703,6.07379501153223,5.88453,4.06232,4.28116
2.94317104283166,4.90971977111343,6.05895221167181,5.88453,4.18768,4.25037
3.07871071932169,4.91008357533453,6.0441482821769,5.84934,4.18768,4.25037
3.16125515841036,4.93217750335835,6.02780820219601,5.84934,4.18768,4.25037
3.22844555956461,4.94190516519945,6.01195703834824,5.84934,4.18768,4.25037
2.85700510280478,4.92636346427262,5.99637220945101,5.91972,4.18109,4.17889
2.80011180781632,4.93341208782693,5.98190536025469,5.91972,4.18109,4.17889
2.92103358811384,4.95821077360853,5.96826627249384,5.91972,4.18109,4.17889
3.05102969238954,4.9518493910075,5.95459390183412,5.91972,4.18109,4.17889
3.1783792719127,4.90868916043144,5.94388730025002,5.96701,3.95345,4.29655
3.08323639261413,4.88375017909036,5.93565480213901,5.96701,3.95345,4.29655
2.99787145674564,4.86242531121416,5.93015763682561,5.96701,3.95345,4.29655
2.93642026703133,4.84826332239386,5.92714878239812,5.96701,3.95345,4.41642
2.86808790062067,4.85578227862581,5.9254369678087,5.94831,3.7357,4.41642
2.922284393342,4.91489377065005,5.92477861073415,5.94831,3.7357,4.41642
2.98507382982379,4.934079978749,5.92565581626477,5.94831,3.7357,4.41642
3.04885858652607,4.971793670515,5.9263955914312,5.93512,3.761,4.42522
3.06134155940528,5.02744693840771,5.92652085072207,5.93512,3.761,4.42522
3.14905897990869,5.08945135714186,5.92634015740548,5.93512,3.761,4.42522
3.04753096097114,5.14393136344398,5.92571752154272,5.93512,3.761,4.42522
2.9163494886538,5.21613906075791,5.92381874025313,5.90433,3.97324,4.40103
3.03614331876019,5.26345126956871,5.92087879031381,5.90433,3.97324,4.40103
2.9602742437677,5.29166161466807,5.91555601037533,5.90433,3.97324,4.40103
3.01769561945532,5.34787757553586,5.90665132116003,5.90433,4.14589,4.37023
2.99793134246907,5.40483100369977,5.89611559605303,5.90103,4.14589,4.37023
2.89443337169991,5.40338588880336,5.8826713635203,5.90103,4.14589,4.37023
2.9103980880967,5.38130253067862,5.86719611092691,5.90103,4.14589,4.37023
2.98932310951163,5.36508154671757,5.85039105581253,5.92082,4.08101,4.37353
3.06066344192689,5.34425440067032,5.83543419134575,5.92082,4.08101,4.37353
3.13046886347395,5.32565714187701,5.81596344478414,5.92082,4.08101,4.37353
3.1056474403861,5.34500052096644,5.79355481926714,5.92082,4.08101,4.36254
3.02560470336652,5.37043226286598,5.77051606819214,5.93622,3.92265,4.36254
2.95724178959655,5.35215745990582,5.74762250957141,5.93622,3.92265,4.36254
2.93839696874401,5.35817734290734,5.72661166700844,5.93622,3.92265,4.36254
2.95719213202951,5.37740079391694,5.70632574269831,5.93622,3.90726,4.35704
2.94119606888112,5.38716040490756,5.68746555924095,5.89113,3.90726,4.35704
2.97947731918162,5.40801274844665,5.67091918142308,5.89113,3.90726,4.35704
3.04864452905469,5.43188708989883,5.65583179259058,5.89113,3.90726,4.35704
3.08164081222609,5.41872624081359,5.64463927514332,5.83614,4.08321,4.29875
3.01126463556549,5.41997782540183,5.63540806705311,5.83614,4.08321,4.29875
2.97652342489253,5.43848363213579,5.63008529609057,5.83614,4.08321,4.29875
2.96097975219683,5.4427873486444,5.6269463605715,5.83614,4.19978,4.22067
3.01053425005248,5.39224363183405,5.62790770769672,5.87463,4.19978,4.22067
3.0378703173853,5.35113125590415,5.63270388969402,5.87463,4.19978,4.22067
3.01249010983884,5.31028356431494,5.63765257616504,5.87463,4.19978,4.22067
2.99934227504456,5.27124153400467,5.64660987523297,5.86913,4.15689,4.14479
3.04141700161745,5.25091648193844,5.65703699202221,5.86913,4.15689,4.14479
3.03026142029398,5.25687532609873,5.67137417883627,5.86913,4.15689,4.14479
2.97887149668809,5.25174078432412,5.6890560101884,5.86913,4.15689,4.14479
2.93635439452513,5.25020996175915,5.70784273088407,5.82955,4.09751,4.15029
2.94903135219744,5.2707577257188,5.73017146015659,5.82955,4.09751,4.15029
2.97060215202477,5.30014545262729,5.75544569079364,5.82955,4.09751,4.15029
2.98158854392573,5.3156114068705,5.78312775224651,5.82955,4.09751,4.20308
3.03574082883501,5.35051765612466,5.81551188701794,5.85374,4.04692,4.20308
3.07368373151177,5.3765145160506,5.85068075805849,5.85374,4.04692,4.20308
3.07775488129748,5.38056498887771,5.88585178463447,5.85374,4.04692,4.20308
3.05464429279821,5.38975136676382,5.92214176629457,5.91092,3.92375,4.23827
3.04046417855103,5.43515594900707,5.95839866198069,5.91092,3.92375,4.23827
2.92244028760955,5.41828892574671,5.99619203951924,5.91092,3.92375,4.23827
2.95238122374975,5.37014712502069,6.03300191940957,5.91092,3.92375,4.23827
2.94046230018335,5.33678196682611,6.06734795517405,5.91752,3.85887,4.27236
2.97099581363512,5.29924462094634,6.09876681842791,5.91752,3.85887,4.27236
3.04608363056473,5.26442015260887,6.12858763300415,5.91752,3.85887,4.27236
2.99408670855254,5.25333198004367,6.15597692766433,5.91752,3.85887,4.36254
2.99663944245873,5.25627772483111,6.17984624227989,5.88343,3.90946,4.36254
3.02244911814287,5.23229601467124,6.19955992115857,5.88343,3.90946,4.36254
3.04346011616106,5.22738049999393,6.21523517999932,5.88343,3.90946,4.36254
2.99319502398858,5.23369476501491,6.2269113488894,5.89773,3.96224,4.33614
2.9735803016621,5.24035124483482,6.23252004740834,5.89773,3.96224,4.33614
3.0465219850958,5.23978688957782,6.23093909602177,5.89773,3.96224,4.33614
3.00604414367563,5.25147585132199,6.22355251390198,5.89773,3.96224,4.21738
3.00535900294314,5.24470131518461,6.2114033483406,5.96261,3.92045,4.21738
3.07055693858044,5.22371440949007,6.19473470634206,5.96261,3.92045,4.21738
2.98724520746579,5.23246556757743,6.17252270960991,5.96261,3.92045,4.21738
2.90532516048641,5.22513490316948,6.14863448417378,5.96261,3.98314,4.21188
3.00228769861936,5.17866054546935,6.12376572986706,5.84714,3.98314,4.21188
3.02558213173269,5.11953201760648,6.09581667503691,5.84714,3.98314,4.21188
3.06729789417524,5.07180018607782,6.06597475794351,5.84714,3.98314,4.21188
2.96236116109281,5.02621280083522,6.03638786723099,5.85264,4.15249,4.22287
2.85027736580098,4.99222554761169,6.00502312810576,5.85264,4.15249,4.22287
2.87208716418825,4.99020045724012,5.97278116172244,5.85264,4.15249,4.22287
3.0449227287973,4.98688760673242,5.94198869116967,5.85264,4.15249,4.18988
3.17383844377809,4.98253046112645,5.90937088494111,5.93292,4.10191,4.18988
3.1913598995458,4.99492425208384,5.88294276983978,5.93292,4.10191,4.18988
3.14821787076945,5.01926467199839,5.85689452528009,5.93292,4.10191,4.18988
3.05846495934713,5.03649385090762,5.8310200185448,5.80865,4.05572,4.17999
2.95519385299273,5.0689286689074,5.81200626382136,5.80865,4.05572,4.17999
2.79909204268268,5.10145775203652,5.79783705802692,5.80865,4.05572,4.17999
2.73742862169788,5.11158750154078,5.78850795192401,5.80865,4.05572,4.17999
2.81897611224722,5.12213110320638,5.78367410143543,5.75696,4.125,4.15249
2.97781350357001,5.14725384083978,5.78299515860563,5.75696,4.125,4.15249
3.09500750974428,5.15860883963342,5.78708319858559,5.75696,4.125,4.15249
3.14361837962382,5.12281355536561,5.79453614098869,5.75696,4.125,4.07991
3.30357757729839,5.08909342938632,5.80990133730683,5.86804,4.09311,4.07991
3.24141473748631,5.05826385709609,5.83128354873875,5.86804,4.09311,4.07991
3.00294811998894,5.02840654062367,5.85613069287801,5.86804,4.09311,4.07991
2.89712479681334,5.01693594557678,5.88856947640943,5.86804,3.99853,4.1316
2.86743184215233,5.03063627018133,5.92396044470535,5.89773,3.99853,4.1316
2.7463826580968,5.03659167862983,5.95984967908531,5.89773,3.99853,4.1316
2.82654793431062,5.03433047816632,5.99946646062641,5.89773,3.99853,4.1316
2.97456520679485,5.05147708811642,6.04255006646244,5.9978,3.85007,4.23717
3.05822010054019,5.07547094441426,6.08821453089236,5.9978,3.85007,4.23717
3.29142105314852,5.09024306170173,6.13652503671883,5.9978,3.85007,4.23717
3.00634209118346,5.12504179218182,6.18153643596427,5.9978,3.85007,4.35924
2.95131515074223,5.1546967229023,6.22526140022346,6.02309,3.68292,4.35924
3.18757870651646,5.16006790800091,6.26753944881482,6.02309,3.68292,4.35924
3.14347434856468,5.17115388471447,6.30720621504435,6.02309,3.68292,4.35924
2.98739502735976,5.19874024325493,6.34433881392438,5.9978,3.60704,4.47251
2.82112957425551,5.18371822653578,6.3770658905883,5.9978,3.60704,4.47251
2.74413526506597,5.13111666735851,6.40394090442267,5.9978,3.60704,4.47251
2.8615875097015,5.09354864015007,6.4258747479541,5.9978,3.60704,4.5033
2.98189893596866,5.0538473732029,6.44123281007159,5.93842,3.68512,4.5033
3.21500925208083,5.01539825938755,6.44909963851677,5.93842,3.68512,4.5033
3.21355889474732,5.00086109100542,6.45140465559343,5.93842,3.68512,4.5033
3.07262617643245,5.01785252626898,6.44993058462262,5.93842,3.84677,4.4923
3.06292831354794,4.99419582696994,6.44451689662542,5.91972,3.84677,4.4923
2.85229963457692,4.98657785436477,6.43335446014511,5.91972,3.84677,4.4923
2.80645394763284,4.98527300232651,6.42058717829607,5.91972,3.84677,4.4923
2.96494563602978,4.99638648928549,6.40551573380462,5.91532,3.95345,4.43512
3.10113825829156,5.0026568492652,6.38785164002625,5.91532,3.95345,4.43512
3.08026913233047,5.02081649499387,6.36680941816061,5.91532,3.95345,4.43512
3.10173405037403,5.02359895639036,6.34413963811753,5.91532,3.95345,4.37573
2.89734440393455,5.0037409230175,6.3200310503561,5.89663,4.01173,4.37573
2.98480769826906,5.01365700871432,6.29627277573497,5.89663,4.01173,4.37573
2.9812069940304,5.0236159234701,6.27432750685188,5.89663,4.01173,4.37573
2.96827665963136,4.98706311031988,6.25221159569456,5.90213,4.05462,4.30645
3.04778599237492,4.93369821669659,6.23516291840513,5.90213,4.05462,4.30645
3.00469226894586,4.89446633721139,6.21652167320053,5.90213,4.05462,4.30645
2.9772870427069,4.85762921366031,6.19750664026129,5.90213,4.05462,4.30645
3.03012961790026,4.8309345390525,6.18149137342556,5.96041,4.02603,4.30315
3.02418371076099,4.84748142342486,6.16746319919123,5.96041,4.02603,4.30315
3.00154625139979,4.86152293849092,6.15370218166708,5.96041,4.02603,4.30315
3.04089168540138,4.85810810518714,6.13927874498984,5.96041,4.02603,4.38233
3.04393796325757,4.87283741699707,6.12374421905187,5.94172,3.95455,4.38233
2.97578653048085,4.90704820509117,6.1078623642884,5.94172,3.95455,4.38233
2.912385945987,4.93670302005668,6.09100327708797,5.94172,3.95455,4.38233
2.96918742757164,4.97459813635722,6.0756472437858,5.94172,3.93145,4.44941
3.00214073807335,5.0166039557138,6.06061382667951,5.90103,3.93145,4.44941
3.05842217066784,5.02486577659712,6.04406848076683,5.90103,3.93145,4.44941
2.96382745900632,5.04679781151896,6.02957262503757,5.90103,3.93145,4.44941
2.95892214903473,5.08105431399184,6.01400077536841,5.86913,3.93915,4.43842
3.07444820794282,5.0965799146016,5.99767643504167,5.86913,3.93915,4.43842
3.10582472243787,5.05995422222637,5.98241246103425,5.86913,3.93915,4.43842
3.06049737132871,5.03234077761198,5.96885982243623,5.86913,3.93915,4.37573
2.96721171304294,5.00389607868073,5.95573718310219,5.90433,3.94245,4.37573
2.91452315789309,4.97638262131108,5.94547386631936,5.90433,3.94245,4.37573
2.90828254231673,4.97116888498624,5.93425414938212,5.90433,3.94245,4.37573
2.99728336147267,4.99400818075331,5.92487746072427,5.96921,3.88526,4.32735
2.99990853414402,4.99820629580997,5.91647839166847,5.96921,3.88526,4.32735
3.05326530577326,4.99415253312737,5.90855642346814,5.96921,3.88526,4.32735
3.05379954415327,5.01581329208254,5.90265835661277,5.96921,3.88526,4.32735
3.05567722360996,5.04607217097218,5.89765480431738,5.92962,3.88966,4.35814
3.04173478167936,5.06330252087002,5.89341350018739,5.92962,3.88966,4.35814
2.97040864184249,5.10323599048479,5.89048969486381,5.92962,3.88966,4.35814
2.94574296302414,5.13144793689093,5.88783043321943,5.92962,4.00183,4.39553
2.93215086308251,5.1377519520648,5.88479797585613,5.85484,4.00183,4.39553
2.94585067061248,5.16065226101209,5.88206624426464,5.85484,4.00183,4.39553
3.00766447055533,5.20393670366252,5.87964075886879,5.85484,4.00183,4.39553
3.0762420607524,5.18748488927037,5.87724898027438,5.84604,4.06782,4.36254
3.07629284048366,5.14435590130649,5.87368053884732,5.84604,4.06782,4.36254
3.05498123398283,5.1161740342226,5.87036489583696,5.84604,4.06782,4.36254
2.997659578793,5.08510491709755,5.86623012343754,5.84604,4.06782,4.29655
2.95578193018591,5.05914483140238,5.86418869981459,5.87573,4.01173,4.29655
2.96586108036738,5.05913425776836,5.86070513828603,5.87573,4.01173,4.29655
2.99512831940114,5.07689325563741,5.85596375779733,5.87573,4.01173,4.29655
3.00623335902962,5.0600443253831,5.85232560460582,5.91862,3.90946,4.26796
2.98364510546585,5.06528002871506,5.84855270070189,5.91862,3.90946,4.26796
2.98150676675983,5.08297629895264,5.84560382478239,5.91862,3.90946,4.26796
2.99854030882166,5.10279923909233,5.84208620061318,5.91862,3.90946,4.26796
3.01056168175405,5.11521902321895,5.83774320333968,5.87353,3.87427,4.31525
3.04284291228174,5.14273816573479,5.83426110306669,5.87353,3.87427,4.31525
3.06489132022221,5.15349295852851,5.83207401522356,5.87353,3.87427,4.31525
3.0205794378387,5.14910838911134,5.83076060000443,5.87353,3.87427,4.34604
2.96595886448279,5.17194389622391,5.82978426444102,5.78556,3.96334,4.34604
2.95537587781256,5.17955400841671,5.82768264422617,5.78556,3.96334,4.34604
2.96488987364159,5.1401361271022,5.82706560166544,5.78556,3.96334,4.34604
2.9919968323333,5.08732774529465,5.82855484495315,5.78556,4.03922,4.30095
3.03698677528205,5.04583198208147,5.83194617970298,5.77236,4.03922,4.30095
3.03134288183538,5.00335311564846,5.83796774922642,5.77236,4.03922,4.30095
3.03004829098362,4.97591564464316,5.84612240964392,5.77236,4.03922,4.30095
3.00445316395361,4.97424297890515,5.85460205379103,5.78996,4.05572,4.19648
3.03807089750202,4.96571401017995,5.8637649097688,5.78996,4.05572,4.19648
2.96122929640002,4.9495332081504,5.87704976136063,5.78996,4.05572,4.19648
2.95028044661648,4.95006158990175,5.89041815547445,5.78996,4.05572,4.05242
2.97387800404183,4.96090552083499,5.90585313370725,5.93402,3.96994,4.05242
2.96726882288201,4.96187147251495,5.92324293499013,5.93402,3.96994,4.05242
3.03262195723857,4.97892340170515,5.93984619195675,5.93402,3.96994,4.05242
3.03721509149658,4.99607560141688,5.95855494109949,5.90543,3.90286,4.07221
3.05793125112407,4.99206756950051,5.97802302764355,5.90543,3.90286,4.07221
3.13167510609417,4.98959190689612,5.99981883689349,5.90543,3.90286,4.07221
3.04074039138933,5.00045526962579,6.02165100857131,5.90543,3.90286,4.07221
2.95304524933604,4.989236934593,6.0436800133791,5.75587,3.96664,4.18878
2.80642063853491,4.93565822882706,6.06652516043331,5.75587,3.96664,4.18878
2.78633515639318,4.88688703934921,6.09057833919585,5.75587,3.96664,4.18878
2.9940033085083,4.84298089412026,6.11487209772065,5.75587,4.05022,4.21957
3.1391076168705,4.80111664077777,6.14189915706344,5.72837,4.05022,4.21957
3.21200541562988,4.77952349611762,6.17207413601401,5.72837,4.05022,4.21957
3.16995435221362,4.78787884898029,6.20242623630659,5.72837,4.05022,4.21957
3.02123904903476,4.78033712834468,6.23114464608633,5.93292,3.99413,4.19208
2.84821511062511,4.77502162446068,6.25872239576681,5.93292,3.99413,4.19208
2.85172632508633,4.78771824055972,6.28475822595134,5.93292,3.99413,4.19208
2.99255275701123,4.80855313324152,6.30997460350302,5.93292,3.99413,4.1118
2.92406455679158,4.82102034947124,6.3333396479047,6.19355,3.7412,4.1118
3.04693672527791,4.85493458459728,6.35449261083868,6.19355,3.7412,4.1118
3.08860432227951,4.88057326741888,6.3723455380415,6.19355,3.7412,4.1118
3.01520878479905,4.88181445631386,6.38704945199525,6.08138,3.64883,4.16239
3.1017273491468,4.89790510272927,6.39788011503473,6.08138,3.64883,4.16239
3.03717593535202,4.92912697669619,6.4056333597766,6.08138,3.64883,4.16239
3.02041888955451,4.92010025990133,6.40960917322232,6.08138,3.64883,4.16239
2.87762681311541,4.88426479045462,6.40877909017192,5.83724,3.85887,4.32405
2.84973366479372,4.86188394068058,6.40539292145716,5.83724,3.85887,4.32405
2.9091687763887,4.84018066789005,6.3983265619062,5.83724,3.85887,4.32405
3.00762596305587,4.82261385462441,6.38799207017237,5.83724,3.85887,4.33174
3.07938631559624,4.82272870973824,6.3762232529354,5.75257,4.09641,4.33174
3.24409871531498,4.87614035247395,6.36248262514388,5.75257,4.09641,4.33174
3.25032417670436,4.88612684885598,6.34791472591978,5.75257,4.09641,4.33174
3.00120420661744,4.91115201360083,6.33267673208819,5.75257,4.16349,4.21848
2.79149506424164,4.95426090276635,6.31842703252179,5.77786,4.16349,4.21848
2.80199931320587,5.00037211090933,6.30731227474245,5.77786,4.16349,4.21848
2.88251227628549,5.04583451897868,6.29783826587858,5.77786,4.16349,4.21848
2.99976376540112,5.10680367009044,6.29107696507505,5.90103,4.07111,4.1107
3.05381300753302,5.14498230001161,6.2870628252912,5.90103,4.07111,4.1107
3.07036317962508,5.17145205333005,6.28559496708071,5.90103,4.07111,4.1107
3.05347770823463,5.22164627139805,6.28527156927688,5.90103,4.07111,4.08321
3.01947702668324,5.26332328297902,6.2852443187224,6.05938,3.85997,4.08321
3.08472307389405,5.25894606719529,6.28884337070072,6.05938,3.85997,4.08321
3.08977278763354,5.24472861138521,6.29135140955073,6.05938,3.85997,4.08321
2.99774135611267,5.23499944882534,6.29485620119553,5.989,3.7599,4.28996
2.9467264128266,5.22399982636674,6.29896720525676,5.989,3.7599,4.28996
2.9637251173214,5.21685785715199,6.3023093895848,5.989,3.7599,4.28996
2.92361559336018,5.25026643134924,6.30369247393854,5.989,3.7599,4.28996
2.92010563424145,5.28339516225722,6.30279308317541,5.86474,3.82808,4.54289
2.92153093490192,5.28871539917265,6.29891079769144,5.86474,3.82808,4.54289
2.97861978837051,5.31236024207469,6.29008788038756,5.86474,3.82808,4.54289
3.0504589269142,5.34783026881129,6.27688087385341,5.86474,3.88306,4.4846
3.155993438654,5.37545531153481,6.25891776112118,5.88453,3.88306,4.4846
3.21657919149483,5.41102445720542,6.23669829299392,5.88453,3.88306,4.4846
3.07744892990806,5.4483368679152,6.20888429819848,5.88453,3.88306,4.4846
2.88983779521608,5.44609115315209,6.17827183630587,5.94611,3.90616,4.27016
2.86764089227441,5.46132529457179,6.14492332219377,5.94611,3.90616,4.27016
2.90599728707835,5.49044167595456,6.10745688731219,5.94611,3.90616,4.27016
2.97796654995489,5.49069416209145,6.06497214199681,5.94611,3.90616,4.23717
3.0155873796146,5.44749217686759,6.01978794230149,5.94611,3.95674,4.23717
2.98824359642582,5.41264472253189,5.97322990543058,5.94611,3.95674,4.23717
3.02529051415504,5.37589022104638,5.92741825051097,5.94611,3.95674,4.23717
3.00928657345953,5.33995952711781,5.88279191354797,5.88013,4.00073,4.34824
3.04190928307149,5.32007379277461,5.84068073175149,5.88013,4.00073,4.34824
3.07507386184326,5.33331527423832,5.79989850246482,5.88013,4.00073,4.34824
3.10086318320421,5.33121023563142,5.76124460510336,5.88013,4.00073,4.34824
2.94223757916802,5.32449536148359,5.72593113219029,5.83065,3.98534,4.40652
2.97691999271649,5.344617907497,5.69575200980763,5.83065,3.98534,4.40652
2.92798314709535,5.37117409219899,5.66912923418055,5.83065,3.98534,4.40652
2.96564638847457,5.39100617262634,5.644958784907,5.83065,3.98534,4.39333
3.02009140579736,5.42804980690262,5.62386863807983,5.81635,3.93585,4.39333
3.01434856605073,5.44700779638383,5.60588143191137,5.81635,3.93585,4.39333
3.01811370213148,5.44832920947999,5.591273732102,5.81635,3.93585,4.39333
3.00680602073989,5.46063749729655,5.57940150394838,5.81635,3.86987,4.33174
3.02065724978698,5.50940048466056,5.569998023482,5.86694,3.86987,4.33174
2.99292275159084,5.49365079378046,5.56269227650713,5.86694,3.86987,4.33174
3.01176131278626,5.45711798564016,5.55794060213218,5.86694,3.86987,4.33174
2.99885325778174,5.43124126953632,5.55673880266114,5.88233,3.83688,4.30205
2.99430127059822,5.40321213273805,5.55803418640177,5.88233,3.83688,4.30205
3.0028226954297,5.37799647613417,5.55986211537365,5.88233,3.83688,4.30205
3.02804223113674,5.37696354884292,5.56428119991038,5.88233,3.83688,4.34494
3.01219162514911,5.40067929863553,5.56981473738694,5.82075,3.87207,4.34494
3.00670061442075,5.39367850253566,5.57805082040183,5.82075,3.87207,4.34494
2.9253357644676,5.40865871993542,5.58858080483683,5.82075,3.87207,4.34494
2.97385991350733,5.43411617732095,5.60021256258816,5.83834,3.88746,4.32735
3.01080170907157,5.46243236038849,5.61354947125471,5.83834,3.88746,4.32735
3.09175948350487,5.48856697550613,5.62822016888225,5.83834,3.88746,4.32735
3.05321286125772,5.52155642098452,5.64390406698941,5.83834,3.88746,4.32735
2.9683712376688,5.52930368345058,5.6600235498895,5.89223,3.85557,4.19428
2.95433208415944,5.52511641480161,5.67810022515146,5.89223,3.85557,4.19428
3.01454506277735,5.55195488617102,5.69409230177384,5.89223,3.85557,4.19428
3.0419401656244,5.56663706779397,5.70948799705208,5.89223,3.88306,4.19868
3.01983541781979,5.53223303131202,5.72369749916136,5.86144,3.88306,4.19868
2.97014388698734,5.48757357819277,5.73668184262173,5.86144,3.88306,4.19868
2.94259167840929,5.44971199323388,5.74895003606126,5.86144,3.88306,4.19868
2.94755252009523,5.41159600482227,5.76064635003951,5.79435,3.94575,4.28556
2.98582460250076,5.37983081692672,5.77155339703709,5.79435,3.94575,4.28556
3.04720736976875,5.37779671315456,5.78127924498937,5.79435,3.94575,4.28556
3.07161837816508,5.38039837840012,5.79126774696337,5.79435,3.94575,4.26466
3.08798929146694,5.37170301978534,5.80027851659312,5.80205,3.95235,4.26466
2.98896497224571,5.37925857910373,5.80975806320994,5.80205,3.95235,4.26466
2.99087725020955,5.39841260094474,5.81958926955875,5.80205,3.95235,4.26466
2.95913297113606,5.41059539786359,5.82968736747436,5.83504,3.90066,4.18548
2.96354374064459,5.43683765095578,5.84151689573521,5.83504,3.90066,4.18548
2.98464915820428,5.46018093479411,5.8549666202734,5.83504,3.90066,4.18548
3.03019927828123,5.4573418732162,5.86887532710039,5.83504,3.90066,4.18548
3.01644442939087,5.45430721062092,5.88503950012538,5.87133,3.87867,4.14479
2.9975760739386,5.47197287541828,5.90046935759451,5.87133,3.87867,4.14479
3.0122286188239,5.47175842036961,5.91719282183154,5.87133,3.87867,4.14479
2.97620093573606,5.42419457915701,5.93352202264186,5.87133,3.87867,4.09201
2.95984645669572,5.38071174856949,5.94961250245841,5.96921,3.84897,4.09201
3.01918440143324,5.33887635453417,5.96509419800518,5.96921,3.84897,4.09201
3.02153013015466,5.29839583011654,5.97840329368113,5.96921,3.84897,4.09201
3.03616896090577,5.27145813426055,5.98902030741679,5.96921,3.82478,4.08101
3.06636943628605,5.26954260137904,5.99732514893404,5.9978,3.82478,4.08101
3.02445255429236,5.26710108064052,6.00318225737705,5.9978,3.82478,4.08101
2.98138417760158,5.2600052765697,6.0062231907505,5.9978,3.82478,4.08101
2.9756557502186,5.26812207009235,6.00565427360222,5.86254,3.88856,4.20968
2.93823012581698,5.28322628172548,6.0017673550008,5.86254,3.88856,4.20968
2.9587431013864,5.29597586193741,5.99537647329069,5.86254,3.88856,4.20968
2.98149613392462,5.32131028768301,5.9872203218185,5.86254,3.88856,4.35154
3.01001752920754,5.33641469676602,5.98015832583838,5.71518,4.00733,4.35154
3.07186579191593,5.32691362498356,5.97112875212986,5.71518,4.00733,4.35154
3.03614675968095,5.3305519927779,5.96161704231606,5.71518,4.00733,4.35154
2.99102252842068,5.3545436435826,5.9505935355834,5.75916,3.99963,4.31525
3.02864767812095,5.33422051752212,5.93961667079878,5.75916,3.99963,4.31525
2.996739475087,5.28771164741543,5.9289043822143,5.75916,3.99963,4.31525
3.02767939824893,5.25230410067929,5.91942772519948,5.75916,3.99963,4.31525
2.9841640552002,5.21697821104897,5.91423845652376,5.81195,3.87977,4.19208
2.96363929494779,5.18600433088909,5.91246075081113,5.81195,3.87977,4.19208
3.00842068608468,5.17951167413465,5.9109541323301,5.81195,3.87977,4.19208
3.02324184296403,5.20456937352222,5.91349234176264,5.81195,3.87207,4.21848
3.01302323854631,5.19598407004266,5.92209559694268,5.74377,3.87207,4.21848
2.98177123129972,5.20612135048774,5.93447448688072,5.74377,3.87207,4.21848
2.95948678433283,5.2300026123153,5.95092635239389,5.74377,3.87207,4.21848
2.94125894243648,5.2566280040416,5.96838933523393,5.78336,3.89736,4.22177
2.94534375533225,5.28234446090914,5.98874657279206,5.78336,3.89736,4.22177
3.00698813578282,5.3166741110532,6.01083986263755,5.78336,3.89736,4.22177
3.10901783392918,5.3286460826171,6.03616537070905,5.78336,3.89736,4.1327
3.17549381722183,5.32442982741383,6.06259415212679,5.88783,3.84897,4.1327
3.18896044130751,5.34194550908742,6.08839897855257,5.88783,3.84897,4.1327
2.94652387686373,5.3644160599889,6.1137001297303,5.88783,3.84897,4.1327
2.84705251991805,5.33168722552593,6.14009136680149,5.85594,3.83798,4.09531
2.83189843976813,5.28779457792345,6.16294238729736,5.85594,3.83798,4.09531
2.87318014988538,5.25029099930751,6.18497116166786,5.85594,3.83798,4.09531
2.96317203779015,5.21301751256641,6.20544635679356,5.85594,3.83798,4.09531
3.07714799757819,5.18271333132444,6.22313745594644,5.86804,3.84897,4.1184
3.18780282617947,5.19183387780599,6.23843051438398,5.86804,3.84897,4.1184
3.02861076573633,5.20006047278336,6.25004585899608,5.86804,3.84897,4.1184
2.88478313032987,5.18825620024614,6.26092747896991,5.86804,3.84897,4.1426
3.0926718523536,5.19621880526475,6.26957910978118,5.88563,3.85887,4.1426
3.19192144794749,5.2209390839504,6.27863083822467,5.88563,3.85887,4.1426
3.05777607863906,5.24017890621028,6.28356091904148,5.88563,3.85887,4.1426
2.93271168848091,5.26875046742973,6.2850854301534,5.88563,3.87647,4.23387
2.73203456011409,5.29987763528489,6.28685228226597,5.83944,3.87647,4.23387
2.88653072863474,5.30244808909437,6.29170431084772,5.83944,3.87647,4.23387
2.98189798135518,5.31062232263102,6.29298549319543,5.83944,3.87647,4.23387
3.10660757577503,5.33578690910217,6.29372229388076,5.88123,3.85997,4.22067
3.08616439618224,5.33593072286298,6.292708712666,5.88123,3.85997,4.22067
3.03997073602226,5.29207562508834,6.29094372912563,5.88123,3.85997,4.22067
3.05847908888068,5.25785543272839,6.28935528746918,5.88123,3.85997,4.09751
3.12745889034917,5.22005814371263,6.2870939912041,5.92742,3.89406,4.09751
2.9192871283246,5.18287974111202,6.28544979855582,5.92742,3.89406,4.09751
3.00033294973348,5.16572535196563,6.28486136294671,5.92742,3.89406,4.09751
2.966242885629,5.17528356006615,6.28428854195264,5.82075,4.01943,4.25806
2.85965843279165,5.1675471062551,6.28129848408599,5.82075,4.01943,4.25806
2.92945697175771,5.1575787229997,6.27924755184993,5.82075,4.01943,4.25806
2.98816210313622,5.16744507126238,6.27778566294856,5.82075,4.01943,4.25806
3.10677049928958,5.18613963704643,6.27478487064223,5.86254,4.04912,4.37903
3.11867164041112,5.19995646475968,6.27326604018919,5.86254,4.04912,4.37903
3.07610608981271,5.22804829457772,6.27104034017066,5.86254,4.04912,4.37903
2.86100041174737,5.23700822559071,6.27233590481979,5.86254,3.92375,4.27126
2.92700041964804,5.2257157874755,6.27278713526737,5.9912,3.92375,4.27126
3.14604724809926,5.23286816739077,6.27045050487045,5.9912,3.92375,4.27126
3.22581201588385,5.26723625285097,6.26959475376232,5.9912,3.92375,4.27126
2.86418848440996,5.24632530834574,6.27040721571809,5.92742,3.79619,4.27016
2.88044269430923,5.20995602691883,6.27119865230634,5.92742,3.79619,4.27016
2.86885939178448,5.18474712745914,6.27571522292718,5.92742,3.79619,4.27016
2.97142492888771,5.16103634304903,6.27721236090103,5.92742,3.79619,4.45161
3.08045554374846,5.1467213689922,6.28048582377018,5.75367,3.84128,4.45161
3.05876280781248,5.16051401970415,6.28411804643236,5.75367,3.84128,4.45161
3.0553593935064,5.19605550409878,6.28865867460012,5.75367,3.84128,4.45161
3.01560537961966,5.21142479760577,6.29485097720606,5.87573,3.92705,4.33724
2.88912759842104,5.24368243046273,6.30221747373814,5.87573,3.92705,4.33724
2.97604223934072,5.29116859134771,6.30875755233695,5.87573,3.92705,4.33724
3.15720108008743,5.34631613165984,6.31784652940795,5.87573,3.92705,4.33724
3.10876922071691,5.39778997423155,6.3250614328137,5.97031,3.97764,4.09531
2.97379735747872,5.45644220337017,6.33224144906741,5.97031,3.97764,4.09531
3.02108567644043,5.48538886249922,6.34138038985347,5.97031,3.97764,4.09531
2.91687792598712,5.51207652109218,6.34993080025274,5.97031,3.97764,4.22837
2.95955067636836,5.56802068015517,6.35963550045207,5.87243,4.02053,4.22837
2.88794843277867,5.60523954954717,6.36680663744265,5.87243,4.02053,4.22837
2.92941684857875,5.58696002967772,6.37621434913361,5.87243,4.02053,4.22837
2.97697613089896,5.55650803768212,6.38541787611237,5.87243,3.97654,4.43182
3.00907712626294,5.53063657944467,6.39446699195494,5.89223,3.97654,4.43182
3.11921355836844,5.50076663178469,6.4006652201144,5.89223,3.97654,4.43182
3.24253841606682,5.47216838242177,6.40579138065029,5.89223,3.97654,4.43182
3.05663483805854,5.47109309690668,6.41166320298551,5.91312,3.80389,4.42632
2.99085497150781,5.48110951892893,6.41851712292676,5.91312,3.80389,4.42632
2.89988569840602,5.46452418885278,6.42243908291743,5.91312,3.80389,4.42632
2.87996367966007,5.46247330896049,6.42467548465292,5.91312,3.80389,4.42412
2.9965462455959,5.46465565758977,6.42416613824868,5.90433,3.67632,4.42412
3.0182836939104,5.46886596660629,6.42198772466155,5.90433,3.67632,4.42412
2.9267378582552,5.48671657038209,6.41888460499555,5.90433,3.67632,4.42412
2.96923693659616,5.49750025463088,6.41374833923688,5.94721,3.71041,4.26246
3.00850126039452,5.47572648764877,6.40720992267066,5.94721,3.71041,4.26246
3.01339566286437,5.47059419051397,6.40067487045482,5.94721,3.71041,4.26246
3.15427507907365,5.48307600008533,6.39066216932223,5.94721,3.71041,4.26246
3.12831831217125,5.47343028859176,6.37802764588191,5.88563,3.90396,4.20198
3.03882536427047,5.4261509197099,6.36661343918544,5.88563,3.90396,4.20198
2.8564592599699,5.3859846213282,6.35337998229313,5.88563,3.90396,4.20198
2.96196165390687,5.34949606450592,6.33683327544777,5.88563,4.04142,4.30535
2.92253568791975,5.31769482410209,6.32114877740429,5.85814,4.04142,4.30535
2.91811472815565,5.30631735814229,6.30311430358318,5.85814,4.04142,4.30535
3.02560512122609,5.32026011567887,6.28486541477256,5.85814,4.04142,4.30535
3.09719600789942,5.32864625993501,6.26568659564891,5.88233,3.97654,4.33284
3.06702897695633,5.33897299166896,6.24670665657014,5.88233,3.97654,4.33284
3.01649673672736,5.370079461313,6.22810138740214,5.88233,3.97654,4.33284
3.10487797114966,5.40935552426384,6.20980615285267,5.88233,3.97654,4.26576
2.98325610012113,5.44487499170928,6.19290790461213,5.84384,3.85117,4.26576
2.93589649107013,5.48899534190484,6.18107092066823,5.84384,3.85117,4.26576
2.91560904534495,5.52144196497597,6.16886052444234,5.84384,3.85117,4.26576
2.92478163861875,5.52852113416561,6.16006243166714,5.78556,3.86547,4.24157
2.97834512044769,5.54560648326175,6.15214800875793,5.78556,3.86547,4.24157
3.03640568325953,5.57362082786527,6.14392176456831,5.78556,3.86547,4.24157
3.1065567208414,5.55799737193303,6.13851793089842,5.78556,3.86547,4.24157
3.04778388999548,5.51557368795358,6.13563292408807,5.88233,3.92595,4.16019
3.00137356901465,5.47971087141524,6.13381657932042,5.88233,3.92595,4.16019
3.02331092949294,5.44039074442059,6.13406202193721,5.88233,3.92595,4.16019
2.95430668653412,5.40220471811545,6.13679853135451,5.88233,3.92595,4.18328
2.99659947552901,5.38651522046202,6.14099926457784,5.85924,3.89296,4.18328
3.05168469453312,5.39408564445963,6.14752410964022,5.85924,3.89296,4.18328
2.99946357119458,5.37319618409317,6.15820588218849,5.85924,3.89296,4.18328
2.95684864969259,5.37165111170513,6.17111394945097,5.85924,3.85557,4.20088
2.97187587146425,5.37569706410862,6.18207931445974,5.83174,3.85557,4.20088
2.965424219613,5.37883077103787,6.19710338086662,5.83174,3.85557,4.20088
2.94863770937532,5.38311234010536,6.21125132296787,5.83174,3.85557,4.20088
2.98981415173048,5.39867181862637,6.22602730175162,5.88563,3.83248,4.1195
3.05826208133392,5.39561200073252,6.24111294918094,5.88563,3.83248,4.1195
3.11614199175901,5.36580924885144,6.25610088477615,5.88563,3.83248,4.1195
3.05681418165604,5.36505845017816,6.27090127167485,5.88563,3.83248,4.02823
3.09804504018829,5.37833125885723,6.28352205829551,5.94172,3.83358,4.02823
2.96607664531083,5.33547218040636,6.29728888538972,5.94172,3.83358,4.02823
2.87904198567892,5.28412187545779,6.30852997784343,5.94172,3.83358,4.02823
2.92396092793888,5.24010757063525,6.31712387321711,5.86913,3.88856,4.09421
2.95034982830219,5.19893537052712,6.32315193942047,5.86913,3.88856,4.09421
3.00971364190764,5.16720382328825,6.32692051690419,5.86913,3.88856,4.09421
3.0246969212478,5.17521676087974,6.32807146934729,5.86913,3.88856,4.09421
3.03294368887271,5.17845229580081,6.32721207360066,5.84494,3.96004,4.17229
3.04038903918657,5.1769106393473,6.32553991382303,5.84494,3.96004,4.17229
3.00914059110099,5.19523023238761,6.32314666806085,5.84494,3.96004,4.17229
3.10585258993745,5.22673028740943,6.31859909865177,5.84494,4.01283,4.20638
3.00456086891433,5.25516141519204,6.31258285312496,5.80205,4.01283,4.20638
2.93753711185818,5.29293397306731,6.30461615992548,5.80205,4.01283,4.20638
3.01129020303488,5.32902218532201,6.29455098075994,5.80205,4.01283,4.20638
2.91757464128149,5.32727799723014,6.28586086379458,5.86584,3.98864,4.21298
3.00604474102574,5.35068774176557,6.27674299597769,5.86584,3.98864,4.21298
2.97870345862727,5.38828596517107,6.26670199087634,5.86584,3.98864,4.21298
2.98223957914294,5.40136300660566,6.25675921444331,5.86584,3.98864,4.29435
3.05004423457569,5.36179278762014,6.24652940125584,5.88013,3.87317,4.29435
3.07201141156346,5.33641043242844,6.2364132148236,5.88013,3.87317,4.29435
3.08123125698813,5.30853470781555,6.22842998051159,5.88013,3.87317,4.29435
2.99242608461434,5.28055460128626,6.21922733392582,5.88013,3.7577,4.33834
2.93628659852144,5.27138807743,6.21101349728502,5.88013,3.7577,4.33834
2.93338908689566,5.28898745904866,6.20290527797839,5.88013,3.7577,4.33834
2.96493221115998,5.29041053693918,6.19664003960114,5.88013,3.7577,4.33834
2.97105310954339,5.28722387501285,6.19042607743611,5.84934,3.7379,4.33944
3.03360430794939,5.30405348394969,6.18417748136069,5.84934,3.7379,4.33944
3.07659813080391,5.3270355397535,6.17623793996665,5.84934,3.7379,4.33944
3.11452743327668,5.34690666455244,6.16793169764631,5.84934,3.7379,4.22617
3.00993262909769,5.37804526946069,6.15988587692533,5.90872,3.85777,4.22617
2.91674797509584,5.38715452841444,6.15136792745823,5.90872,3.85777,4.22617
2.93952593665798,5.38057952566946,6.1429935109606,5.90872,3.85777,4.22617
2.95371048949448,5.39263475366964,6.13486958463964,5.90872,3.99084,4.15579
3.07432644572482,5.42286533563912,6.12629560599717,5.91312,3.99084,4.15579
3.05205725833989,5.39489723015355,6.11874436077717,5.91312,3.99084,4.15579
3.00184950956917,5.35030478422183,6.11109431040296,5.91312,3.99084,4.15579
2.97710958075799,5.31729357977468,6.10277290073942,5.87353,4.08981,4.23937
2.97139780573618,5.28428451014659,6.09643733654965,5.87353,4.08981,4.23937
3.0232433449935,5.25782446040616,6.08864445149705,5.87353,4.08981,4.23937
3.05872156610179,5.25314806998925,6.08369809126945,5.87353,4.08981,4.31855
2.87925744232432,5.28099243817124,6.07940997975053,5.87683,4.06012,4.31855
2.95159772257755,5.27495328428079,6.07595692192572,5.87683,4.06012,4.31855
3.06838870873408,5.28988444321701,6.07480688183865,5.87683,4.06012,4.31855
3.09718213787653,5.32434660866499,6.07464276697555,5.89883,3.94025,4.29545
3.09447920829871,5.36460415968652,6.07652876214388,5.89883,3.94025,4.29545
3.03731096776233,5.40068794505442,6.07901981264591,5.89883,3.94025,4.29545
2.86798118692636,5.4413815587685,6.08232016922801,5.89883,3.94025,4.29545
2.92469767716059,5.46226070938612,6.08702254425734,5.93732,3.86107,4.22397
2.96745342044406,5.47221669842557,6.09242059015146,5.93732,3.86107,4.22397
2.99476160319662,5.50529157390161,6.09709046299066,5.93732,3.86107,4.22397
3.0518441069475,5.53132095142998,6.10210898717339,5.93732,3.91606,4.14809
3.06152580162466,5.51044230398095,6.10687175164548,5.94501,3.91606,4.14809
3.05782237218963,5.48208727082426,6.1118467436419,5.94501,3.91606,4.14809
2.97355612299002,5.45654943587052,6.11572152620195,5.94501,3.91606,4.14809
2.97976047075254,5.43123448281545,6.11667450533092,5.93732,4.00293,4.21298
2.98430091913568,5.41323662999421,6.11586317871861,5.93732,4.00293,4.21298
2.97898860607652,5.41819361089457,6.11229021102337,5.93732,4.00293,4.21298
2.97886492693296,5.43548703466348,6.10734832565216,5.93732,4.00293,4.36144
3.05834926557998,5.44419403194557,6.10103811070546,5.93292,3.97324,4.36144
3.02121374155384,5.46622270556318,6.09273692266743,5.93292,3.97324,4.36144
3.02044575030247,5.4962082367059,6.0823149261751,5.93292,3.97324,4.36144
3.01216259170964,5.51461015256647,6.06959195552288,5.91972,3.87097,4.34604
2.95411827375657,5.55225883119566,6.05486959458561,5.91972,3.87097,4.34604
2.96685703341187,5.58126334567611,6.04083777735936,5.91972,3.87097,4.34604
2.97977567841916,5.58499549386095,6.02352280275991,5.91972,3.87097,4.34604
3.03025205277521,5.59576805602839,6.00511739544778,5.89113,3.79839,4.31635
3.06390578075957,5.62286530654027,5.98713588928913,5.89113,3.79839,4.31635
3.00566000584467,5.63228661751974,5.97016203880254,5.89113,3.79839,4.31635
2.97068569695319,5.59633174612098,5.95366517454384,5.89113,3.79839,4.34164
3.00954359788449,5.56553514682684,5.93862801528366,5.83614,3.80938,4.34164
3.01140943184104,5.53505464865178,5.92208774511671,5.83614,3.80938,4.34164
3.00370854813459,5.50622543317818,5.90632651740884,5.83614,3.80938,4.34164
3.00489587346181,5.48570014590548,5.89104362384285,5.83614,3.81818,4.31085
2.96424700871864,5.49696597607508,5.87670450142946,5.85814,3.81818,4.31085
2.97872705302952,5.5085312758884,5.86458264780787,5.85814,3.81818,4.31085
2.99868950908376,5.51398008241251,5.85364423424237,5.85814,3.81818,4.31085
3.00791331848597,5.53452692620728,5.84332067458686,5.91092,3.77969,4.24157
3.07671271805605,5.56320714157826,5.83219428275466,5.91092,3.77969,4.24157
3.06498971093732,5.58682352630733,5.82398177768934,5.91092,3.77969,4.24157
3.01253277937374,5.62306947658853,5.81734773019126,5.91092,3.77969,4.1371
2.9591760169192,5.64280507515136,5.81104596186918,5.89003,3.85007,4.1371
2.91813486627753,5.63867828719181,5.8041190888609,5.89003,3.85007,4.1371
2.96479160816285,5.64624750481714,5.79816344365407,5.89003,3.85007,4.1371
2.97231384515423,5.6798296109698,5.79273265438058,5.86584,4.00183,4.1206
3.00319137387171,5.66631993158317,5.78874302619114,5.86584,4.00183,4.1206
3.0496422960003,5.62872181195271,5.7845617638327,5.86584,4.00183,4.1206
3.09739767892437,5.59822102590322,5.78177258204609,5.86584,4.00183,4.1206
3.04723969755832,5.56703080544846,5.77900156781075,5.86694,4.05462,4.15689
3.02006884565724,5.53898454349306,5.77590194958798,5.86694,4.05462,4.15689
2.96640471013524,5.5286383537173,5.773323542916,5.86694,4.05462,4.15689
2.93888359182618,5.56448958719259,5.76988549374868,5.86694,3.94245,4.14479
2.93816879855542,5.55661528590863,5.76612354526173,5.89003,3.94245,4.14479
3.01132413460326,5.56413380479571,5.76347294300066,5.89003,3.94245,4.14479
3.0611516276306,5.58974113625839,5.76430524646917,5.89003,3.94245,4.14479
3.00267929012464,5.61854245423936,5.76642128165969,5.84274,3.89516,4.05572
2.94040582381056,5.64752597362743,5.7693621585212,5.84274,3.89516,4.05572
2.99056794388083,5.67887206416777,5.77347684358491,5.84274,3.89516,4.05572
3.13909642211723,5.67865088594522,5.77855511248681,5.84274,3.89516,4.02053
3.05517532064713,5.66810360270144,5.78595063387832,5.80865,4.01503,4.02053
2.92554996671074,5.68098777186613,5.79496737246261,5.80865,4.01503,4.02053
2.87852335544376,5.7078752215212,5.805288478815,5.80865,4.01503,4.02053
2.93428849294549,5.66941199441092,5.81758326984126,5.85594,4.02933,4.1338
3.05503209918409,5.62586541191854,5.8320341643158,5.85594,4.02933,4.1338
3.1299241923659,5.58606432198556,5.84856180052569,5.85594,4.02933,4.1338
3.07605641329025,5.54702157495806,5.86580529477171,5.85594,4.02933,4.1338
3.12080337920255,5.51590842357526,5.88205950301804,5.88343,3.82258,4.24377
2.96740805946948,5.52647675392231,5.89745393667203,5.88343,3.82258,4.24377
2.87456900828266,5.52749375197019,5.91251988855968,5.88343,3.82258,4.24377
2.83606287192052,5.51838155211496,5.92672251545859,5.88343,3.82258,4.35264
2.81160786966116,5.52959070273748,5.94037796833286,5.91752,3.52236,4.35264
3.00375477694636,5.55636845521111,5.95366662787357,5.91752,3.52236,4.35264
3.2146217803245,5.5758038307713,5.96260711325819,5.91752,3.52236,4.35264
3.27742993093353,5.60384746814781,5.96939798225357,5.91752,3.54326,4.27676
3.08064032543475,5.62809698409909,5.97292231695439,5.88343,3.54326,4.27676
2.92203161112106,5.6119899252579,5.97290641906767,5.88343,3.54326,4.27676
2.8559823766493,5.61284249774804,5.96704039725149,5.88343,3.54326,4.27676
2.90509713689684,5.63867413783646,5.95834253912139,5.85484,3.79289,4.22837
2.97403328492645,5.63930383671653,5.94503039104962,5.85484,3.79289,4.22837
2.98215769037544,5.59024876318595,5.92914215604044,5.85484,3.79289,4.22837
3.02269788869708,5.5510042068152,5.90937764491693,5.85484,3.79289,4.16899
3.05724851090268,5.50860777475253,5.88651756143342,5.84604,4.04032,4.16899
3.11965126442099,5.46794528908391,5.86439420766911,5.84604,4.04032,4.16899
3.10018765567623,5.44507529234785,5.83859311631896,5.84604,4.04032,4.16899
2.96650041375299,5.44952406056019,5.81018042704445,5.84164,4.17339,4.05242
2.85783678146825,5.44071323094766,5.78144668847704,5.84164,4.17339,4.05242
2.84810668108902,5.43358234666222,5.75247377137984,5.84164,4.17339,4.05242
2.99285099942884,5.45009688327873,5.72748660064438,5.84164,4.17339,4.05242
3.07731577708822,5.47193162989091,5.70420245250647,5.86474,4.16459,3.98094
3.12653221444387,5.49340272488154,5.682085081903,5.86474,4.16459,3.98094
3.07967813756016,5.52489526945238,5.66186510581498,5.86474,4.16459,3.98094
2.95087782991753,5.53533394783679,5.64214079848503,5.86474,4.01833,4.06342
3.02643536458729,5.5293241707602,5.62590967534246,5.89993,4.01833,4.06342
3.008477904627,5.53892253914385,5.6106002830222,5.89993,4.01833,4.06342
2.96243338374755,5.58171121753805,5.59709301290302,5.89993,4.01833,4.06342
2.89410743959849,5.55730274002677,5.58837358631624,5.87463,3.84897,4.18878
2.98845943375481,5.52261313409611,5.58266507832953,5.87463,3.84897,4.18878
2.97140465447053,5.49527635616017,5.58264607678359,5.87463,3.84897,4.18878
3.11259541336503,5.46805925511945,5.584477220453,5.87463,3.84897,4.22067
3.09539991943288,5.44449574640942,5.58806479159781,5.81855,3.91826,4.22067
3.03725112715628,5.43836890643879,5.59142009805851,5.81855,3.91826,4.22067
2.95347851239004,5.46371656555205,5.59569275158811,5.81855,3.91826,4.22067
2.7818388952312,5.46906311236539,5.60155714927871,5.87353,3.95894,4.22067
2.89973256525507,5.49284677716284,5.60903333655024,5.87353,3.95894,4.22067
3.09633614391271,5.53019328879511,5.61595290164073,5.87353,3.95894,4.22067
3.17847268294961,5.56713742223518,5.62321173794541,5.87353,3.95894,4.22067
3.26239370235998,5.60500855267553,5.63121884266139,5.89113,3.87097,4.23937
3.03896894599146,5.64676855959734,5.64194718180544,5.89113,3.87097,4.23937
2.91091889421175,5.66067673101118,5.65154475436501,5.89113,3.87097,4.23937
2.76224159519937,5.67349455239223,5.66101098832358,5.89113,3.87097,4.21408
2.81261187302138,5.71278314972066,5.66773052780694,5.85924,3.82478,4.21408
2.99329950237082,5.72170033405244,5.67674955638066,5.85924,3.82478,4.21408
2.96095406215409,5.70225127793059,5.68506616196513,5.85924,3.82478,4.21408
3.11323571411815,5.67837664227259,5.69104952783746,5.85924,3.78299,4.20308
3.18343519924972,5.65390402768076,5.69548704222145,5.87243,3.78299,4.20308
3.06359357002847,5.63010734578326,5.69865140927592,5.87243,3.78299,4.20308
3.10508614232022,5.6144056775754,5.70236065943003,5.87243,3.78299,4.20308
3.03212224784391,5.61674362673399,5.70439511632498,5.84934,3.82478,4.21078
2.96532169530225,5.63586964432415,5.70417063900809,5.84934,3.82478,4.21078
2.8514678684377,5.64459540922754,5.70063714411008,5.84934,3.82478,4.21078
2.87851483176588,5.66760840457468,5.69554844810518,5.84934,3.82478,4.09971
2.94505464980734,5.69622136927162,5.68895758386546,5.81965,4.04252,4.09971
3.02477592419567,5.72057626936645,5.68368935327511,5.81965,4.04252,4.09971
2.96908847877084,5.75742234134868,5.67848214502569,5.81965,4.04252,4.09971
3.04900410106946,5.78181389019953,5.67328582379862,5.83394,4.32735,3.92265
3.09920381790946,5.77231868308,5.66888014241278,5.83394,4.32735,3.92265
3.14677438635532,5.77791758544361,5.66169771720598,5.83394,4.32735,3.92265
3.01149879463127,5.80294573071769,5.65401593760046,5.83394,4.32735,3.92265
3.01128509284379,5.80634175242503,5.64914703207825,5.89223,4.42082,3.85227
2.93056243783591,5.76904640638232,5.64594173664381,5.89223,4.42082,3.85227
3.03216567542111,5.73713468110789,5.64714644294059,5.89223,4.42082,3.85227
2.88197474801026,5.70512821021901,5.64939835413576,5.89223,4.19208,3.97544
2.80796556399453,5.67658256985399,5.65252422608907,5.90872,4.19208,3.97544
2.97673219683496,5.6661255918161,5.65391514719242,5.90872,4.19208,3.97544
3.20613679310981,5.67848101172388,5.65535003480013,5.90872,4.19208,3.97544
3.18908309731198,5.68929518977682,5.65961858130398,5.95051,3.82368,4.07331
3.0147921253467,5.70000822316046,5.66590924983231,5.95051,3.82368,4.07331
2.89676272571008,5.72752317669568,5.67340496523712,5.95051,3.82368,4.07331
2.88279420947566,5.76137802680857,5.6818790148466,5.95051,3.82368,4.1426
2.92150478503855,5.79515498741983,5.68785954003821,5.91532,3.70161,4.1426
3.09103162403002,5.83582802646695,5.69565797465471,5.91532,3.70161,4.1426
3.12898115263579,5.85603539496602,5.70330332562026,5.91532,3.70161,4.1426
3.06887670661917,5.85160905467066,5.70982126209789,5.83944,3.88636,4.22727
2.98992595445125,5.85484505854509,5.71444009451679,5.83944,3.88636,4.22727
2.91832544348272,5.89362538213134,5.71659719406405,5.83944,3.88636,4.22727
2.8612010878586,5.87940430743166,5.71789894125762,5.83944,3.88636,4.22727
2.91386144570325,5.83343638893419,5.71891036370182,5.84274,4.08541,4.18658
3.06564887241448,5.79446490976502,5.71700339138424,5.84274,4.08541,4.18658
3.13125519814773,5.75298700525789,5.71494996898581,5.84274,4.08541,4.18658
3.1450420466837,5.71206330061887,5.71222040285276,5.84274,4.08541,4.04252
3.06305728359078,5.69288343149479,5.71017496483745,5.89333,4.10081,4.04252
2.90097913173507,5.70675292366989,5.70323672490201,5.89333,4.10081,4.04252
2.83649801105389,5.68694827729387,5.69763437827774,5.89333,4.10081,4.04252
2.92860953558786,5.68034568179849,5.68889513694272,5.89333,4.00623,3.98644
3.0502621639142,5.68067368046769,5.68059879611221,5.93292,4.00623,3.98644
3.16770810501084,5.69778631321331,5.67097813637597,5.93292,4.00623,3.98644
2.99589228480119,5.7156440752186,5.65929476167199,5.93292,4.00623,3.98644
2.90184783231324,5.73313188691311,5.64644100315259,5.87573,3.98424,4.08101
2.9397581772952,5.72372789048283,5.63292059963819,5.87573,3.98424,4.08101
3.09846929132344,5.69762233405407,5.62039163704459,5.87573,3.98424,4.08101
3.08849627101409,5.69094496708758,5.60754065985821,5.87573,3.98424,4.1349
2.99379305952361,5.70644823341359,5.59237229135039,5.83065,4.08871,4.1349
2.97394673554569,5.66079264062191,5.5757120866515,5.83065,4.08871,4.1349
2.91434897793627,5.61394671913617,5.55661222886598,5.83065,4.08871,4.1349
2.98514852647162,5.56876617218306,5.53784910377768,5.84054,4.19868,4.07771
3.00563539676425,5.5261334716088,5.51809925154756,5.84054,4.19868,4.07771
3.0260632656711,5.48970467868224,5.49581896475496,5.84054,4.19868,4.07771
3.09314598528447,5.49184461861214,5.47287537784371,5.84054,4.19868,4.07771
3.0597951091471,5.4957454073066,5.44936415311126,5.89663,4.14589,4.08101
2.96863194799034,5.49448552218958,5.42488730736604,5.89663,4.14589,4.08101
2.84897243578272,5.51338487907815,5.3985622218442,5.89663,4.14589,4.08101
3.03440199171645,5.54706312373551,5.37215869856493,5.89663,3.95235,4.17009
2.98501500466048,5.57821970985765,5.34265959257571,5.90323,3.95235,4.17009
3.00501421551476,5.61773018226103,5.31370136329235,5.90323,3.95235,4.17009
3.07319924820083,5.65176760580134,5.28748757179368,5.90323,3.95235,4.17009
3.06299687193899,5.64684594795433,5.26036874654858,5.90323,3.7544,4.22727
2.963043627541,5.66117831787092,5.23255754402257,5.90323,3.7544,4.22727
2.89312548748613,5.69266974405536,5.20534176675094,5.90323,3.7544,4.22727
3.06166735614265,5.70524410203665,5.17900992346874,5.90323,3.7544,4.19978
3.10892216478203,5.68034485440896,5.15471484686379,5.86584,3.88196,4.19978
3.00033687996944,5.66055547660972,5.13062373471748,5.86584,3.88196,4.19978
2.95512534625943,5.63804074585971,5.10633293908958,5.86584,3.88196,4.19978
2.93425487316607,5.61841165627374,5.08345150126349,5.89113,4.09971,4.16349
2.96731438435124,5.61007901748633,5.0633415199398,5.89113,4.09971,4.16349
2.95068713408142,5.63576176612287,5.04524467098284,5.89113,4.09971,4.16349
2.97716539164989,5.65242538591112,5.02730072305363,5.89113,4.09971,4.16349
3.13805183848932,5.66581069834208,5.01092170785732,5.88343,4.17559,4.10081
3.16619898823475,5.70505451989886,4.99547403878009,5.88343,4.17559,4.10081
3.09210673517604,5.74751921798039,4.98287068229737,5.88343,4.17559,4.10081
2.9128231856373,5.7842617289556,4.97154497907542,5.88343,4.17559,4.06672
2.81124126364044,5.83154563558057,4.96199001727605,5.86144,4.1382,4.06672
2.74513015348257,5.8511344082074,4.9558512073936,5.86144,4.1382,4.06672
3.0289263185639,5.85896593960718,4.95137607738613,5.86144,4.1382,4.06672
3.23520187060126,5.88253961403013,4.94889570530008,5.86144,4.03372,4.08101
3.13597506847971,5.93326009810531,4.9454460423913,5.88563,4.03372,4.08101
3.06701341076568,5.91312551157642,4.94237503658064,5.88563,4.03372,4.08101
2.99390069447366,5.87983420358068,4.94019370176622,5.88563,4.03372,4.08101
2.92757570219072,5.85288033060333,4.93991097814327,5.92082,3.89186,4.08321
2.87813119447581,5.82342562461856,4.94276680336484,5.92082,3.89186,4.08321
2.96467407139953,5.79515109776171,4.9480394128714,5.92082,3.89186,4.08321
3.02280777908202,5.78558737464165,4.95308228440901,5.92082,3.89186,4.1151
3.08316989999293,5.80544060366176,4.9571998755038,5.83834,4.01063,4.1151
3.02251366988219,5.79018075329879,4.96335198829251,5.83834,4.01063,4.1151
2.96527793753433,5.79493489875534,4.9698609244773,5.83834,4.01063,4.1151
2.92023925566125,5.81252634285036,4.97460949511877,5.88673,4.16239,4.08651
2.97108410295451,5.83303969570578,4.98055617170193,5.88673,4.16239,4.08651
3.05045862323147,5.85314209884457,4.98790186409499,5.88673,4.16239,4.08651
3.0818854553109,5.87129906903592,4.99532363473677,5.88673,4.16239,4.08651
3.04552614098307,5.86014475281068,5.00320707190602,5.89223,4.1404,4.02933
3.07754508437125,5.83960821313946,5.01113828088393,5.89223,4.1404,4.02933
3.06864377132066,5.84963675514122,5.0204887780715,5.89223,4.1404,4.02933
2.97048638248634,5.85136198589934,5.03082297461432,5.89223,4.07771,4.05792
2.91373983418324,5.80244880439438,5.04176329043983,5.86364,4.07771,4.05792
2.81814814965192,5.74917311005871,5.05269511027967,5.86364,4.07771,4.05792
2.74340715552388,5.70019963989909,5.06367565919298,5.86364,4.07771,4.05792
3.01726139384955,5.65283361504043,5.073382953055,5.85154,4.02383,4.06672
3.2254451393335,5.61193793737995,5.08491943604763,5.85154,4.02383,4.06672
3.2791944804239,5.60059885104366,5.09994092793699,5.85154,4.02383,4.06672
3.15600866160058,5.5989787303798,5.11409187347964,5.85154,4.02383,4.06342
2.97792447544183,5.58734976623976,5.12852136524277,5.84164,4.08101,4.06342
2.92334502493288,5.59525103801968,5.14366738772349,5.84164,4.08101,4.06342
2.85742093891478,5.61612584011105,5.15907784171929,5.84164,4.08101,4.06342
2.77371466500415,5.63834968728863,5.17346729419452,5.86694,4.14919,4.03262
2.86571997783735,5.66733198259436,5.18854878041107,5.86694,4.14919,4.03262
3.11187580702976,5.68595638398009,5.20262034396619,5.86694,4.14919,4.03262
3.19464265637862,5.67426932442457,5.21855054247533,5.86694,4.14919,4.03262
3.08998546875883,5.67105455813363,5.234619129338,5.90103,4.1382,3.99084
3.07477951407588,5.69522712158552,5.25016883614386,5.90103,4.1382,3.99084
3.02629813440585,5.69941542760257,5.2648370090967,5.90103,4.1382,3.99084
2.93114316798989,5.66023090160545,5.27893632379179,5.90103,4.1382,4.00183
2.89200415000632,5.6276494496477,5.29322561694189,5.90982,4.07551,4.00183
2.90478576129373,5.59506645102088,5.30675277644825,5.90982,4.07551,4.00183
2.98873265259571,5.56579208912554,5.31953989609309,5.90982,4.07551,4.00183
3.04193675073107,5.54874745241552,5.33200826123919,5.90982,4.00953,4.09971
3.10460951724892,5.55862986307744,5.34438224068746,5.87683,4.00953,4.09971
3.06495042761931,5.5753322430894,5.35596518288945,5.87683,4.00953,4.09971
3.00735424072837,5.58739055404195,5.36687300863725,5.87683,4.00953,4.09971
2.92198001819668,5.61748693417516,5.37644840491298,5.83174,4.03812,4.15139
2.96705708023721,5.65113794548625,5.38512670788405,5.83174,4.03812,4.15139
3.02738461893646,5.68435387827602,5.39463659295521,5.83174,4.03812,4.15139
3.02317613351585,5.72714067156061,5.40510584531296,5.83174,4.03812,4.08651
2.99050777211688,5.75013013692626,5.41694467030991,5.82625,4.17669,4.08651
2.98111184152627,5.74759517896145,5.4287384641744,5.82625,4.17669,4.08651
2.95542168837595,5.76000959623589,5.43890723333362,5.82625,4.17669,4.08651
3.06053607806502,5.80277435280243,5.44902718858909,5.88343,4.25147,4.00843
3.05359641146213,5.79142029083272,5.45939191150704,5.88343,4.25147,4.00843
3.01077924444004,5.75769504381162,5.46830879028262,5.88343,4.25147,4.00843
3.00068312233295,5.72875780832194,5.47662783958392,5.88343,4.25147,4.00843
2.98433188826901,5.69867105683274,5.48605563544113,5.89773,4.18438,4.03922
2.97716158681147,5.67113151808946,5.4963310889735,5.89773,4.18438,4.03922
2.94780702065979,5.66508433939262,5.50553363089999,5.89773,4.18438,4.03922
3.00903516205273,5.69440596434317,5.51441793034961,5.89773,3.99743,4.1338
3.00694127423475,5.68545784149306,5.52144241311265,5.94831,3.99743,4.1338
3.00593394730236,5.69622364465946,5.526651037011,5.94831,3.99743,4.1338
3.01693361771147,5.71837413955423,5.52870900583981,5.94831,3.99743,4.1338
2.99284764092786,5.74407863598633,5.52805989999235,5.9835,3.72471,4.24817
3.0216587560546,5.770946741225,5.52591620385938,5.9835,3.72471,4.24817
3.14198632414573,5.8003169996462,5.5217067264502,5.9835,3.72471,4.24817
3.02474179592955,5.8004686718877,5.51441191319874,5.9835,3.72471,4.32295
2.93721113265138,5.78468617709717,5.50494462748772,5.93732,3.71151,4.32295
2.92658001993567,5.7966855377022,5.49314280738279,5.93732,3.71151,4.32295
2.9208398665921,5.81663915377871,5.47629893996283,5.93732,3.71151,4.32295
2.94527640336151,5.77184074819311,5.45644871951021,5.91532,3.95894,4.28226
3.00984257089374,5.72181606027466,5.43317936251832,5.91532,3.95894,4.28226
3.06237213680065,5.67383756863067,5.41072399080717,5.91532,3.95894,4.28226
3.0724518638366,5.62582885867795,5.3873309331563,5.91532,3.95894,4.28226
3.07483869857481,5.58194559045678,5.36422045068966,5.86584,4.24377,4.14809
3.01450337863126,5.57826915097041,5.34044497830286,5.86584,4.24377,4.14809
2.99490243084201,5.56633343474005,5.3181189085515,5.86584,4.24377,4.14809
3.00704783628014,5.54794539374662,5.29751398193056,5.86584,4.24377,4.01393
2.97682713983298,5.54625509243988,5.28062566356788,5.87463,4.41862,4.01393
2.90800677542073,5.55849963589819,5.26775678960405,5.87463,4.41862,4.01393
2.94833592246263,5.56848305905562,5.25917232357109,5.87463,4.41862,4.01393
2.9468490702992,5.58601678549792,5.2552408138342,5.87463,4.36474,3.94685
3.03625077628318,5.59942464960361,5.25569026002322,5.89223,4.36474,3.94685
3.11130805324119,5.57666757559377,5.2616205941904,5.89223,4.36474,3.94685
3.09962606371119,5.56837950448466,5.27153979430838,5.89223,4.36474,3.94685
3.01190018024097,5.58426904833499,5.2855317962445,5.91972,4.1316,3.98314
3.0456596181191,5.5792326798972,5.30437859990899,5.91972,4.1316,3.98314
2.98179760372232,5.52943437043019,5.32781212983821,5.91972,4.1316,3.98314
2.85966975169834,5.49084449814548,5.35425168003506,5.91972,4.1316,4.04802
2.88271947651717,5.45103851315847,5.38592789744193,5.87023,3.95455,4.04802
2.93546436593496,5.41505847089524,5.41911467486258,5.87023,3.95455,4.04802
3.170655504781,5.39844693329369,5.45327915011563,5.87023,3.95455,4.04802
3.11300699190312,5.41146248761758,5.4869960035031,5.89663,4.01173,4.03592
3.04370833689174,5.40717991237116,5.52110566656179,5.89663,4.01173,4.03592
2.94317683455192,5.41022450379407,5.55417006679546,5.89663,4.01173,4.03592
2.88370712840785,5.43646915618748,5.5843661443175,5.89663,4.01173,4.03592
2.95022741507382,5.46818717271292,5.61229193091126,5.97361,4.05022,3.95455
3.0979345367046,5.49786520664876,5.63763180530187,5.97361,4.05022,3.95455
3.10090427838559,5.53516640726607,5.6598293303104,5.97361,4.05022,3.95455
3.06459304763374,5.54706284140575,5.67918996097819,5.97361,4.10521,4.01613
3.00647097535932,5.54587744339203,5.69457843805482,5.90543,4.10521,4.01613
2.96850572354468,5.55994614519762,5.70575723985397,5.90543,4.10521,4.01613
2.90873665620241,5.60115115429327,5.71433093702019,5.90543,4.10521,4.01613
2.85668800918745,5.5761150443931,5.7192722372928,5.83174,4.25257,4.1294
2.91926084572278,5.54181167415386,5.72194763781957,5.83174,4.25257,4.1294
3.03937147327072,5.51359845566775,5.72205712675112,5.83174,4.25257,4.1294
3.13030067537785,5.48528173736953,5.7214126761859,5.83174,4.25257,4.07111
3.10339797664156,5.4605269194979,5.7201373722005,5.82515,4.31965,4.07111
3.07892423890839,5.45800241744028,5.71902807523625,5.82515,4.31965,4.07111
3.01669616701201,5.48658632419736,5.71796795955511,5.82515,4.31965,4.07111
2.99706263886921,5.48650525023398,5.7178278121969,5.84054,4.27676,4.01613
2.93867180171625,5.50923638265003,5.71928277224231,5.84054,4.27676,4.01613
2.99773003604252,5.54460670638066,5.72153945357824,5.84054,4.27676,4.01613
2.95000468929031,5.58109579445943,5.72549056430612,5.84054,4.27676,4.01613
2.8822469151613,5.61958877573327,5.7305174078414,5.85264,4.17779,4.06342
2.96705294111628,5.66129022282481,5.74042887059612,5.85264,4.17779,4.06342
3.04844753076224,5.67412239961442,5.75230836774286,5.85264,4.17779,4.06342
3.06809996608595,5.68030781933698,5.76664021095456,5.85264,4.17779,4.10191
3.10609871875993,5.71989483530095,5.78287297674125,5.91532,4.04142,4.10191
3.00835901677735,5.74684682377418,5.79954961735392,5.91532,4.04142,4.10191
2.93803391820953,5.72154709113133,5.81601222337827,5.91532,4.04142,4.10191
3.0028591358411,5.69078293241248,5.83336171741479,5.91532,3.86987,4.16019
3.00987783632448,5.6629693730156,5.84976222871493,5.97911,3.86987,4.16019
3.0011203268726,5.6349174501836,5.86532736366687,5.97911,3.86987,4.16019
3.01575766559875,5.61162241696296,5.87941643299029,5.97911,3.86987,4.16019
3.01823355163833,5.61837482334077,5.89162741114307,5.96151,3.78519,4.25916
2.97334932887885,5.62682581326209,5.901551077791,5.96151,3.78519,4.25916
2.99260007729214,5.62508300654683,5.90675999423693,5.96151,3.78519,4.25916
3.02022696796329,5.6372598957616,5.90952550689204,5.96151,3.78519,4.30425
2.96142475065352,5.65845857495614,5.91033583294402,5.91862,3.88966,4.30425
2.9884394722047,5.6758704297576,5.9099788176686,5.91862,3.88966,4.30425
3.01063415620616,5.70414925224461,5.90501233102403,5.91862,3.88966,4.30425
2.99434709619903,5.72367781918611,5.89762603348086,5.94721,4.06122,4.20528
3.00848455184064,5.7132665916158,5.88773854103,5.94721,4.06122,4.20528
3.01769259068989,5.70857670213875,5.87591692500012,5.94721,4.06122,4.20528
3.0255627386057,5.72539130930112,5.86207463419967,5.94721,4.06122,4.20528
3.06849031127651,5.71511903993412,5.84882382594554,5.95381,4.15359,4.10081
3.06886697478085,5.66410863633832,5.83518741073466,5.95381,4.15359,4.10081
2.99422294736156,5.62053711698875,5.82112349739227,5.95381,4.15359,4.10081
2.9174995697779,5.57606171513195,5.80987461441007,5.95381,4.24047,4.1151
2.8994435827358,5.53387827857604,5.8026324249341,5.89223,4.24047,4.1151
2.93000289319725,5.50785867395193,5.79942552562401,5.89223,4.24047,4.1151
3.02703691344228,5.50772365265698,5.80110924403319,5.89223,4.24047,4.1151
3.0727146127565,5.50073339763349,5.807357825012,5.90543,4.25257,4.08431
3.05660171750512,5.49545104847255,5.81805484322034,5.90543,4.25257,4.08431
3.02859246906401,5.50472196374506,5.83465057551452,5.90543,4.25257,4.08431
2.97392966470848,5.52266811660439,5.85568258386367,5.90543,4.25257,4.01393
3.06061362762193,5.54081014563905,5.88277596507274,5.91972,4.1437,4.01393
3.06048734941174,5.56572159417592,5.91519013667279,5.91972,4.1437,4.01393
3.00276921629248,5.57639359957822,5.95323550503903,5.91972,4.1437,4.01393
2.87066277137117,5.56151679869827,5.99514733088016,5.85704,4.125,4.09311
2.95185119221837,5.5586247397664,6.04216656195651,5.85704,4.125,4.09311
3.00924830960828,5.58670139008703,6.09326667141628,5.85704,4.125,4.09311
3.01279238976244,5.56000142201288,6.14681905438694,5.85704,4.125,4.09311
3.02837769413226,5.5095244677866,6.20255717386045,5.85484,4.18988,4.09641
3.01149117664005,5.46859789903823,6.25987449855006,5.85484,4.18988,4.09641
2.96300518456237,5.42709425014608,6.3185234787486,5.85484,4.18988,4.09641
3.00379561695573,5.38941375753355,6.37755748720391,5.85484,4.18988,4.00293
3.08378308500898,5.37439615503834,6.43753875751842,5.87353,4.24267,4.00293
3.087208405553,5.39257963516992,6.4972403773085,5.87353,4.24267,4.00293
3.03621733420562,5.37600173587704,6.55584623617964,5.87353,4.24267,4.00293
2.95563983899412,5.38050378897264,6.61392021527693,5.87353,4.24817,3.93145
2.95301030114482,5.40047653755658,6.6707120208981,5.88673,4.24817,3.93145
2.95024011330705,5.41899626024745,6.72463569096887,5.88673,4.24817,3.93145
2.91833668775329,5.44000588815796,6.77515786600543,5.88673,4.24817,3.93145
2.91134970380168,5.46657780758145,6.82235267192016,5.93952,4.14919,3.87097
3.0512276432068,5.47053344205789,6.86629158524203,5.93952,4.14919,3.87097
3.07179028599128,5.45803148264207,6.90543238970109,5.93952,4.14919,3.87097
3.09133800365317,5.47298270873398,6.93966145780917,5.93952,4.14919,3.88526
3.07340443096516,5.48983551991057,6.96837210690455,5.9978,3.99853,3.88526
3.08647303643699,5.44699948046912,6.98929206638887,5.9978,3.99853,3.88526
2.99371607084553,5.40116217549069,7.00450837003568,5.9978,3.99853,3.88526
2.94975152548252,5.3592104441416,7.01428109151291,5.93072,3.98974,4.03482
2.90240695975404,5.31743046344244,7.01898175474612,5.93072,3.98974,4.03482
2.89731712111117,5.28279483080402,7.01501058003889,5.93072,3.98974,4.03482
2.965034444019,5.29264083409716,7.00508859641898,5.93072,3.98974,4.03482
2.99586121227582,5.28587827817728,6.98916059824836,5.85044,4.18988,4.19098
3.07009044686503,5.2703643827482,6.96745593963514,5.85044,4.18988,4.19098
3.04703990407343,5.27493721401672,6.93952248558901,5.85044,4.18988,4.19098
3.00162584323641,5.29343151596104,6.90659205453837,5.85044,4.27566,4.1085
3.04524130001408,5.30633612578738,6.86828863764406,5.89443,4.27566,4.1085
3.06920459447638,5.32919610229529,6.82594768800596,5.89443,4.27566,4.1085
3.03309740633917,5.347209381283,6.78061416384233,5.89443,4.27566,4.1085
3.01210222828836,5.32829653761508,6.73341524446012,5.89773,4.21848,4.04692
3.01404899795707,5.32714065577633,6.68440933614279,5.89773,4.21848,4.04692
2.96183346777646,5.34905670222645,6.63364925708361,5.89773,4.21848,4.04692
2.89670227640997,5.34168799923072,6.58291848716083,5.89773,4.21848,4.10521
2.92899852575999,5.29521463095212,6.53332739372199,5.87683,4.18658,4.10521
2.93751773116737,5.26088757924164,6.48490081027764,5.87683,4.18658,4.10521
2.95404735718744,5.22651435479322,6.43703428861808,5.87683,4.18658,4.10521
3.04049581125442,5.19630541170126,6.39163998105299,5.94941,4.114,4.06122
3.13369482750496,5.18812191422944,6.34735718127708,5.94941,4.114,4.06122
3.15065171230652,5.21322526486451,6.3048936399809,5.94941,4.114,4.06122
3.05538112871576,5.21985403791887,6.26390357478006,5.94941,4.114,4.06122
3.01728754341744,5.23100505315986,6.22480364802052,5.9934,4.00293,4.03702
2.96382933599311,5.26738150386456,6.18550631727112,5.9934,4.00293,4.03702
2.95170693657498,5.31038989155521,6.14759265803638,5.9934,4.00293,4.03702
2.90278337987761,5.35022472082995,6.11064410000447,5.9934,4.00293,4.15359
2.95087735192366,5.40338195553195,6.07394723119922,5.92522,4.07661,4.15359
2.98780587787798,5.43229239948093,6.03834584101567,5.92522,4.07661,4.15359
3.00550039259369,5.44745452329048,6.00372625077415,5.92522,4.07661,4.15359
2.99013355592651,5.47857965464688,5.96982150745906,5.92522,4.20418,4.16239
3.01931375146169,5.53633345269213,5.93653238011413,5.93182,4.20418,4.16239
3.01197823070824,5.52177152591028,5.90185483204558,5.93182,4.20418,4.16239
3.0356922954394,5.49744290037772,5.8670251219624,5.93182,4.20418,4.16239
3.07786245151209,5.477974766511,5.834682931458,5.96151,4.15139,4.08541
3.09154356351972,5.45620319854234,5.80297117228394,5.96151,4.15139,4.08541
3.0588051824693,5.43619521896091,5.77251231372743,5.96151,4.15139,4.08541
2.99982052107451,5.43825747459102,5.74509311054154,5.96151,4.15139,4.18438
2.92712367446905,5.46939859127736,5.72051766780805,5.88673,4.1228,4.18438
2.88788607884276,5.46577492435802,5.69872465100478,5.88673,4.1228,4.18438
2.91956361588416,5.48128683445208,5.68066566295325,5.88673,4.1228,4.18438
2.95539651542653,5.50784940876169,5.6662223386451,5.88673,4.17119,4.23057
2.96483897289304,5.5347519347733,5.65593770948604,5.88673,4.17119,4.23057
2.99062943932588,5.56420845881381,5.64962305128819,5.88673,4.17119,4.23057
3.10473538750677,5.5986493461855,5.64965278339624,5.88673,4.17119,4.23057
3.14002176279618,5.60537623541938,5.65350433862296,5.94172,4.1349,4.15469
3.10773801176617,5.60143729230769,5.6596638410125,5.94172,4.1349,4.15469
3.07285917696959,5.63108513324126,5.6693983898431,5.94172,4.1349,4.15469
3.03432788363183,5.64019638647061,5.68203833893547,5.94172,4.06891,4.18328
2.91603773971571,5.6083181730256,5.69720400392913,5.92082,4.06891,4.18328
2.87276851313595,5.57451563679645,5.71277014901822,5.92082,4.06891,4.18328
2.82917925744882,5.54162588556327,5.73056187585907,5.92082,4.06891,4.18328
2.91266773183107,5.51031869151744,5.7518742810145,5.88013,4.1382,4.26136
3.07341586971765,5.48451757039723,5.77549983272664,5.88013,4.1382,4.26136
3.05567182707794,5.49006990647253,5.79991232902045,5.88013,4.1382,4.26136
3.07235171158617,5.50382110863891,5.82718895838696,5.88013,4.1382,4.16239
3.09480595857795,5.50647025136399,5.85578583025827,5.91752,4.19648,4.16239
3.06092870100297,5.52781337150038,5.88617838640701,5.91752,4.19648,4.16239
3.02096410666566,5.56002898434821,5.91856354009955,5.91752,4.19648,4.16239
2.95673466302664,5.58755436055844,5.95113443047173,5.9901,4.10411,4.02163
2.93876103247384,5.62883123756411,5.98315466416321,5.9901,4.10411,4.02163
2.9916340188998,5.66133437359003,6.01757832393116,5.9901,4.10411,4.02163
2.99552282204455,5.66571034121498,6.05049260276149,5.9901,4.10411,4.02163
3.05488712764211,5.68141242813736,6.08123276124509,5.97361,4.00183,4.06782
2.95018803174958,5.71358294549273,6.1142293206912,5.97361,4.00183,4.06782
2.95499417625304,5.71759880425351,6.14600910779329,5.97361,4.00183,4.06782
3.02072194485549,5.68197706918606,6.1749190523926,5.97361,4.00183,4.24047
3.02736637421931,5.65431947537083,6.20179213825396,5.90762,4.06342,4.24047
2.97161083446312,5.62382474489743,6.22727580984302,5.90762,4.06342,4.24047
2.94265432762493,5.59400652789555,6.25029027739883,5.90762,4.06342,4.24047
3.03499109643099,5.57479468144482,6.27116345068519,5.90762,4.22947,4.24377
3.12003658250827,5.58387145967574,6.28861328848048,5.87353,4.22947,4.24377
3.04702871492167,5.58720064115997,6.30257128481499,5.87353,4.22947,4.24377
2.97681553223941,5.58721635232041,6.31167322735521,5.87353,4.22947,4.24377
3.02262255346595,5.60291432724946,6.31729816572764,5.87793,4.31635,4.1404
2.99370016989156,5.6194774262424,6.31941341527005,5.87793,4.31635,4.1404
2.98858898706624,5.63726391793893,6.31640968859057,5.87793,4.31635,4.1404
2.96057740612384,5.66200265403337,6.31344763772612,5.87793,4.31635,4.05682
2.88293240325495,5.67032331664402,6.30879091754716,5.87903,4.24817,4.05682
2.93383325310505,5.65226849969205,6.30266283040793,5.87903,4.24817,4.05682
3.11366765545546,5.65201767399549,6.29691451618479,5.87903,4.24817,4.05682
3.01062484069004,5.67795178146689,6.29017287391797,5.90213,4.16899,4.03702
3.03401811424142,5.64918435965458,6.28328754356035,5.90213,4.16899,4.03702
3.17519152572223,5.59646340469243,6.27539834172692,5.90213,4.16899,4.03702
2.97839443535684,5.55474477155725,6.2666420145263,5.90213,4.16899,4.03702
2.88200010152833,5.51319591815011,6.25913681003213,5.95271,4.1151,3.97874
2.95952878537042,5.47593495719868,6.25140720813374,5.95271,4.1151,3.97874
2.99292747259467,5.46636992817168,6.24391823362301,5.95271,4.1151,3.97874
3.01790838284667,5.48426320872414,6.2358352523053,5.95271,4.1404,4.03482
3.08604162896016,5.4651809261841,6.2277558006378,5.93732,4.1404,4.03482
3.02811424911216,5.46750917703614,6.22030098227634,5.93732,4.1404,4.03482
2.9640274840855,5.48647493292786,6.21233560379296,5.93732,4.1404,4.03482
2.95578408362661,5.50756664117261,6.20600909307253,5.88453,4.20748,4.18988
2.98835609118168,5.53078637315165,6.19813775712694,5.88453,4.20748,4.18988
2.99706127576364,5.55532510354235,6.19052550407882,5.88453,4.20748,4.18988
2.92489835835531,5.55721865408506,6.18534825340637,5.88453,4.20748,4.19428
3.05534157593587,5.53785140570123,6.17968250125375,5.88893,4.21188,4.19428
3.07463788268687,5.54696911951016,6.17397962984164,5.88893,4.21188,4.19428
3.05192999936345,5.56109860685359,6.1682434018575,5.88893,4.21188,4.19428
3.05494353360828,5.50905089284136,6.16372699482973,5.93182,4.1437,4.1129
2.96760731752615,5.45381120225687,6.16134972930196,5.93182,4.1437,4.1129
2.95639875709732,5.40147839855859,6.16047019002983,5.93182,4.1437,4.1129
2.9503472612649,5.34926743789558,6.1623981555075,5.93182,4.1437,4.1129
2.98021628704009,5.30734425604521,6.16631158599922,5.91642,4.1173,4.1338
3.04768119916809,5.30656447457981,6.1759913298847,5.91642,4.1173,4.1338
3.00948599973256,5.28378292377046,6.18925359259079,5.91642,4.1173,4.1338
2.94874608052367,5.25961117013441,6.20621342702234,5.91642,4.1173,4.09751
3.01641694272907,5.25127626312335,6.22838193204093,5.97251,4.1239,4.09751
3.0263270484559,5.25692760712687,6.25241520794777,5.97251,4.1239,4.09751
2.99333404900645,5.25812685830343,6.2788919021486,5.97251,4.1239,4.09751
2.97244528229317,5.27134789049004,6.30487517354759,5.97251,4.1063,3.98644
3.09535826699005,5.28146856150083,6.33227138057001,6.03299,4.1063,3.98644
3.01171125534894,5.25863493596473,6.35938898660979,6.03299,4.1063,3.98644
3.03126625759215,5.2475549368219,6.38799230554238,6.03299,4.1063,3.98644
3.05369710172318,5.26406615751981,6.41455304033323,5.94501,4.20638,4.1338
2.97015118121777,5.25217591182198,6.439015102654,5.94501,4.20638,4.1338
2.95543107392141,5.1883669411069,6.46206494608725,5.94501,4.20638,4.1338
2.88304006358518,5.14373665645591,6.48281037652632,5.94501,4.20638,4.26686
2.96638066242991,5.09732838918368,6.49970251133248,5.90762,4.32405,4.26686
2.99281707740871,5.05451335279565,6.51234997925443,5.90762,4.32405,4.26686
2.98623560067468,5.03326888461103,6.52487525582019,5.90762,4.32405,4.26686
3.08679699460595,5.04367652754772,6.53453426109484,5.95711,4.27126,4.1294
3.04557940347689,5.03016414911589,6.53895322308965,5.95711,4.27126,4.1294
3.06853682294751,5.02717000117716,6.54319023109277,5.95711,4.27126,4.1294
3.11364216187914,5.04663467378057,6.54649954826524,5.95711,4.27126,4.1294
3.05474921971244,5.07180292216902,6.54746641183491,5.94831,4.20088,4.114
2.92204871677003,5.09189768158176,6.54740813692511,5.94831,4.20088,4.114
2.93122447140357,5.12699846900881,6.54629555910743,5.94831,4.20088,4.114
2.95876908133713,5.1392952494984,6.54805049988433,5.94831,4.18438,4.14919
2.79995084849017,5.13792331062669,6.54674680158305,5.94941,4.18438,4.14919
2.95972962872521,5.15605559835755,6.5432284774707,5.94941,4.18438,4.14919
3.05533693232775,5.19360041739155,6.54326020654818,5.94941,4.18438,4.14919
3.13563768682269,5.17799382633458,6.54193059827857,5.93292,4.19428,4.07001
3.07143013624627,5.15318501198126,6.53889174375092,5.93292,4.19428,4.07001
3.09222120149577,5.13552318636684,6.53494835418513,5.93292,4.19428,4.07001
3.09671282263345,5.12005036514279,6.53288700438606,5.93292,4.19428,4.1195
2.96827679021413,5.11248646750268,6.53005617833138,5.86584,4.32515,4.1195
2.8570230336618,5.13434547333623,6.52482746108545,5.86584,4.32515,4.1195
2.96151133359087,5.18534447315071,6.51884123399976,5.86584,4.32515,4.1195
3.02512017295823,5.20268019230098,6.5109791978706,5.91642,4.28006,4.04582
2.90176733409426,5.24662594192783,6.50214768210521,5.91642,4.28006,4.04582
2.85397964231029,5.30379544973009,6.48951639641199,5.91642,4.28006,4.04582
3.10980363014054,5.36134076347616,6.47682776719354,5.91642,4.28006,4.04582
3.17180691163643,5.4228058037502,6.46359015503712,5.94391,4.1129,3.92155
3.0511126484798,5.48901067012307,6.44877832309562,5.94391,4.1129,3.92155
3.05190164222066,5.52547881426652,6.43274089426997,5.94391,4.1129,3.92155
3.02302452469418,5.5553124623395,6.41404301232854,5.94391,4.1129,3.91496
3.03250861957098,5.61470362709548,6.39448859850083,5.96151,4.1272,3.91496
2.78186471149817,5.64663122302003,6.37390362687056,5.96151,4.1272,3.91496
2.90420525486006,5.63679509900472,6.35089078351084,5.96151,4.1272,3.91496
3.11523692049646,5.62006282367074,6.32568726231759,5.96151,4.23277,3.97764
2.9408245024829,5.60223205172791,6.29816560087837,5.95051,4.23277,3.97764
2.95650728374387,5.58172838211965,6.27087700209936,5.95051,4.23277,3.97764
3.10001594234012,5.56669722839933,6.23905658580425,5.95051,4.23277,3.97764
3.14491447797962,5.58124651381487,6.20707902759688,5.91532,4.25696,4.14589
3.08075686524975,5.59255907195968,6.17374764516221,5.91532,4.25696,4.14589
2.91524561803702,5.59160934458573,6.14134210944955,5.91532,4.25696,4.14589
2.91662754089421,5.60612461117756,6.10642164552695,5.91532,4.25696,4.18328
2.95867500542744,5.62761498861351,6.0716887402516,5.92852,4.17449,4.18328
2.96741482570447,5.63643903257456,6.03816498750387,5.92852,4.17449,4.18328
2.96880936044587,5.66694806648434,6.00399811868436,5.92852,4.17449,4.18328
3.0902237808793,5.68904659358173,5.96734670960956,5.96371,4.1118,4.1206
3.0995688270839,5.68072141843114,5.93232445253903,5.96371,4.1118,4.1206
3.04692580385976,5.68115276396843,5.89913471528811,5.96371,4.1118,4.1206
2.93025995639093,5.70392585808966,5.86596670681294,5.96371,4.1118,4.1206
2.94207309311912,5.69361547575713,5.83284567198805,5.96371,4.10081,4.1151
3.0235980747938,5.64758329261179,5.80355670752947,5.96371,4.10081,4.1151
2.97933380505229,5.60962214633423,5.77898042058792,5.96371,4.10081,4.1151
2.95613713450825,5.57040492082584,5.75545214821569,5.96371,4.17119,4.17009
3.0530783446924,5.53323679112952,5.73557644734948,5.92852,4.17119,4.17009
3.01596451962104,5.50811086924743,5.72043310286286,5.92852,4.17119,4.17009
3.03550364817224,5.51431781534272,5.71057273975613,5.92852,4.17119,4.17009
2.99134767847902,5.51238137730954,5.70089189171466,5.90762,4.26906,4.16899
3.007528030593,5.50934009421882,5.69504878589112,5.90762,4.26906,4.16899
2.97923284110754,5.52186795911339,5.69656988983269,5.90762,4.26906,4.16899
3.00897848632303,5.54752048391201,5.70079998783705,5.90762,4.26906,4.15249
2.96777612249964,5.57047143461997,5.70708462064396,5.90872,4.27786,4.15249
3.0544693521028,5.59890662352327,5.71849949616026,5.90872,4.27786,4.15249
3.05822669620534,5.61040165952995,5.733832005937,5.90872,4.27786,4.15249
2.98949468948385,5.59761583043826,5.75210910733177,5.96041,4.15469,4.06342
2.94988948285207,5.60446208945215,5.77116915587867,5.96041,4.15469,4.06342
3.00076068714708,5.63337177065598,5.79313161254326,5.96041,4.15469,4.06342
2.95969424249834,5.6108077585923,5.81798810084493,5.96041,4.15469,4.06342
2.97365254772,5.56847454200988,5.8435375342302,5.96811,4.07001,4.05792
3.03981046293059,5.53540934144533,5.87017979060262,5.96811,4.07001,4.05792
3.02548994327597,5.50317174796157,5.89849335167032,5.96811,4.07001,4.05792
3.0311500450861,5.47511846500317,5.92777495348531,5.96811,4.07001,4.08651
2.9674109704795,5.47162167778487,5.95581396420472,6.0022,4.07771,4.08651
3.02550081694872,5.49959902473579,5.98372679562425,6.0022,4.07771,4.08651
3.07270739454552,5.49085020207815,6.00899123820671,6.0022,4.07771,4.08651
2.96809154212037,5.5035862709463,6.03327921801777,6.0022,4.1162,4.05572
2.94798715408182,5.53367985848467,6.05762673104647,6.0132,4.1162,4.05572
3.00764757858435,5.56253150845317,6.076809831459,6.0132,4.1162,4.05572
3.02846959086123,5.59200024528625,6.0946994329917,6.0132,4.1162,4.05572
3.02584651311395,5.62373097763623,6.10761648075815,5.96481,4.24047,4.17339
2.96554761831241,5.62489074052464,6.11579545629577,5.96481,4.24047,4.17339
3.0071719362371,5.61086965330315,6.11909707609284,5.96481,4.24047,4.17339
2.96267251274904,5.62831752715972,6.11749903813418,5.96481,4.24047,4.20968
2.94048153396442,5.64119791595408,6.10835403622588,5.94721,4.27236,4.20968
3.00649851422274,5.60121508228257,6.09304710295893,5.94721,4.27236,4.20968
3.10995786485413,5.56027235079006,6.07333099236323,5.94721,4.27236,4.20968
3.08248292631811,5.5199506456397,6.04818591240252,5.89333,4.23057,4.20968
2.99147933546688,5.48135903645529,6.01941625425198,5.89333,4.23057,4.20968
3.02994694402194,5.44880661377158,5.98844900773806,5.89333,4.23057,4.20968
2.9698623432597,5.4619787852504,5.95406823481851,5.89333,4.23057,4.20968
2.93082416160292,5.46607320700206,5.92004861654412,5.86254,4.24597,4.24157
2.87817284822905,5.46025248037624,5.88540536339206,5.86254,4.24597,4.24157
3.01983999243988,5.47795902637929,5.85164382326149,5.86254,4.24597,4.24157
2.964099053436,5.50935657747881,5.81942416943334,5.86254,4.23937,4.03702
3.04270074016716,5.53737090193368,5.78993730151914,5.93842,4.23937,4.03702
3.16947338292311,5.57710306642788,5.76434147415167,5.93842,4.23937,4.03702
3.02348528912949,5.60653866986114,5.74209704271364,5.93842,4.23937,4.03702
3.06167004057791,5.59895974256274,5.72536268868457,5.97361,4.23827,3.89516
2.97590824468026,5.61260846794981,5.71342609955107,5.97361,4.23827,3.89516
2.95613243617272,5.65001236427646,5.70424078130567,5.97361,4.23827,3.89516
3.00644635004812,5.6600210460794,5.6992572853496,5.97361,4.23827,3.91386
2.9439803402676,5.63309650491598,5.69781236034914,5.97471,4.26466,3.91386
2.85361205321211,5.61227916842415,5.69864492480478,5.97471,4.26466,3.91386
2.92726852074812,5.58953971472015,5.70262715595726,5.97471,4.26466,3.91386
3.10278797240017,5.57015615151649,5.70789224791482,5.97031,4.24487,3.99084
3.01683785936402,5.56962468116511,5.71527732693171,5.97031,4.24487,3.99084
3.08120489318398,5.60379124866632,5.72319277874922,5.97031,4.24487,3.99084
3.14075414933313,5.61147179916836,5.73059169273703,5.97031,4.24487,3.99084
3.04323988539152,5.62828538187647,5.73728522458999,5.9824,4.19978,4.09421
3.0205799768668,5.66765041601663,5.74294232920677,5.9824,4.19978,4.09421
2.93964551265381,5.71228478280986,5.74764843960484,5.9824,4.19978,4.09421
2.90341706511922,5.75046135235953,5.74937312679172,5.9824,4.19978,4.1096
2.86605794817338,5.79863692079831,5.75046757608551,6.0033,4.17889,4.1096
2.97303457993633,5.82068111820323,5.7502243773471,6.0033,4.17889,4.1096
3.04346796292225,5.8286507149637,5.74851684367173,6.0033,4.17889,4.1096
3.10358869934422,5.84932827373657,5.74470367806972,6.0033,4.26576,4.30645
3.1145488546467,5.89068217576166,5.7409273933116,5.94941,4.26576,4.30645
2.98053195349004,5.86339724786653,5.73573473500832,5.94941,4.26576,4.30645
2.95226376334691,5.82901955339558,5.72967129091032,5.94941,4.26576,4.30645
3.00631602954113,5.79534240717472,5.72637150998585,5.91972,4.28226,4.39003
2.94130033528071,5.75891829624969,5.72254317475924,5.91972,4.28226,4.39003
2.93281427834383,5.72278883032671,5.72163336359839,5.91972,4.28226,4.39003
3.0270253546429,5.70642892936502,5.71902075098349,5.91972,4.28226,4.20638
3.07692420438008,5.71830367840625,5.71779751159993,5.95601,4.23937,4.20638
3.08233583593764,5.69610882936881,5.72078907043529,5.95601,4.23937,4.20638
3.05103365210843,5.6992215370658,5.72407832308624,5.95601,4.23937,4.20638
2.99850638397369,5.71231064585843,5.72853358278388,5.9813,4.22837,4.09641
2.93071000019669,5.7279078307944,5.73341451083939,5.9813,4.22837,4.09641
2.87965229365166,5.74653756918239,5.74120616513854,5.9813,4.22837,4.09641
2.950516780281,5.76365283848241,5.74952513783884,5.9813,4.22837,4.09641
3.01087749432632,5.75091014500271,5.75958934920855,5.93512,4.24927,4.21188
3.0819245382293,5.73577063572394,5.77148394160169,5.93512,4.24927,4.21188
3.10106874435058,5.75576863001114,5.78360713923399,5.93512,4.24927,4.21188
3.05258597458627,5.76105649963434,5.79723564181272,5.93512,4.28006,4.23607
3.01354577023876,5.72419733983845,5.81077326278115,5.93622,4.28006,4.23607
2.9190856573211,5.68995842458177,5.82471714864719,5.93622,4.28006,4.23607
2.93200462281739,5.65770029035129,5.83766004324936,5.93622,4.28006,4.23607
2.94065579934089,5.62938431473505,5.85009740852728,5.9813,4.25587,4.04252
3.02035613939937,5.60779195152719,5.86142682659255,5.9813,4.25587,4.04252
3.06398340262481,5.61449315795504,5.87192892092225,5.9813,4.25587,4.04252
3.05817138552914,5.63666754406481,5.88456559209386,5.9813,4.25587,3.87207
2.92883925183732,5.65355107015687,5.89381917563702,6.0022,4.28336,3.87207
3.06540834722548,5.68535943545805,5.89986049068698,6.0022,4.28336,3.87207
3.12372086546416,5.72986846052645,5.9059643755161,6.0022,4.28336,3.87207
2.96315758996148,5.77352218766495,5.91002334593706,5.95931,4.38013,3.98864
2.98746143557628,5.82388063854226,5.91301749961617,5.95931,4.38013,3.98864
2.90988057727784,5.86269349364723,5.91512647407753,5.95931,4.38013,3.98864
2.89923116032357,5.86916214767895,5.91441575644222,5.95931,4.38013,3.98864
2.9908133776328,5.88564507735419,5.9130096710497,5.91862,4.39113,4.20308
3.02314057092042,5.9278999848205,5.90926080034448,5.91862,4.39113,4.20308
3.01383682216663,5.93095128552022,5.90288832318646,5.91862,4.39113,4.20308
3.05790015134861,5.90156149616949,5.89398379277531,5.91862,4.39113,4.27566
3.08917740897078,5.87782460421219,5.8835359738367,5.90982,4.26356,4.27566
3.06583254158446,5.84992383113877,5.87310287433133,5.90982,4.26356,4.27566
3.04922645185461,5.82211507867632,5.86394143038091,5.90982,4.26356,4.27566
2.99506666677813,5.80668601837021,5.85845093583265,5.90982,4.05902,4.25696
2.91175512783994,5.8192215162914,5.85374181658514,5.92192,4.05902,4.25696
2.8956789163561,5.82324584131166,5.84816517129223,5.92192,4.05902,4.25696
2.95725000234866,5.82443552907667,5.84641008747687,5.92192,4.05902,4.25696
3.06022183290302,5.83923667765521,5.84727127816927,5.90652,3.96774,4.21848
2.91288225371977,5.85873491831159,5.85180510082997,5.90652,3.96774,4.21848
2.93666706501383,5.8822798208837,5.86146464013836,5.90652,3.96774,4.21848
3.0820847639412,5.9078977375928,5.87585481232099,5.90652,3.96774,4.27676
3.13417786292011,5.90968727586867,5.89520255592645,5.87353,4.1063,4.27676
3.1769997871145,5.8836089381444,5.91849381996318,5.87353,4.1063,4.27676
3.04838063667254,5.87512269029135,5.94052489297059,5.87353,4.1063,4.27676
2.91184143958846,5.89821674460293,5.96634433014865,5.92962,4.26906,4.14589
2.94445598936889,5.87007935419434,5.9950870522721,5.92962,4.26906,4.14589
2.86101957661317,5.82776887560596,6.02199623862667,5.92962,4.26906,4.14589
2.8528457924757,5.78772584338961,6.04845917640171,5.92962,4.26906,4.14589
2.94236903934575,5.7501137143597,6.07226912028902,5.95821,4.33284,3.98094
3.11246183946332,5.71879000196197,6.09385352895332,5.95821,4.33284,3.98094
3.19285937472764,5.7033157472216,6.11262252293139,5.95821,4.33284,3.98094
3.22426908833331,5.74021909894063,6.12836462196387,5.95821,4.31085,4.03702
3.12832596393514,5.74071920014432,6.1421716881547,5.93072,4.31085,4.03702
2.79273290722541,5.7631073785248,6.15251121868025,5.93072,4.31085,4.03702
2.6667539104987,5.80264974357045,6.16199884909105,5.93072,4.31085,4.03702
2.88708991982198,5.84744122786139,6.16655608549818,5.90872,4.21848,4.1151
3.00862538081172,5.89774402360695,6.16660246427089,5.90872,4.21848,4.1151
3.09823143923584,5.94356816898135,6.16419512834858,5.90872,4.21848,4.1151
3.22023043711478,5.95145435900203,6.16036029026676,5.90872,4.21848,4.01833
3.15307864905912,5.96079357914855,6.1545874844939,5.92632,4.1217,4.01833
3.06875755692205,5.99220403921336,6.14805838623667,5.92632,4.1217,4.01833
2.93784112889262,6.03337281319196,6.1443060217388,5.92632,4.1217,4.01833
2.85874674903279,6.01666835251185,6.14045703040302,5.89223,4.1239,4.1118
2.98897765967696,5.99922106736788,6.13800169939511,5.89223,4.1239,4.1118
2.9751233087223,5.97701555817663,6.13731418138189,5.89223,4.1239,4.1118
2.93210348891588,5.95550366746463,6.13932210327664,5.89223,4.1239,4.1118
2.92835568697742,5.93768925185541,6.14645583689708,5.91312,4.18548,4.1173
2.96776160777791,5.95507518234526,6.1571192941805,5.91312,4.18548,4.1173
3.04581758320354,5.97620540306393,6.16863611645355,5.91312,4.18548,4.1173
3.03441642974814,5.98282924246781,6.18414912542565,5.91312,4.18548,4.02603
3.09906259238039,6.01043139961347,6.20175172406485,5.93622,4.23277,4.02603
3.18733607490711,6.04752132820122,6.21903000933822,5.93622,4.23277,4.02603
3.07583753396438,6.0832225577182,6.2371566285512,5.93622,4.23277,4.02603
3.03419366486609,6.12613699683798,6.25516258485886,5.93622,4.30205,3.95015
2.79304935928861,6.1467239681661,6.27264009949754,5.96811,4.30205,3.95015
2.76937123080149,6.12966869189349,6.28823624580858,5.96811,4.30205,3.95015
2.95768297927498,6.13987408716067,6.30272413434282,5.96811,4.30205,3.95015
3.10713874762032,6.17597488242454,6.31342405999227,5.95821,4.36474,3.96884
3.08275413535365,6.18123969973211,6.31693056725075,5.95821,4.36474,3.96884
3.07510164089348,6.15395884969939,6.31873775452261,5.95821,4.36474,3.96884
3.06711399516393,6.12926120693774,6.31866423460811,5.95821,4.36474,4.16459
3.0115337639399,6.10360828840869,6.31519010170903,5.94172,4.29545,4.16459
2.95078038064815,6.08224472240724,6.31049049536542,5.94172,4.29545,4.16459
2.83734988750694,6.07332817158587,6.30136497319999,5.94172,4.29545,4.16459
2.93108622660417,6.1019751672763,6.29077820873013,5.94721,4.09861,4.21848
3.05564991376854,6.11250601492895,6.27722102105069,5.94721,4.09861,4.21848
3.08395240043085,6.13044315846854,6.26124679387732,5.94721,4.09861,4.21848
3.05939500750952,6.17260293899663,6.2469531810692,5.94721,4.09861,4.21848
3.09761733867773,6.22251913045467,6.23265625877523,5.93182,4.04692,4.18218
3.06895125100162,6.27133949637827,6.21771953288131,5.93182,4.04692,4.18218
2.96261652865425,6.31923334094805,6.20337290117199,5.93182,4.04692,4.18218
2.97735168022411,6.32364309799016,6.19225234320322,5.93182,4.21738,4.15469
2.89816982354809,6.3262860249026,6.18238970411705,5.92632,4.21738,4.15469
2.90466288939023,6.33678040007592,6.17346872872132,5.92632,4.21738,4.15469
2.90409608321746,6.39174179844778,6.16606280303456,5.92632,4.21738,4.15469
3.00607556936736,6.37074048800238,6.15988626661452,5.94282,4.37903,4.08761
3.10129736590319,6.34273866233147,6.1517448307521,5.94282,4.37903,4.08761
3.04372472142071,6.31434371123142,6.14446927152135,5.94282,4.37903,4.08761
3.11868992711727,6.28478534274738,6.13298505796191,5.94282,4.37903,4.19978
3.12952660730196,6.26027028117903,6.12226518926187,5.91532,4.42522,4.19978
3.01784517337372,6.26156722039026,6.11219785149131,5.91532,4.42522,4.19978
2.9343720892981,6.27273765663902,6.10245763386146,5.91532,4.42522,4.19978
2.83494761975029,6.26972649736283,6.09181000533923,5.90982,4.18878,4.4989
2.945125844905,6.28510965187918,6.08269693660967,5.90982,4.18878,4.4989
2.95816024167881,6.30977160930247,6.07280987045472,5.90982,4.18878,4.4989
3.03355063489163,6.34013776397345,6.06330040179678,5.90982,4.18878,4.4989
3.061850111964,6.36970156717905,6.05634200323825,5.95381,3.82148,4.46371
2.99464831126342,6.38855274424013,6.05106191832263,5.95381,3.82148,4.46371
2.97294188570443,6.37246407426366,6.04774969083645,5.95381,3.82148,4.46371
3.0706387362377,6.34869031230397,6.04681334881342,5.95381,3.82148,4.31745
3.17595439943241,6.35189751462459,6.04612373593624,5.95491,3.82588,4.31745
3.03091686710996,6.35338352537104,6.04735956457539,5.95491,3.82588,4.31745
3.01393354599076,6.30248534196341,6.05219844727864,5.95491,3.82588,4.31745
2.95717729694642,6.24622876260325,6.05919021523466,5.95491,4.19978,4.17889
2.82304974230925,6.1885284427668,6.06734770129994,5.95271,4.19978,4.17889
2.79373588862353,6.13161268741073,6.07449533981361,5.95271,4.19978,4.17889
2.9133153696997,6.08036104251458,6.0795595138144,5.95271,4.19978,4.17889
3.04275877177875,6.05007342957171,6.08326524679894,5.97471,4.52969,4.06891
3.30842499272661,6.03069514450334,6.08396349741884,5.97471,4.52969,4.06891
3.18858869729041,6.01493079925745,6.08355788253409,5.97471,4.52969,4.06891
3.01317541493975,6.01716684007586,6.08265140427716,5.97471,4.52969,4.1162
2.94351879070228,6.02868631396487,6.07826571695607,5.97141,4.56488,4.1162
2.96738290811524,6.04181697409513,6.07232689208955,5.97141,4.56488,4.1162
2.8382017149932,6.05834803950125,6.06430331735576,5.97141,4.56488,4.1162
2.9231261091359,6.06125549035378,6.04994384869276,5.94391,4.34604,4.27346
3.07336971475078,6.03434975362479,6.03127568739422,5.94391,4.34604,4.27346
3.1126150803175,6.02566996806149,6.00921033951083,5.94391,4.34604,4.27346
2.98800848279669,6.0544440961815,5.98840846747957,5.94391,4.34604,4.27346
2.88327158450684,6.05185445513208,5.96719022071538,5.94721,4.1294,4.26466
2.86694626652426,6.00434279660553,5.94708925171355,5.94721,4.1294,4.26466
3.089079251114,5.97102344863186,5.92606037332339,5.94721,4.1294,4.26466
3.21513465173883,5.936771076587,5.9059539260064,5.94721,4.02933,4.33944
3.15433349222457,5.90596898997991,5.88765630770155,5.94501,4.02933,4.33944
3.05272279122237,5.88789850655252,5.87284206558658,5.94501,4.02933,4.33944
2.80056371631276,5.88733304854367,5.86479800050057,5.94501,4.02933,4.33944
2.79127225768725,5.89378151601535,5.85817871248891,5.95271,4.09091,4.25916
2.87471689414458,5.89991711540511,5.85185672544447,5.95271,4.09091,4.25916
3.00896907612287,5.92183228119698,5.8496890084344,5.95271,4.09091,4.25916
3.17301191771385,5.94683826673933,5.85020454900259,5.95271,4.09091,4.1371
3.20565971747941,5.97104323649089,5.85046544220741,5.94611,4.29545,4.1371
3.15058314415894,5.99141735656312,5.85258257851629,5.94611,4.29545,4.1371
3.04661737268151,5.98898366130719,5.85416186558862,5.94611,4.29545,4.1371
2.85473013672579,5.96216141711684,5.85876850141501,5.95381,4.41202,4.22067
2.67301192095472,5.95782488192155,5.86394641896533,5.95381,4.41202,4.22067
2.81952686109284,5.96925129732429,5.86509807579302,5.95381,4.41202,4.22067
3.09923217393806,5.92426443713447,5.86238059473985,5.95381,4.41202,4.22067
3.2661545405071,5.86503419731673,5.85845891169684,5.94721,4.26906,4.22947
3.17659584469402,5.81298555363569,5.85137893356965,5.94721,4.26906,4.22947
3.01367853623356,5.76203176622928,5.84467101245686,5.94721,4.26906,4.22947
2.81620513431126,5.71697242374238,5.83883491138145,5.94721,4.26906,4.25696
2.9272310445045,5.69736613159498,5.8328568376091,5.95051,4.03262,4.25696
3.04398485464813,5.69953322424418,5.82678242217284,5.95051,4.03262,4.25696
3.09515042547962,5.67638435340627,5.82144634368067,5.95051,4.03262,4.25696
3.07235542752788,5.67464821317254,5.8159913943966,5.95051,4.00073,4.17339
2.8858743828356,5.6889536173217,5.81361018548483,5.92412,4.00073,4.17339
2.80410374273637,5.70818614997346,5.81992371517548,5.92412,4.00073,4.17339
3.05175122547116,5.72663440773249,5.83274820703205,5.92412,4.00073,4.17339
3.1327250194519,5.74347739108717,5.84566600291865,5.93402,4.16679,4.07771
3.04477093065866,5.72895225393607,5.86186227355874,5.93402,4.16679,4.07771
3.06865110973839,5.7055397050285,5.88304089587219,5.93402,4.16679,4.07771
3.02583763037951,5.7120662419187,5.90877482840414,5.93402,4.16679,4.1217
2.99430083635946,5.72278628862129,5.93678945009093,5.96041,4.24707,4.1217
2.97781580991924,5.66960595303853,5.97181210718707,5.96041,4.24707,4.1217
2.82163356369467,5.61501779225599,6.00872238621827,5.96041,4.24707,4.1217
2.84777283043275,5.56409534044383,6.04558117878161,5.94062,4.17669,4.23717
3.00526580362241,5.51476861234865,6.08369426848898,5.94062,4.17669,4.23717
3.16624795415536,5.47220067951945,6.1197605185892,5.94062,4.17669,4.23717
3.24697579117596,5.47111859464036,6.14964992341905,5.94062,4.17669,4.23717
3.09059576734376,5.45224550144675,6.17749446369821,5.87903,4.19098,4.20858
2.90816032802325,5.44092907526987,6.20694965755091,5.87903,4.19098,4.20858
2.8906911992861,5.44993677110066,6.23463311652418,5.87903,4.19098,4.20858
2.91297673973321,5.46621415201346,6.25667944266889,5.87903,4.28666,4.16019
2.931469885832,5.47351388369325,6.27629755432721,5.86474,4.28666,4.16019
3.01414615355686,5.49531750235304,6.29216660075054,5.86474,4.28666,4.16019
3.22290315097728,5.50687014656768,6.30312844085044,5.86474,4.28666,4.16019
3.03498676395227,5.4788048280699,6.30583868286682,5.90213,4.32295,4.04802
2.67503003534401,5.47377051651738,6.31149258442245,5.90213,4.32295,4.04802
2.97634806388829,5.50324596912618,6.31660925717284,5.90213,4.32295,4.04802
3.13521589127769,5.49881632703962,6.31910126723614,5.90213,4.32295,4.1096
3.13472455473331,5.45724191472902,6.32006839837032,5.96151,4.20418,4.1096
3.07349744038595,5.42762775764059,6.32234377137255,5.96151,4.20418,4.1096
3.15964648253748,5.39860665198119,6.32764615243374,5.96151,4.20418,4.1096
2.90244904570834,5.37567188952862,6.33013994477741,5.92742,4.1162,4.15579
2.79375737133299,5.36256790008544,6.32781565446101,5.92742,4.1162,4.15579
2.88565450110574,5.392456988596,6.32859371576772,5.92742,4.1162,4.15579
2.87603888021491,5.41668464108436,6.32656495423222,5.92742,4.1162,4.15579
2.97123765282247,5.44333849485209,6.3241818702365,5.95821,4.20308,4.1283
3.23325997991432,5.49592135513323,6.31821999845262,5.95821,4.20308,4.1283
3.32881072774135,5.55385701272153,6.30850743806526,5.95821,4.20308,4.1283
3.05359175068661,5.61101610593481,6.29740138265812,5.95821,4.20308,4.26246
2.88604244648886,5.67879080206086,6.28414626933709,6.0055,4.10191,4.26246
3.01157067462727,5.71243451473101,6.26865494331015,6.0055,4.10191,4.26246
2.97625876820124,5.74166965423147,6.24965149005426,6.0055,4.10191,4.26246
2.66349206560928,5.79296894796148,6.22579646087271,6.0055,3.87427,4.27676
2.58862897893781,5.85816506252286,6.20023203872764,5.9989,3.87427,4.27676
3.20000755494422,5.86299483139433,6.16947331382414,5.9989,3.87427,4.27676
3.21833152657687,5.86563211518937,6.13535210018022,5.9989,3.87427,4.27676
3.22791614354542,5.86660389725542,6.09868739942846,5.94721,3.89186,4.20198
3.28328426267232,5.86637378818563,6.06371406741379,5.94721,3.89186,4.20198
3.12861953131248,5.86722292583287,6.02792714743167,5.94721,3.89186,4.20198
2.99044824767619,5.88650439803112,5.98736686714028,5.94721,3.89186,4.25367
2.67754853153943,5.93826505172381,5.94876440490254,5.93732,4.1118,4.25367
2.60095677259204,5.95734279384295,5.91266693258052,5.93732,4.1118,4.25367
3.06728123715829,5.99704475990952,5.87854250969987,5.93732,4.1118,4.25367
2.98283549272728,6.04524754713639,5.84592273783414,5.94391,4.18328,4.26466
3.06571192709796,6.08842841711983,5.81783547906555,5.94391,4.18328,4.26466
3.09275250040916,6.13192999529681,5.79016490301369,5.94391,4.18328,4.26466
3.0841267724692,6.17403796588112,5.76221623512206,5.94391,4.18328,4.26466
3.11640900608047,6.18358350680461,5.73863262206126,5.96041,4.09421,4.22947
3.02177704574472,6.18944309679218,5.71737636514752,5.96041,4.09421,4.22947
2.94686159192395,6.22632388220833,5.69699697937993,5.96041,4.09421,4.22947
2.98408713291154,6.23224374492638,5.68000120631993,5.96041,3.97874,4.30205
3.03207621316716,6.18970825351026,5.66864402057732,5.94062,3.97874,4.30205
3.05408032574446,6.14615355714883,5.65750674100879,5.94062,3.97874,4.30205
2.85875772235037,6.09914024821426,5.64453425110729,5.94062,3.97874,4.30205
2.92333151303025,6.04952795686274,5.63555798307838,5.91862,3.98864,4.30425
3.00165024378924,6.00564566890704,5.62979896941307,5.91862,3.98864,4.30425
3.00112703842822,5.98910656511089,5.6230900381863,5.91862,3.98864,4.30425
2.98949052870687,5.95940608645995,5.61344256490824,5.91862,3.98864,4.25587
3.09269948440072,5.93237161363342,5.61100895361554,5.88013,4.1206,4.25587
3.05700903046695,5.9239511306991,5.61147579571146,5.88013,4.1206,4.25587
3.03765140954461,5.91822234206406,5.61204501379047,5.88013,4.1206,4.25587
3.03653866041024,5.90678965699806,5.61673301581601,5.84054,4.31635,4.1426
3.01684639014381,5.90499834870974,5.62252424687784,5.84054,4.31635,4.1426
2.92490125530273,5.89060116700674,5.62925762180727,5.84054,4.31635,4.1426
2.88653287326376,5.84916225597284,5.63517905467212,5.84054,4.31635,4.1426
2.91783993678311,5.81315896456714,5.63815961333613,5.87683,4.44062,4.07991
3.08657488034657,5.81471520573631,5.64554169105265,5.87683,4.44062,4.07991
3.10551864448388,5.79013894125886,5.65372853533008,5.87683,4.44062,4.07991
3.03592787410519,5.71691366619896,5.66143593083506,5.87683,4.44062,4.1327
3.01050758599774,5.65951584552139,5.66928960605973,5.96481,4.30425,4.1327
3.02634515280123,5.60108684051958,5.67494147359913,5.96481,4.30425,4.1327
2.95822584523565,5.54960653578873,5.68147374315826,5.96481,4.30425,4.1327
2.92136215579848,5.52763064420847,5.68635210350749,5.96481,3.96554,4.31965
3.01033122351572,5.51248893540717,5.6894607507235,5.97801,3.96554,4.31965
2.97089071054664,5.49492318810444,5.69037797229062,5.97801,3.96554,4.31965
2.98803435325551,5.49104334924936,5.68962533403646,5.97801,3.96554,4.31965
3.04524522200956,5.49952827257081,5.68798781407794,5.93402,3.7401,4.47801
3.04245264792888,5.51478216537567,5.68258631089894,5.93402,3.7401,4.47801
3.06216727827629,5.53577740431669,5.6734860826142,5.93402,3.7401,4.47801
2.96897888471459,5.55508708779122,5.66376997062683,5.93402,3.7401,4.40872
3.03140597019104,5.5583383489494,5.65375027798722,5.90982,3.82148,4.40872
2.97968451150572,5.53612010551455,5.64310350978971,5.90982,3.82148,4.40872
2.91959030651178,5.52836309337778,5.63191149357651,5.90982,3.82148,4.40872
3.00644468681728,5.55355412198003,5.62012527115875,5.90652,4.08871,4.32405
3.04303408250693,5.51140339750122,5.61029699985215,5.90652,4.08871,4.32405
3.01326661214674,5.44168336063555,5.60020776954278,5.90652,4.08871,4.32405
3.08898192288381,5.38549546865937,5.59197443152491,5.90652,4.08871,4.32405
2.94490887748937,5.32753263676416,5.58543792109317,5.89223,4.25916,4.29985
2.94099348428973,5.27850802528489,5.5800202676999,5.89223,4.25916,4.29985
2.91696056269884,5.25673594075682,5.57519872226642,5.89223,4.25916,4.29985
3.04499626060738,5.23814133819378,5.57722269021872,5.89223,4.34604,4.25587
3.06389214083,5.20406323318077,5.58247529506041,5.82075,4.34604,4.25587
3.08900401214446,5.18787811877336,5.59088738061346,5.82075,4.34604,4.25587
3.00835101336873,5.18132299738039,5.6033446235925,5.82075,4.34604,4.25587
2.97071839036886,5.17457527083375,5.61700422582117,5.88673,4.35814,4.18548
2.94489033823025,5.17583433732516,5.63314525183624,5.88673,4.35814,4.18548
2.97802768707759,5.17915744853627,5.65269003384106,5.88673,4.35814,4.18548
2.91076957125944,5.15952311733908,5.67428168616064,5.88673,4.35814,4.03702
3.06191780030373,5.12160407281231,5.7028472723623,5.94831,4.24597,4.03702
3.12960983317604,5.12661897200496,5.72820255772946,5.94831,4.24597,4.03702
3.08456337582909,5.12078550424773,5.75474838140449,5.94831,4.24597,4.03702
2.93923277561093,5.06189226640949,5.78651591598149,5.96261,4.20418,4.05792
2.95837814984187,5.00959598922215,5.82075492472928,5.96261,4.20418,4.05792
3.01757403032506,4.962563744529,5.85123988236941,5.96261,4.20418,4.05792
2.90597163344258,4.92046761280353,5.88373175581648,5.96261,4.20418,4.05792
2.93511605326305,4.88972492992972,5.91224197928061,5.98021,4.20198,4.16899
2.98164236323139,4.90897146664168,5.93860891088082,5.98021,4.20198,4.16899
2.98706084014312,4.91012631381619,5.96312191356143,5.98021,4.20198,4.16899
3.0535915870626,4.91669650267657,5.98417897727163,5.98021,4.20198,4.16899
3.22788007954306,4.94659028277017,6.00060664112962,6.05938,4.02713,4.36034
3.08858599168958,4.98507354922659,6.01538600404569,6.05938,4.02713,4.36034
3.03014276667703,5.02152528622439,6.02355258219931,6.05938,4.02713,4.36034
2.94780184954334,5.07470916276508,6.02714163002722,6.05938,3.68952,4.53189
2.75507387260857,5.12227681887665,6.02433978068663,6.03959,3.68952,4.53189
2.8973396924055,5.13481963475543,6.01801651513333,6.03959,3.68952,4.53189
3.04696414843323,5.17310527204117,6.00756616609344,6.03959,3.68952,4.53189
3.01881925432216,5.2201280938477,5.9943400795987,5.94391,3.57075,4.45271
3.19067071521227,5.23037690200322,5.97693891401948,5.94391,3.57075,4.45271
2.77599387298192,5.21489494321607,5.95557855697705,5.94391,3.57075,4.45271
2.99752274066444,5.2061547395366,5.93197490733415,5.94391,3.57075,4.31855
3.31046964743014,5.19509102812715,5.90686781421296,5.91752,3.80499,4.31855
3.11540026750639,5.18528850342235,5.87923760857234,5.91752,3.80499,4.31855
2.86578086445338,5.2012480991803,5.85184972532148,5.91752,3.80499,4.31855
2.94241203967599,5.24203650961113,5.82675911660239,5.91752,4.07771,4.23607
2.82585446718341,5.25274079017084,5.80340318477331,5.93072,4.07771,4.23607
3.00970034784806,5.27504619429548,5.78057677874694,5.93072,4.07771,4.23607
3.03960113461214,5.31481316267426,5.75998509726916,5.93072,4.07771,4.23607
3.02085140075925,5.35439776763796,5.74354106025792,5.91972,4.21957,4.15029
3.06167779076152,5.38403409155734,5.72924565767359,5.91972,4.21957,4.15029
3.06196494228918,5.43156585517485,5.71889134356143,5.91972,4.21957,4.15029
2.9637879378205,5.45124821274554,5.71231672898092,5.91972,4.23387,4.16019
2.96201600935247,5.46308040693375,5.70869802470382,5.93072,4.23387,4.16019
2.95967175079759,5.49367966649997,5.70698296670397,5.93072,4.23387,4.16019
3.02658221713755,5.52433189082894,5.71015016648114,5.93072,4.23387,4.16019
3.06065158837962,5.49899800572689,5.71404623785687,5.93402,4.14479,4.23057
3.05270282394047,5.46328389362172,5.71958118459778,5.93402,4.14479,4.23057
2.99269621764508,5.43335331748631,5.72693983277485,5.93402,4.14479,4.23057
2.93626133905091,5.40208631410242,5.73246618142187,5.93402,4.14479,4.25587
3.00253184058576,5.37747164755165,5.73867718380587,5.88893,4.03922,4.25587
2.97267779342789,5.38130455357959,5.74548708610026,5.88893,4.03922,4.25587
2.9922531790341,5.39967307561132,5.75030492915897,5.88893,4.03922,4.25587
3.00367645449509,5.37739675479471,5.75933539798486,5.88893,4.01943,4.21408
3.04926248423281,5.39202645463818,5.76240684149264,5.88563,4.01943,4.21408
2.99999848724229,5.4115347443821,5.76456697392051,5.88563,4.01943,4.21408
3.01290748063077,5.42712018617165,5.77106028850848,5.88563,4.01943,4.21408
3.00422853709956,5.45053811451195,5.7777955579941,5.85264,4.09971,4.19978
2.99178640515228,5.47281904415266,5.78358964693702,5.85264,4.09971,4.19978
3.00984971301499,5.46809047826556,5.78692286701469,5.85264,4.09971,4.19978
3.02811140386144,5.45905287227012,5.78726255577378,5.85264,4.09971,4.19978
2.99435771257596,5.48858013085053,5.7891108770849,5.89333,4.21738,4.20638
2.98442893634599,5.4887659568569,5.78932795822343,5.89333,4.21738,4.20638
2.96365096895857,5.43849485023281,5.78892213948229,5.89333,4.21738,4.20638
2.9845933354032,5.39298770581877,5.78897435581237,5.89333,4.16129,4.32405
3.00816918151926,5.34971315295937,5.78958027212501,5.92522,4.16129,4.32405
3.05188652701413,5.30807852009608,5.78797531592346,5.92522,4.16129,4.32405
3.06070331875865,5.28475718051244,5.78529344700819,5.92522,4.16129,4.32405
3.04718829012753,5.28861590187764,5.78213163583794,5.90543,4.04362,4.37243
2.9833068588856,5.27426897651985,5.77807898781872,5.90543,4.04362,4.37243
2.89056537867034,5.26440129906383,5.77290457809815,5.90543,4.04362,4.37243
2.91730521628557,5.27233321691379,5.7667048772785,5.90543,4.04362,4.35704
2.96650273322273,5.28818292309841,5.75844612376684,5.94501,3.91716,4.35704
3.01839350576367,5.30377208319341,5.74847169882226,5.94501,3.91716,4.35704
3.07651356627504,5.32876927435036,5.73635768819147,5.94501,3.91716,4.35704
3.14695082241585,5.34746915718368,5.72460717350267,5.94501,3.88526,4.35154
3.14881645121453,5.34109516639791,5.71157141092922,5.89993,3.88526,4.35154
3.07856391806769,5.34225325426399,5.69812892463267,5.89993,3.88526,4.35154
2.74822789664204,5.36097959126354,5.68506859437625,5.89993,3.88526,4.35154
2.86598877786069,5.34074474996514,5.67542365570529,5.79545,4.05792,4.26026
2.94053826548618,5.28162278857947,5.66346606010503,5.79545,4.05792,4.26026
2.93008004906294,5.23839541636413,5.65379809748288,5.79545,4.05792,4.26026
3.07301960899371,5.19234648492194,5.64581681878574,5.79545,4.28886,4.18109
3.13343913507297,5.15116235202205,5.64033267951303,5.82845,4.28886,4.18109
3.09236361302314,5.13931986833223,5.63935322610194,5.82845,4.28886,4.18109
3.00249871868458,5.13278016113273,5.63853867583594,5.82845,4.28886,4.18109
3.00627938083382,5.10888585609329,5.64174405282216,5.89443,4.32735,4.15799
3.04343997420433,5.0979592393274,5.64685867874787,5.89443,4.32735,4.15799
2.98841169200817,5.10222951931452,5.6577838556684,5.89443,4.32735,4.15799
2.94335343568601,5.10535452985454,5.66840352201532,5.89443,4.32735,4.21957
2.93794086096867,5.10814583429677,5.68006592708932,5.91862,4.17889,4.21957
2.94538103130965,5.12030548596118,5.69376900769133,5.91862,4.17889,4.21957
2.99942685230819,5.12191804738404,5.71265425278507,5.91862,4.17889,4.21957
2.97742671493467,5.10655845190961,5.73420798332399,5.91862,4.02383,4.30095
3.11299040632625,5.10538477704939,5.7521013253779,5.83944,4.02383,4.30095
3.02025861251281,5.11086649081172,5.77172986315207,5.83944,4.02383,4.30095
3.02721483144738,5.05905129110948,5.79267785833257,5.83944,4.02383,4.30095
3.03048616132111,4.98718114039262,5.81647860640607,5.79216,4.00843,4.32735
3.09648988604876,4.93139486342142,5.83784943346316,5.79216,4.00843,4.32735
2.79980479566217,4.87498826125718,5.85895986510461,5.79216,4.00843,4.32735
2.95183367366694,4.83105120253131,5.87941722093199,5.79216,4.00843,4.32735
3.01544470552658,4.81285674421519,5.90023883404942,5.87023,4.02053,4.29765
3.0688034460352,4.79678828767805,5.92112685588354,5.87023,4.02053,4.29765
3.08619650956965,4.76310328590641,5.94173221398484,5.87023,4.02053,4.29765
2.92717156876469,4.75052276490199,5.96153872490102,5.87023,4.03702,4.25696
3.06109560729881,4.75074470978258,5.98230369936219,5.84384,4.03702,4.25696
3.04176817602357,4.74161006810844,6.00425758359328,5.84384,4.03702,4.25696
3.07833680638116,4.74374357622087,6.02530630336988,5.84384,4.03702,4.25696
2.77569210039501,4.75096954998773,6.04862947801295,5.94172,4.04692,4.22837
2.81717184071644,4.7334984937736,6.06756497643447,5.94172,4.04692,4.22837
3.04959643620712,4.70860422849894,6.08867234234287,5.94172,4.04692,4.22837
3.27548839423133,4.71511823575184,6.1159121274035,5.94172,4.04692,4.17559
3.10040613059787,4.71321454903781,6.14154377180469,5.90323,4.02493,4.17559
2.82889124588264,4.66810559165382,6.1636115495066,5.90323,4.02493,4.17559
3.03670265796762,4.62689127139259,6.18825092296562,5.90323,4.02493,4.17559
3.09677003327653,4.59546822656515,6.20914437197691,5.90323,4.06562,4.19428
3.07824400745869,4.57172021367733,6.2284395215276,5.92852,4.06562,4.19428
2.78707069499254,4.56525722048174,6.24681227621032,5.92852,4.06562,4.19428
2.81911279710293,4.61371634929477,6.26740513187344,5.92852,4.06562,4.19428
2.91742532867236,4.64065605361035,6.28232576598833,6.08468,3.92595,4.22177
3.08689737078301,4.66572367805256,6.29429112933454,6.08468,3.92595,4.22177
3.34964639289441,4.71948914356457,6.30271608414444,6.08468,3.92595,4.22177
3.0980034503257,4.78752308118799,6.30922891931658,6.08468,3.69611,4.18658
2.94517374987454,4.84701187102316,6.308322814027,6.11327,3.69611,4.18658
3.02276690099186,4.92877966705197,6.3043065158437,6.11327,3.69611,4.18658
2.87639041526819,5.00102582785576,6.29599434726574,6.11327,3.69611,4.18658
2.76367641804823,5.03899514247317,6.28414484307545,6.02749,3.58284,4.26906
2.90889301232118,5.10738956920541,6.26849289976159,6.02749,3.58284,4.26906
2.87684657835647,5.17647695375805,6.24619370382953,6.02749,3.58284,4.26906
3.30280053178647,5.20310485893663,6.22089942382447,6.02749,3.58284,4.37903
3.4283476203075,5.19806242737666,6.19095627710501,6.0121,3.63233,4.37903
2.96902706677529,5.2009820647203,6.16064519951275,6.0121,3.63233,4.37903
2.76182925441626,5.19826822282619,6.12349972859132,6.0121,3.63233,4.37903
2.96878984143748,5.19382879376783,6.08283380571758,6.0121,3.68952,4.38233
2.80416884002992,5.21284794928838,6.04076961493886,6.06268,3.68952,4.38233
2.96143997476232,5.2591379815161,5.9998084483862,6.06268,3.68952,4.38233
3.19674491393508,5.26988928824507,5.95773454264537,6.06268,3.68952,4.38233
3.17933768982277,5.28454690938616,5.91059097480394,6.02199,3.7654,4.41092
2.91062144329544,5.31315251890801,5.86369628589522,6.02199,3.7654,4.41092
2.9394688132207,5.34292997320628,5.81690853037304,6.02199,3.7654,4.41092
2.96414783919725,5.36418840612397,5.77169963868132,6.02199,3.7654,4.41092
2.93650217772045,5.4056057102263,5.72327572419924,5.94941,3.88526,4.46481
3.03025017608555,5.42033579394317,5.67428299560845,5.94941,3.88526,4.46481
3.06123185179152,5.42984569791095,5.62471648079708,5.94941,3.88526,4.46481
3.05163466640187,5.45665392454341,5.57463035699872,5.94941,4.01503,4.43512
3.05306049364572,5.47715087358711,5.52840611107661,5.90982,4.01503,4.43512
2.97366803950952,5.44617061001972,5.48114567168803,5.90982,4.01503,4.43512
2.97279137298874,5.40969658260886,5.43191642327321,5.90982,4.01503,4.43512
2.9779572845883,5.37753931005552,5.38458789865663,5.86913,4.1415,4.38013
2.97771767245041,5.34427354494715,5.3371196226873,5.86913,4.1415,4.38013
2.9955699397685,5.31612666718501,5.28851154981387,5.86913,4.1415,4.38013
2.98213301495116,5.3149565779756,5.24423376315373,5.86913,4.1415,4.33724
3.04782343248524,5.335542162388,5.2009654773565,5.76576,4.29875,4.33724
3.04321022513599,5.31587840738959,5.16384904347451,5.76576,4.29875,4.33724
3.00277809935905,5.32978551685159,5.1345899368867,5.76576,4.29875,4.33724
2.98933937867973,5.35767780780721,5.10856354327291,5.76576,4.46811,4.24487
2.97531236071082,5.37943749840552,5.0838036611094,5.75477,4.46811,4.24487
2.96255020520065,5.40498721602514,5.06704213166314,5.75477,4.46811,4.24487
2.99970651068209,5.43180371514291,5.05476448470009,5.75477,4.46811,4.24487
3.02427832610725,5.43123875762159,5.05068310034117,5.87353,4.40433,4.16019
3.04092455891673,5.43529977343191,5.05581519756319,5.87353,4.40433,4.16019
3.04675259322124,5.47451427197364,5.07094943574141,5.87353,4.40433,4.16019
3.02809334725341,5.47718057909428,5.08897322669018,5.87353,4.40433,4.20528
3.00645786075923,5.43873744883197,5.1130161188366,5.89993,4.17669,4.20528
2.97502829844943,5.40616737009458,5.14269168092675,5.89993,4.17669,4.20528
2.96732055846042,5.37574000890202,5.17678635512218,5.89993,4.17669,4.20528
2.94488008993903,5.3467350197492,5.21658528519552,5.94062,3.89516,4.25257
2.93803270583215,5.3310461647453,5.25945578609537,5.94062,3.89516,4.25257
2.95772819735099,5.34596919839791,5.30498965297765,5.94062,3.89516,4.25257
3.03663414101052,5.34605482107003,5.35420272208288,5.94062,3.89516,4.32845
3.13401835550812,5.35128927965105,5.40132923178111,5.89003,3.7599,4.32845
3.16292931337112,5.37348619307616,5.44591659878761,5.89003,3.7599,4.32845
3.00391322149552,5.40131913540645,5.48748247358429,5.89003,3.7599,4.32845
2.90133130032479,5.41977585379495,5.52465838439129,5.89003,3.7313,4.37023
2.92623658682634,5.45289637417677,5.55719813193114,6.0033,3.7313,4.37023
2.86343639142213,5.47673945439184,5.58330610917065,6.0033,3.7313,4.37023
2.93020184175241,5.47305578045391,5.60376670763512,6.0033,3.7313,4.37023
3.11723576828454,5.48273686523288,5.61774928572768,6.07698,3.67522,4.33944
3.20932946522263,5.50884265879937,5.62455107339113,6.07698,3.67522,4.33944
3.09929928425713,5.48835744276018,5.62401725061016,6.07698,3.67522,4.33944
3.02907677794251,5.43251395785194,5.61652455766778,6.07698,3.67522,4.33944
2.84439780346257,5.39175762612791,5.6024733869487,5.97141,3.72141,4.39773
2.83770411621871,5.347754760885,5.58340424530327,5.97141,3.72141,4.39773
2.8889484533844,5.30513964274556,5.56040071829232,5.97141,3.72141,4.39773
3.00054529664686,5.28635810271027,5.53385537308909,5.97141,3.92265,4.42632
3.09154825344354,5.28605947367579,5.5056961967735,5.81415,3.92265,4.42632
3.08958464008085,5.26629701022155,5.47665923604821,5.81415,3.92265,4.42632
3.1502802780718,5.25708083208189,5.44767753643284,5.81415,3.92265,4.42632
3.14898953344972,5.26036465406577,5.41955624419424,5.74267,4.17449,4.31525
2.92692621270862,5.26418124127273,5.39418458991628,5.74267,4.17449,4.31525
2.85429482687062,5.27187946079942,5.37241553242366,5.74267,4.17449,4.31525
2.90534476228976,5.28703528731808,5.35691687708935,5.74267,4.17449,4.1294
2.95211994241775,5.28561465794969,5.34683979017974,5.70858,4.35924,4.1294
3.01042343095105,5.26473283672422,5.34479803450975,5.70858,4.35924,4.1294
3.04775050220091,5.26307571419624,5.34983160287286,5.70858,4.35924,4.1294
3.07461351881096,5.28010951913382,5.36350396494644,5.70858,4.42412,3.99743
3.04543092338524,5.2367913604218,5.38290969160881,5.75806,4.42412,3.99743
3.0076620856811,5.17958301033528,5.40762734383827,5.75806,4.42412,3.99743
2.96357398236304,5.13405770789181,5.44259848127933,5.75806,4.42412,3.99743
2.95313578774931,5.09035805857009,5.48360250916796,5.82405,4.28226,3.96774
2.97316595467256,5.05737991046698,5.52724102684801,5.82405,4.28226,3.96774
3.03519996057536,5.0533214602033,5.57842474986622,5.82405,4.28226,3.96774
3.06114175662933,5.05860067838252,5.63473055727728,5.82405,4.28226,4.00843
3.0325533145878,5.04867143501307,5.69451963609913,5.82075,4.09201,4.00843
3.03445142795591,5.05929232062902,5.75732650778151,5.82075,4.09201,4.00843
2.97437543879665,5.08093558216477,5.81834000118279,5.82075,4.09201,4.00843
2.92224005220243,5.09668327124695,5.87907488829952,5.91972,3.91386,4.02383
2.91116344171946,5.12362661891881,5.93736699250991,5.91972,3.91386,4.02383
2.96122816086113,5.15287110835393,5.99238692133353,5.91972,3.91386,4.02383
3.05129086987898,5.15470949531271,6.04634016376607,5.91972,3.91386,4.19208
3.16223754080151,5.15404680473231,6.09850017445452,5.96591,3.78299,4.19208
3.09796863917259,5.1824810464219,6.14587237920275,5.96591,3.78299,4.19208
3.06772235864089,5.19406711730774,6.18783679669794,5.96591,3.78299,4.19208
2.89448803564609,5.14848266231058,6.22120753161082,5.96591,3.7346,4.33944
2.85062732470179,5.10903643485941,6.24691680228953,5.96921,3.7346,4.33944
2.8561621163451,5.07202929521305,6.26829050516629,5.96921,3.7346,4.33944
2.97922640178209,5.03627160910884,6.28208265827344,5.96921,3.7346,4.33944
3.18864684437185,5.01485854370861,6.28938109728698,5.97471,3.71371,4.29545
3.08933077709591,5.0382729398308,6.29222498560311,5.97471,3.71371,4.29545
2.93873927927447,5.0297526956623,6.28865438797088,5.97471,3.71371,4.29545
3.08507562334142,5.02238636885411,6.28092048679616,5.97471,3.71371,4.29545
3.03679239566283,5.03699883829373,6.27150768892368,5.86584,3.81928,4.23607
3.05323459131514,5.05891508709907,6.2596860604572,5.86584,3.81928,4.23607
2.96048985262621,5.07112411413662,6.24513806833992,5.86584,3.81928,4.23607
2.84747058446417,5.10337086042505,6.22629634130038,5.86584,4.01723,4.21518
2.89317389449985,5.12735141788497,6.20874623418934,5.77896,4.01723,4.21518
2.90171118160379,5.12097128623075,6.19252913101977,5.77896,4.01723,4.21518
2.99600215222543,5.13661667847953,6.17272838683945,5.77896,4.01723,4.21518
3.23807033352796,5.16509807674663,6.1553550013318,5.95821,4.03482,4.18878
3.28771589683352,5.15059893540258,6.13703627952594,5.95821,4.03482,4.18878
3.01503748925888,5.10126875425155,6.11837337540456,5.95821,4.03482,4.18878
2.83813966289999,5.06731179851175,6.09952366139358,5.95821,4.03482,4.17669
2.84938452321995,5.03113188419001,6.0805622861707,6.0033,3.87977,4.17669
2.97586951449684,4.99766606617199,6.06368465292708,6.0033,3.87977,4.17669
3.09762867779673,4.99564656795674,6.05218408423385,6.0033,3.87977,4.17669
2.94953236875813,5.01542190732083,6.03995553416531,6.0033,3.85337,4.33504
2.94671331125816,5.00197765913476,6.02967023703257,5.81745,3.85337,4.33504
2.98915754445064,5.00455438037427,6.01793264754867,5.81745,3.85337,4.33504
2.92221361252932,5.02533868649165,6.00670713614454,5.81745,3.85337,4.33504
3.08285150742152,5.04828198088016,5.99576122396795,5.88673,3.91166,4.35814
3.19687278757002,5.06835228118824,5.98536610202439,5.88673,3.91166,4.35814
3.09725670734414,5.10231070997703,5.97745975910838,5.88673,3.91166,4.35814
2.94056125396468,5.11580870888099,5.96960384351449,5.88673,3.91166,4.24487
2.8565039867621,5.12012983788726,5.95938162614661,6.02639,3.88966,4.24487
3.08661083525736,5.14405128186444,5.94928579456133,6.02639,3.88966,4.24487
3.05554683155643,5.16698113369582,5.93688007073728,6.02639,3.88966,4.24487
2.86227106184181,5.13179574658987,5.92358452911438,6.02639,3.84567,4.25696
3.02175445441081,5.09374543977492,5.90847157887277,6.02639,3.84567,4.25696
2.91029297292813,5.06116739364266,5.88972033397264,6.02639,3.84567,4.25696
2.92282240721753,5.02843120763587,5.86956021655714,6.02639,3.84567,4.37573
2.97695545882465,5.00611189104078,5.84759982819473,5.91972,3.86547,4.37573
3.05907995101757,5.01388428308691,5.82200052562723,5.91972,3.86547,4.37573
3.22656146198053,5.02609985017855,5.79691366881548,5.91972,3.86547,4.37573
3.23939527216032,5.0157453196861,5.77199380160479,5.91972,3.95345,4.5077
2.92684084088099,5.03188082941121,5.74460185380875,5.88453,3.95345,4.5077
2.84587949973162,5.05678637168403,5.71363624511783,5.88453,3.95345,4.5077
2.81681165296961,5.07205516173467,5.68109230288926,5.88453,3.95345,4.5077
2.94319730734499,5.09961725052301,5.64850992495348,5.95491,3.95784,4.5
3.05779417777798,5.12876916092061,5.61778508125958,5.95491,3.95784,4.5
3.09202290618311,5.13128439618627,5.58617254657101,5.95491,3.95784,4.5
3.05024871717539,5.13615931594609,5.55520384215023,5.95491,3.95784,4.5
3.04734096898767,5.17234344887319,5.52654168278324,5.96041,3.91935,4.47251
3.03517711048469,5.1693898208269,5.49811154741391,5.96041,3.91935,4.47251
2.95175698508146,5.13067749392188,5.47236158089072,5.96041,3.91935,4.47251
2.93170713838311,5.09957032169822,5.45125386159948,5.96041,3.92045,4.4846
2.95227486942373,5.06914154604051,5.43310444870238,5.91972,3.92045,4.4846
2.98629548592232,5.04159922061498,5.41688402412537,5.91972,3.92045,4.4846
2.99914368639586,5.02927907834065,5.40113633974455,5.91972,3.92045,4.4846
3.0656261082444,5.05164318273836,5.39118621437824,5.89443,3.94135,4.45931
3.0903705786604,5.0601641451417,5.38569371647866,5.89443,3.94135,4.45931
3.00858029464049,5.07134623091181,5.3801457097668,5.89443,3.94135,4.45931
3.02920504710608,5.09898032630183,5.37961861844569,5.89443,3.94135,4.38893
2.96480616218748,5.13608031480075,5.38109584083118,5.88893,3.95674,4.38893
2.96177474693274,5.16461323564897,5.38497047877715,5.88893,3.95674,4.38893
2.94709763658001,5.21415234460268,5.39144167437397,5.88893,3.95674,4.38893
2.99654271985935,5.25182695250142,5.39959295908897,5.88893,3.96994,4.35264
3.02534156002448,5.26275085354184,5.41041029309791,5.87133,3.96994,4.35264
3.01521453894341,5.29457461693788,5.425609014204,5.87133,3.96994,4.35264
3.01909907006188,5.33865956822951,5.43989496215775,5.87133,3.96994,4.35264
3.01665170626334,5.3369451658288,5.45450084684759,5.84714,3.97874,4.33614
2.99983352991281,5.30816035059493,5.46806498978098,5.84714,3.97874,4.33614
3.00252783732594,5.29048279071598,5.48323554349727,5.84714,3.97874,4.33614
2.99527074195041,5.26999233665207,5.49881101566312,5.84714,3.97874,4.27676
3.00730679939229,5.25132120711897,5.51547115368114,5.84934,3.98314,4.27676
2.98803324534651,5.25304650348077,5.53216738668151,5.84934,3.98314,4.27676
2.98295444492625,5.28404967392567,5.5497369688415,5.84934,3.98314,4.27676
3.00899778490352,5.29012669552077,5.56827955834948,5.85594,3.96004,4.19868
3.04227995540898,5.30507766892517,5.58678417271571,5.85594,3.96004,4.19868
3.0231262010401,5.33147956304631,5.60622869453748,5.85594,3.96004,4.19868
2.98893312651175,5.35699463409384,5.62633356063585,5.85594,3.96004,4.16789
2.98604281942776,5.38884326915988,5.64820496178752,5.83834,3.94355,4.16789
2.99826905350998,5.42813169228778,5.66995758798792,5.83834,3.94355,4.16789
2.99104821422366,5.44691083900111,5.69293483616072,5.83834,3.94355,4.16789
3.00234777168805,5.44957590150223,5.71710581253295,5.83834,3.95015,4.19318
2.99198315046277,5.47249303139378,5.74009249351411,5.83944,3.95015,4.19318
2.98608088987094,5.49656369967486,5.7635486534634,5.83944,3.95015,4.19318
3.03894794710036,5.46779704943705,5.78627219857604,5.83944,3.95015,4.19318
3.02916866898196,5.42686662114357,5.80899944936002,5.80645,3.93585,4.23277
3.00596996533607,5.39331864045375,5.83064719097826,5.80645,3.93585,4.23277
2.9896428690004,5.35858108221498,5.85279184918532,5.80645,3.93585,4.23277
3.02306476016329,5.33266270867279,5.87450285929368,5.80645,3.93585,4.23277
2.9588047964373,5.33347698383298,5.89402341375871,5.77676,3.91826,4.24707
2.98786038588053,5.34242493465552,5.91302401510781,5.77676,3.91826,4.24707
2.99742652017973,5.32860824146579,5.93139651087153,5.77676,3.91826,4.24707
3.01331899678502,5.33419606412156,5.94912712938612,5.77676,3.89956,4.1437
3.00245460298729,5.35010548365965,5.96732316591028,5.78336,3.89956,4.1437
3.01840735223506,5.36109157481208,5.98637511957198,5.78336,3.89956,4.1437
3.03707523373182,5.38235872714568,6.00465737771714,5.78336,3.89956,4.1437
3.01330806866718,5.40257514824974,6.02267728975276,5.78446,3.93365,4.09531
3.02784959281078,5.39452439966504,6.04019191780358,5.78446,3.93365,4.09531
2.9607770543079,5.38311989516285,6.05757282611798,5.78446,3.93365,4.09531
2.97507588807733,5.40030641002014,6.07607463431598,5.78446,3.93365,4.09311
2.96141309589208,5.397659802491,6.09311242372268,5.89443,3.91056,4.09311
2.95554801075693,5.3420450306792,6.10810633505237,5.89443,3.91056,4.09311
3.00444834997172,5.29150167765048,6.12088649061072,5.89443,3.91056,4.09311
3.05760198944533,5.24416999678548,6.13212602051539,5.89443,3.82258,4.1217
3.08655104387078,5.19819488572093,6.14335591221023,5.93842,3.82258,4.1217
3.07266590026446,5.17088696311303,6.15209202697514,5.93842,3.82258,4.1217
3.06071701740655,5.18496437841688,6.16078486696062,5.93842,3.82258,4.1217
2.93713958837759,5.1597496093075,6.16444110829005,5.86144,3.81488,4.19208
2.84218567486406,5.14427583734419,6.16645044142245,5.86144,3.81488,4.19208
2.91587318170489,5.15037910374823,6.16499503553466,5.86144,3.81488,4.19208
2.97109504755702,5.16420678053806,6.15959724928183,5.86144,3.81488,4.1129
3.04828102601963,5.17038302522856,6.1513017437574,5.87243,3.89186,4.1129
3.12571258128273,5.19100792339875,6.14164607508716,5.87243,3.89186,4.1129
3.12251430615319,5.2001302987428,6.13184092791189,5.87243,3.89186,4.1129
2.99347193526075,5.18272588711585,6.12228648324069,5.73937,4.06562,4.1305
2.98126406026753,5.18580392873097,6.10991859914701,5.73937,4.06562,4.1305
2.98504856168892,5.20403913005406,6.09799450742934,5.73937,4.06562,4.1305
2.99748554312229,5.17366551761554,6.08446347278538,5.73937,4.06562,4.17999
3.0066018967717,5.11572724728157,6.07453638778173,5.77456,4.16569,4.17999
2.8799069264527,5.07054126172751,6.06663598242936,5.77456,4.16569,4.17999
2.86888918761833,5.02476124047639,6.0627452513742,5.77456,4.16569,4.17999
2.94748821142447,4.98288437373564,6.06255609726941,5.77456,4.06452,4.04692
3.09047238967327,4.97694520382502,6.06232224240245,5.86913,4.06452,4.04692
3.23775586676562,4.98380301359035,6.06667679607218,5.86913,4.06452,4.04692
3.13884368270397,4.96352481654348,6.07491373830421,5.86913,4.06452,4.04692
3.12066704768289,4.96216892370165,6.08602653537748,5.9901,3.90176,3.98644
2.84873639662844,4.98029813018454,6.10057442559706,5.9901,3.90176,3.98644
2.8551065575803,5.00086894325752,6.11675663101992,5.9901,3.90176,3.98644
2.81859503836285,5.02074682768199,6.13454930609746,5.9901,3.90176,3.98644
2.87698207429117,5.05264913702468,6.1540692394736,5.95821,3.83468,4.07551
3.05152448137009,5.05520092913299,6.1757437307693,5.95821,3.83468,4.07551
3.18252622932249,5.05910676497084,6.19769577961381,5.95821,3.83468,4.07551
3.27037697526256,5.0828646697049,6.21662910006172,5.95821,3.87317,4.26686
3.08587409071735,5.10950695037056,6.23464326933343,5.83724,3.87317,4.26686
2.80763340246342,5.07838074324433,6.25107741093711,5.83724,3.87317,4.26686
2.83341940014445,5.04673377370442,6.26486213277078,5.83724,3.87317,4.26686
2.85861207841884,5.02104616524166,6.27698568623955,5.83944,3.88416,4.38123
3.12517323979539,4.99750451029581,6.28725416053933,5.83944,3.88416,4.38123
3.10796205961788,4.98742188632385,6.29615720139203,5.83944,3.88416,4.38123
3.13580249197901,5.010780875761,6.30090980173054,5.83944,3.88416,4.31635
2.97258841670412,5.03394188512909,6.30190744358927,5.89003,3.85007,4.31635
2.83891621070888,5.03807575194192,6.30113749916394,5.89003,3.85007,4.31635
3.01585663920909,5.07009449421208,6.29874294686956,5.89003,3.85007,4.31635
3.04918975949603,5.11280369218678,6.29249776327205,5.89003,3.80499,4.20638
3.02031647492962,5.14636918553032,6.28353474710558,5.97801,3.80499,4.20638
2.98827047574016,5.19046624597135,6.27288950493689,5.97801,3.80499,4.20638
2.9195335350192,5.23592646592587,6.26075293017411,5.97801,3.80499,4.20638
2.97570168801597,5.25347051968337,6.24932685749623,5.94721,3.83908,4.26026
3.08569881990817,5.27283499102967,6.23604209889876,5.94721,3.83908,4.26026
3.11798410958857,5.32185459420937,6.22218494686951,5.94721,3.83908,4.26026
3.05443027758091,5.31936358054925,6.20586762373459,5.94721,3.83908,4.41092
2.92447771731093,5.28682087529912,6.18976735465961,5.84604,3.92925,4.41092
2.9224123633558,5.25951367099407,6.17198155573924,5.84604,3.92925,4.41092
2.93135331976157,5.22922542332161,6.15325686232474,5.84604,3.92925,4.41092
2.94393438706859,5.19881670493268,6.13577951096855,5.79545,3.96994,4.4868
3.03098751259951,5.18404678467532,6.11902017832498,5.79545,3.96994,4.4868
3.10843514700387,5.19796182911979,6.10420925689394,5.79545,3.96994,4.4868
3.17574456251375,5.19495753255052,6.09062076331862,5.79545,3.96994,4.44941
2.95347771211171,5.19656835027518,6.07524413599757,5.88013,3.89956,4.44941
2.90687309798572,5.20748365951349,6.05978154772614,5.88013,3.89956,4.44941
2.98420584916962,5.22502567828373,6.04420968762301,5.88013,3.89956,4.44941
2.97758563695467,5.24048530184106,6.03261805906066,5.88013,3.78299,4.36364
2.97064391866785,5.27248418258443,6.02109461401197,5.93512,3.78299,4.36364
3.02298112307612,5.29377161506396,6.01275850478421,5.93512,3.78299,4.36364
3.05567365393968,5.29069636876007,6.00522125892747,5.93512,3.78299,4.36364
3.01816773881172,5.31329685321474,5.99691128144932,5.90323,3.7588,4.38343
3.00148199145638,5.33751569624712,5.99083718382824,5.90323,3.7588,4.38343
2.97551766529896,5.31992553372706,5.9860460598604,5.90323,3.7588,4.38343
2.92888178296469,5.27778779798007,5.98170222106127,5.90323,3.7588,4.38343
3.04064716614315,5.24888271700451,5.97758114934842,5.90543,3.80389,4.35924
3.04209221886556,5.21811743080705,5.9731008268512,5.90543,3.80389,4.35924
3.00362249529638,5.1897831267198,5.96971314353905,5.90543,3.80389,4.35924
3.03219311917304,5.18643914528625,5.96851751310806,5.90543,3.88746,4.33284
3.05274446925377,5.20517588960602,5.96807114369493,5.81965,3.88746,4.33284
2.99843208667702,5.20154645092738,5.96731224839443,5.81965,3.88746,4.33284
2.94573278108063,5.2113104675119,5.96467062800295,5.81965,3.88746,4.33284
2.96929012328305,5.23281738254429,5.96138426921478,5.85924,3.95235,4.28226
2.96102421545671,5.2515655204589,5.95693166221355,5.85924,3.95235,4.28226
2.94335241252935,5.27570808722346,5.95190210389372,5.85924,3.95235,4.28226
3.04346972533881,5.30506928863589,5.9457731870344,5.85924,3.95235,4.08321
3.05237200850911,5.31029631022562,5.9388826329973,5.92632,3.95674,4.08321
3.0251427599975,5.30566833951666,5.93340331547202,5.92632,3.95674,4.08321
3.07588158867892,5.32285016001579,5.92555474510824,5.92632,3.95674,4.08321
3.05505446959734,5.33621915658334,5.91594466689986,5.92632,3.98094,4.1074
3.03003877828033,5.30290252258729,5.90641481480074,5.89663,3.98094,4.1074
2.94016392041793,5.26079678684099,5.89636414648835,5.89663,3.98094,4.1074
2.88534778062053,5.22670025012144,5.88504691717062,5.89663,3.98094,4.1074
2.88533360645046,5.19438909885608,5.87525448176437,5.80865,3.98864,4.22947
2.93702572078006,5.16918023880393,5.86775607891448,5.80865,3.98864,4.22947
3.06599796170989,5.1772110420063,5.85983176175172,5.80865,3.98864,4.22947
3.16704534486315,5.20076139433112,5.85252254229188,5.80865,3.98864,4.27236
3.15617217969453,5.19883260051111,5.84588048903675,5.77016,3.96444,4.27236
3.02151497400734,5.22132090878979,5.83943289768951,5.77016,3.96444,4.27236
2.92352361894293,5.25400935052726,5.83488572567726,5.77016,3.96444,4.27236
2.91149733674979,5.28601435341992,5.83281844920708,5.75257,3.94465,4.20198
2.94245813855647,5.32996380282322,5.83442449615146,5.75257,3.94465,4.20198
2.96725211090432,5.37239742482559,5.83810292855188,5.75257,3.94465,4.20198
3.04464343788405,5.38978474984859,5.8443175964341,5.75257,3.94465,4.1371
3.01320433951667,5.40699564920734,5.85217175905169,5.78996,3.96224,4.1371
3.02075933041131,5.44419439755228,5.86004841182825,5.78996,3.96224,4.1371
3.01745304170773,5.45375146240126,5.86969692097545,5.78996,3.96224,4.1371
3.01240736080867,5.4192174207655,5.88049032404275,5.78996,3.87427,4.01503
2.98586700351487,5.38914620744892,5.89140204445749,6.03189,3.87427,4.01503
2.981611086629,5.35708596805469,5.90343102008112,6.03189,3.87427,4.01503
2.99960525890556,5.32401189382843,5.9156290430246,6.03189,3.87427,4.01503
3.02839077621357,5.29830187023398,5.92732206594905,5.9923,3.80279,4.03372
3.1319825663559,5.32085734078389,5.93827261146004,5.9923,3.80279,4.03372
3.09224987751607,5.30688429074052,5.94849386659649,5.9923,3.80279,4.03372
2.91281358198855,5.29607382865817,5.95718379140504,5.9923,3.80279,4.03372
2.86425691253343,5.30108433548419,5.96472289463206,5.74597,3.86987,4.26136
2.86563231479982,5.3119166159998,5.97329684733895,5.74597,3.86987,4.26136
2.93139635822389,5.31575000366779,5.98096765262061,5.74597,3.86987,4.26136
2.98573043506666,5.33500010019143,5.98464563124172,5.74597,3.99304,4.34934
3.13603267055867,5.34076456652086,5.98701431465805,5.6151,3.99304,4.34934
3.24591456520625,5.30613951071529,5.98905528972888,5.6151,3.99304,4.34934
3.09694063350071,5.3013601880806,5.99055918965721,5.6151,3.99304,4.34934
2.99450224739231,5.32623217204342,5.99347427528575,5.69098,4.02273,4.22177
2.92436957170501,5.30592054686346,6.00000874981712,5.69098,4.02273,4.22177
2.87315241839679,5.25693145836573,6.00585092725513,5.69098,4.02273,4.22177
2.94147834457573,5.22348590357597,6.01385391940797,5.69098,4.02273,4.22177
2.9754310981145,5.19337724195713,6.02234158085176,5.71738,4.04802,4.15359
3.0160766226563,5.17086367650731,6.03517558006248,5.71738,4.04802,4.15359
3.00997256270656,5.18101884261844,6.05200411097479,5.71738,4.04802,4.15359
3.00457206170877,5.21916562468728,6.07283864025413,5.71738,4.01063,4.03152
3.01464636795647,5.2315672808908,6.09796841682612,5.91312,4.01063,4.03152
2.97261319531554,5.26507290493063,6.12594479384589,5.91312,4.01063,4.03152
3.01227131207348,5.31875965778959,6.15562836900642,5.91312,4.01063,4.03152
3.03373217741631,5.37634031818023,6.18740770821605,6.04619,3.91166,4.00953
3.16493215086983,5.43318165912786,6.22078113761525,6.04619,3.91166,4.00953
3.2279287744217,5.49889756571191,6.25362409161459,6.04619,3.91166,4.00953
2.98836005400754,5.52806277784959,6.28808906772095,6.04619,3.91166,4.07881
2.71963456498622,5.55583623445043,6.32348269006841,5.97361,3.84897,4.07881
2.75334275290746,5.606254076625,6.35720260082435,5.97361,3.84897,4.07881
2.86258824775219,5.66117814918054,6.3884379062644,5.97361,3.84897,4.07881
3.01657987910978,5.64475429951811,6.41592248907113,5.77016,3.90946,4.25696
3.27772418794074,5.6235962841308,6.44114794309445,5.77016,3.90946,4.25696
3.31280955600255,5.60230166280304,6.46480227355789,5.77016,3.90946,4.25696
2.95490558462912,5.57732502474458,6.48732535568688,5.77016,3.90946,4.25696
2.87294986086908,5.56036909722711,6.50768615777293,5.81635,3.99304,4.22067
2.8185472870964,5.56917744126252,6.52500319874134,5.81635,3.99304,4.22067
2.99174434388019,5.57982398151759,6.54121248068864,5.81635,3.99304,4.22067
3.10989245150709,5.56525789362096,6.55601908153447,5.81635,3.95784,4.09421
3.09616165630013,5.56941606650651,6.56520408338556,5.97251,3.95784,4.09421
3.05956286247522,5.58085269689705,6.57426656484836,5.97251,3.95784,4.09421
2.94114380006536,5.5883735987423,6.5824576698588,5.97251,3.95784,4.09421
2.89915532180856,5.60609762124032,6.59019207892888,6.03079,3.85227,4.1371
2.95368634639146,5.61720938366555,6.59602241117618,6.03079,3.85227,4.1371
2.99156163915319,5.59886270637597,6.60184028983457,6.03079,3.85227,4.1371
2.99623399167439,5.58143333828752,6.60681781966756,6.03079,3.85227,4.1371
3.06856151305523,5.60519062962786,6.60888339389726,5.89883,3.80828,4.35154
3.09647837100374,5.58265136292294,6.61044395257623,5.89883,3.80828,4.35154
3.06318283893728,5.53115612253845,6.61077300568903,5.89883,3.80828,4.35154
2.94443689845155,5.48720221488577,6.60976898940209,5.89883,3.84677,4.57368
2.89508202329141,5.44229640413137,6.61081418347902,5.70088,3.84677,4.57368
2.99101419738471,5.40169780529123,6.61146131437716,5.70088,3.84677,4.57368
3.08074537746044,5.38151801680196,6.60592326752866,5.70088,3.84677,4.57368
3.01235393243104,5.3914109439767,6.59844374587459,5.75037,3.86877,4.5088
2.89406985490755,5.37916560041952,6.58908593406964,5.75037,3.86877,4.5088
3.00712094844252,5.38247437874982,6.57854126279388,5.75037,3.86877,4.5088
3.12603748036466,5.41132840321964,6.56876173457399,5.75037,3.86877,4.5088
3.04937989505637,5.45244002824892,6.56144244130336,5.97471,3.82698,4.16899
2.86996051515041,5.47855637849743,6.55053911875874,5.97471,3.82698,4.16899
3.03815720355882,5.52018447386162,6.53908986505829,5.97471,3.82698,4.16899
3.05405697280802,5.54279271932656,6.52522604302009,5.97471,3.81048,4.1228
3.02225529567783,5.54113784810636,6.5118379290915,5.96261,3.81048,4.1228
2.96592533613946,5.56299237907962,6.50010165271599,5.96261,3.81048,4.1228
3.01025260110985,5.60638552583901,6.49023186195452,5.96261,3.81048,4.1228
2.92581606490335,5.59924098985146,6.48062982637943,5.81745,3.83138,4.36254
2.89641889323598,5.5692444054005,6.47114015502357,5.81745,3.83138,4.36254
3.00823932559443,5.54852756392475,6.45996763394323,5.81745,3.83138,4.36254
3.07445043298949,5.52663927728561,6.44847500567963,5.81745,3.83138,4.39113
3.06265846119374,5.50753631932447,6.43748872219472,5.89003,3.81818,4.39113
3.13516162041267,5.50896837780097,6.42499494377968,5.89003,3.81818,4.39113
3.07811223505966,5.53237448023787,6.41217431055325,5.89003,3.81818,4.39113
2.88423085610116,5.54391928400257,6.39843621114524,6.0187,3.77749,4.15689
2.93453760370044,5.56723386514951,6.38346170775206,6.0187,3.77749,4.15689
2.9621408251358,5.60474974821205,6.365283938436,6.0187,3.77749,4.15689
3.02140097656234,5.63449948117149,6.34318976582713,6.0187,3.77749,4.15689
3.00253752472032,5.67048627677534,6.31789425599701,5.9912,3.82588,4.15579
3.00858114756124,5.71096365385606,6.29130829589335,5.9912,3.82588,4.15579
2.97147883966524,5.72303924451032,6.26185064308994,5.9912,3.82588,4.15579
2.981476035285,5.72869720004545,6.22744174025463,5.9912,3.92485,4.34274
2.96863403313625,5.75232839595312,6.190490220627,5.89553,3.92485,4.34274
3.02117794257896,5.7765105683376,6.15275422610429,5.89553,3.92485,4.34274
3.09511953216014,5.74893017198174,6.11379739721522,5.89553,3.92485,4.34274
3.12600951049284,5.71331170996527,6.07088656283669,5.78776,3.97434,4.46481
3.00407864710074,5.6812495259631,6.02908821812479,5.78776,3.97434,4.46481
2.97596003734084,5.64905759365429,5.9888674422035,5.78776,3.97434,4.46481
2.89162831439657,5.61949186396595,5.95075720394542,5.78776,3.97434,4.46481
2.92753439694743,5.61572388198668,5.91432586944258,5.69648,3.95015,4.47471
3.0137062236131,5.63250798612517,5.88305677367692,5.69648,3.95015,4.47471
3.01389090927932,5.62279342695011,5.85539089553799,5.69648,3.95015,4.47471
3.03238942901912,5.63477471184077,5.83077217564502,5.69648,3.95015,4.38343
3.02545049217006,5.65462329176675,5.81230057217063,5.74597,3.87427,4.38343
3.02514619733876,5.67509911099651,5.80012177603697,5.74597,3.87427,4.38343
3.00028166516477,5.70319077536942,5.79261435030068,5.74597,3.87427,4.38343
3.00029705760161,5.72438169159961,5.79184055329072,5.87133,3.78409,4.16679
2.99945275158942,5.71103362089465,5.79646852915543,5.87133,3.78409,4.16679
3.03170987116443,5.70710268221646,5.80402225402983,5.87133,3.78409,4.16679
3.00211757741464,5.72822443878392,5.81598180103893,5.87133,3.78409,4.16679
2.9922774695962,5.72947654678697,5.83063627766266,5.91532,3.761,4.04252
2.98691092081371,5.68567610491347,5.84887754078906,5.91532,3.761,4.04252
2.97666685917374,5.64734512251581,5.86861328890248,5.91532,3.761,4.04252
2.97654160220983,5.61100571595333,5.8902645635037,5.91532,3.79289,4.1162
2.98789903440185,5.57737608125497,5.91194721588515,5.90213,3.79289,4.1162
3.00907957985817,5.55289709784963,5.9338787258198,5.90213,3.79289,4.1162
3.05122614726592,5.57895327173214,5.95578158779358,5.90213,3.79289,4.1162
3.04579088811823,5.56965573102246,5.97646212878629,5.83394,3.80938,4.22287
3.02466174393917,5.57171129852914,5.99535664355646,5.83394,3.80938,4.22287
3.02615828870465,5.59644968117196,6.01264014884149,5.83394,3.80938,4.22287
2.9610061383654,5.62540491565494,6.02626065930733,5.83394,3.80938,4.23277
2.93703919149364,5.64772879622062,6.0386427556471,5.81415,3.81818,4.23277
2.99324750452198,5.67930992550304,6.04728149926436,5.81415,3.81818,4.23277
3.00481953798731,5.6920992074596,6.05272337511905,5.81415,3.81818,4.23277
3.00905975443127,5.67731640655527,6.05789561341875,5.77676,3.89736,4.1184
3.0281057091023,5.6841555633134,6.0602856397742,5.77676,3.89736,4.1184
3.00646459920159,5.71108433980923,6.0611452579619,5.77676,3.89736,4.1184
3.04198875571139,5.68711654585614,6.06136938371778,5.77676,3.89736,4.1184
3.00629540543292,5.63518391292578,6.0616433143095,5.81855,3.98314,4.1063
2.95877156241058,5.59287602003803,6.06099885618419,5.81855,3.98314,4.1063
2.98450127580338,5.54858568052257,6.06136859661809,5.81855,3.98314,4.1063
2.98029117114311,5.50707775749522,6.06234382287878,5.81855,3.95674,4.15689
3.01071854954844,5.49551134465852,6.06447293247361,5.84494,3.95674,4.15689
3.01643225014798,5.50114405984207,6.06794159667569,5.84494,3.95674,4.15689
3.05943795765456,5.48085279991423,6.07324799042125,5.84494,3.95674,4.15689
3.08342961451266,5.47818411992247,6.07993523263271,5.82185,3.83798,4.24817
2.98751054724366,5.49391073167884,6.08804789411498,5.82185,3.83798,4.24817
2.91085599268849,5.51026762058864,6.09871328469364,5.82185,3.83798,4.24817
2.9059813885007,5.52703396559225,6.11020062199255,5.82185,3.83798,4.24817
2.97152850910719,5.54986344459303,6.12215353149277,5.81635,3.78299,4.18768
3.07006499944569,5.53940364644578,6.13440431714622,5.81635,3.78299,4.18768
3.04874382356053,5.52533743155982,6.14758794877907,5.81635,3.78299,4.18768
3.03228472227678,5.53425837457707,6.1597649423311,5.81635,3.78299,4.06782
3.06541003407131,5.55627611021084,6.17157037146675,5.87463,3.82698,4.06782
2.96569635995075,5.51159943474475,6.18122670600357,5.87463,3.82698,4.06782
2.96917725788614,5.46964441153909,6.18981625631201,5.87463,3.82698,4.06782
3.01363045156723,5.42969830397997,6.19815769234583,5.83284,3.91056,4.08321
3.01025003399509,5.3919676308184,6.20502216105122,5.83284,3.91056,4.08321
2.9635774350019,5.36733958198985,6.20945253181206,5.83284,3.91056,4.08321
3.00867214517259,5.37066197558215,6.2130840527062,5.83284,3.91056,4.08321
2.98090926864796,5.37811683080208,6.21486697729204,5.85704,4.01173,4.06672
2.96387620953663,5.37364335781464,6.21632074279314,5.85704,4.01173,4.06672
3.00764634893164,5.39562389595956,6.21728073248447,5.85704,4.01173,4.06672
3.03365685017629,5.42964760807019,6.21672834323454,5.85704,3.99413,4.1217
3.02619386013918,5.45742188863748,6.21731704778465,5.84714,3.99413,4.1217
3.04762253264252,5.49400909742565,6.21683649023266,5.84714,3.99413,4.1217
3.07782281534429,5.5285721714433,6.21464238644274,5.84714,3.99413,4.1217
2.98169450238043,5.53732847585438,6.21272294055994,5.85044,3.84787,4.28116
2.94168679717422,5.5389257718602,6.21112775287933,5.85044,3.84787,4.28116
2.94247220687477,5.58171036241408,6.20864728140885,5.85044,3.84787,4.28116
3.00826252289331,5.57516931071598,6.20767949163893,5.85044,3.84787,4.19428
2.9741231951688,5.53588139848646,6.20575616911172,5.84274,3.7533,4.19428
2.98538734124868,5.50358606036486,6.20192835711332,5.84274,3.7533,4.19428
3.00389247370423,5.46675825761902,6.19813757233555,5.84274,3.7533,4.19428
3.10012515764974,5.43061184967907,6.1948346387003,5.83174,3.85337,4.15909
3.07967724120396,5.40841614545795,6.1907357624236,5.83174,3.85337,4.15909
2.97920650479886,5.41265729520634,6.18546898719172,5.83174,3.85337,4.15909
2.91481815325088,5.40123848576675,6.18137016521597,5.83174,3.85337,4.15909
2.96115090930416,5.39797690462059,6.17452782023882,5.90103,3.95455,4.23387
2.98313775286672,5.40620883480397,6.16641496797677,5.90103,3.95455,4.23387
3.02958029676848,5.4209745259261,6.15685000710776,5.90103,3.95455,4.23387
3.06096130225118,5.43144657844619,6.14659884881957,5.90103,3.93365,4.27896
3.0514506422353,5.45421754613248,6.13422044615111,5.91092,3.93365,4.27896
3.07459272915406,5.45596577315211,6.1222566565766,5.91092,3.93365,4.27896
2.93951956383843,5.44268258242431,6.10940436100065,5.91092,3.93365,4.27896
2.86888855208925,5.45506642653928,6.09437817602931,5.81745,3.84348,4.41312
2.99413727982375,5.47632072174996,6.07956702970056,5.81745,3.84348,4.41312
3.00967667269245,5.45462587092128,6.06404281694264,5.81745,3.84348,4.41312
2.97940446968433,5.41328837837947,6.04749236284073,5.81745,3.84348,4.41312
3.12836558807746,5.38422672810663,6.0304153378513,5.85484,3.7588,4.45161
3.02473341237607,5.35657342938131,6.01293438083001,5.85484,3.7588,4.45161
2.94914316698165,5.3350252213712,5.99517803219411,5.85484,3.7588,4.45161
3.00746500234168,5.33891628474968,5.97667680980049,5.85484,3.7588,4.19538
3.00210211345862,5.36458883457947,5.95693777063745,5.94282,3.79179,4.19538
3.01153550743659,5.37709304814031,5.93842961297464,5.94282,3.79179,4.19538
3.02544728341602,5.4036648673988,5.91920614610966,5.94282,3.79179,4.19538
3.04200590434775,5.44342908022403,5.90007922652526,5.92522,3.98754,4.01723
2.94636260225549,5.48213127091381,5.88123103331347,5.92522,3.98754,4.01723
2.95439609115427,5.5285201793874,5.86428467500224,5.92522,3.98754,4.01723
2.94316311850748,5.5752185324339,5.84860756684305,5.92522,3.98754,4.01723
3.00533436273817,5.59319502320022,5.8342442050021,5.83724,4.15249,4.19648
3.03532804814386,5.60389072287461,5.82048776515467,5.83724,4.15249,4.19648
3.09013411242237,5.63040142993356,5.80906852601915,5.83724,4.15249,4.19648
3.03412911241679,5.65867775582602,5.79937282476574,5.83724,4.09421,4.38013
2.97484901350235,5.63191756833327,5.79182282964237,5.80315,4.09421,4.38013
3.02429825936384,5.5985870834062,5.78687128976806,5.80315,4.09421,4.38013
2.97663967394368,5.56719415192368,5.78472505178819,5.80315,4.09421,4.38013
2.97165939242246,5.53529500191018,5.78615649040274,5.82735,3.85447,4.38893
2.97991667717596,5.50674538691079,5.7895191476461,5.82735,3.85447,4.38893
2.96292700705101,5.50977140013342,5.79375170190942,5.82735,3.85447,4.38893
3.05171422716059,5.52670393894131,5.80225517559858,5.82735,3.85447,4.40762
3.03171542722343,5.51476046119891,5.8132163798918,5.84934,3.65103,4.40762
2.99683311589685,5.52330961616216,5.82493498780816,5.84934,3.65103,4.40762
3.02249714547624,5.54491891372432,5.84158904757538,5.84934,3.65103,4.40762
2.9802592268687,5.56584269944152,5.85963718569961,5.84714,3.61034,4.32295
2.98403594593412,5.59810506598654,5.87765336444221,5.84714,3.61034,4.32295
3.00586533750904,5.6260239111244,5.89641127122354,5.84714,3.61034,4.32295
3.00411258677734,5.62697647181533,5.91490436820463,5.84714,3.61034,4.32295
2.99525966929823,5.62462107991538,5.93272678340019,5.87243,3.68732,4.28116
3.03124194031725,5.65201529858554,5.94909016745297,5.87243,3.68732,4.28116
3.02041375437509,5.65499455422985,5.96503707835836,5.87243,3.68732,4.28116
3.01530598260434,5.60715128766542,5.97750507142869,5.87243,3.78409,4.20968
2.98193149320863,5.56787900489925,5.98820768801938,5.87463,3.78409,4.20968
2.9734167770184,5.52758650538781,5.99522689551105,5.87463,3.78409,4.20968
2.99931471782436,5.4876752052461,5.9991802932508,5.87463,3.78409,4.20968
3.02911165068333,5.46126213923528,6.00020028898956,5.84274,3.93695,4.03372
2.99159927011188,5.46797560031047,5.99892680951171,5.84274,3.93695,4.03372
2.98568369759226,5.45074882030998,5.99485171427243,5.84274,3.93695,4.03372
2.98568066415071,5.44021424372591,5.98726860428343,5.84274,3.93695,4.03372
3.02088911786217,5.43967844905644,5.97811476477426,5.81965,4.10191,3.95674
2.98835406452366,5.44964784022539,5.96690939099371,5.81965,4.10191,3.95674
3.01916370038348,5.45162733280834,5.9539389092403,5.81965,4.10191,3.95674
3.07176695719106,5.46367969294546,5.94011695904049,5.81965,4.10191,4.16239
3.02484229555493,5.46056962998969,5.9249538195971,5.75696,4.1327,4.16239
2.98365055042724,5.42640360838744,5.91173989864178,5.75696,4.1327,4.16239
2.95043780761259,5.41747856211908,5.89934048296033,5.75696,4.1327,4.16239
2.96476599496577,5.43035861693861,5.88803480689668,5.70198,3.92485,4.34384
2.98663796540295,5.39459988071724,5.879252255253,5.70198,3.92485,4.34384
3.00288733310232,5.33171882281883,5.87232571325728,5.70198,3.92485,4.34384
3.04073586590723,5.28384911018682,5.86769642214348,5.70198,3.92485,4.34384
3.02066794212494,5.23678512498658,5.86545222732378,5.79435,3.66532,4.25806
3.03914164230621,5.19653482424514,5.86604928461222,5.79435,3.66532,4.25806
2.98412499577349,5.19120995081347,5.8686955190731,5.79435,3.66532,4.25806
2.97273714115333,5.20189762454688,5.8743186952557,5.79435,3.61034,4.03262
3.00535449441206,5.19134850526181,5.88137947404485,5.91862,3.61034,4.03262
3.0016028387235,5.20056931066927,5.88987825774097,5.91862,3.61034,4.03262
3.01675499846161,5.22838907427617,5.90005848447116,5.91862,3.61034,4.03262
3.01348645156782,5.25878155795578,5.91017106570828,5.91642,3.79839,4.03152
3.00503928146523,5.29290967928889,5.91914279697992,5.91642,3.79839,4.03152
3.00101445056876,5.33242921182358,5.92875784513756,5.91642,3.79839,4.03152
2.9731054166793,5.34375277050778,5.93791847589768,5.91642,3.79839,4.16569
2.97751174382287,5.34349218360888,5.94525386506175,5.87903,3.99743,4.16569
2.99625916484375,5.36666415745948,5.95156473425338,5.87903,3.99743,4.16569
3.0508607466355,5.39404170520319,5.95794459485149,5.87903,3.99743,4.16569
3.02109196697412,5.36550300279244,5.96166305098191,5.87903,4.03372,4.22177
3.01968072791518,5.33501494977196,5.96471602764207,5.78776,4.03372,4.22177
3.00371469599228,5.30457607033516,5.96678625120093,5.78776,4.03372,4.22177
2.98309445580486,5.27508360224919,5.96742661985259,5.78776,4.03372,4.22177
2.96918732263792,5.26613384841593,5.96766703479736,5.81415,3.88526,4.24597
2.96150164068108,5.27958849775684,5.96637208573014,5.81415,3.88526,4.24597
3.0126481158317,5.28997272764287,5.96492048171095,5.81415,3.88526,4.24597
3.02884137877094,5.28336880104914,5.96358435670908,5.81415,3.79289,3.97984
3.0483342210428,5.30544497514485,5.96284732681509,5.90323,3.79289,3.97984
3.0153235631473,5.33848703936683,5.96284933191444,5.90323,3.79289,3.97984
3.01788726631096,5.36063231833171,5.96320778471558,5.90323,3.79289,3.97984
3.03599356613955,5.39690820720812,5.96444417445223,5.85594,3.88416,3.90506
2.94619183435283,5.42231233077467,5.96694622702346,5.85594,3.88416,3.90506
2.90385813343679,5.42114148337608,5.969893953516,5.85594,3.88416,3.90506
3.00005044629619,5.43073032353255,5.9740709032239,5.85594,3.88416,3.90506
3.0333148117732,5.47206984792448,5.97979824430138,5.75587,4.02823,4.16569
3.00090361895622,5.47465279174402,5.987365601586,5.75587,4.02823,4.16569
3.05741629605613,5.42931205080313,5.99478523995577,5.75587,4.02823,4.16569
3.0628230182811,5.39641141172595,6.0018162594033,5.75587,4.02823,4.32075
2.98174955726886,5.36271633443513,6.01057166939435,5.77566,4.00953,4.32075
3.00579003480813,5.33073903688327,6.01826431737838,5.77566,4.00953,4.32075
2.94980094779397,5.30893182877827,6.02608203402746,5.77566,4.00953,4.32075
2.96879342760514,5.32544305395635,6.03288760305071,5.82735,3.81158,4.21738
3.02117886503082,5.32375613322933,6.04079874336014,5.82735,3.81158,4.21738
2.99556290108618,5.33012566888279,6.04794195835698,5.82735,3.81158,4.21738
3.03128832463583,5.35403036300253,6.05535034657299,5.82735,3.81158,4.21738
3.03333086731397,5.38462419938041,6.06200956607516,5.77896,3.67632,4.25147
3.02467836825975,5.40861625813694,6.06647102542661,5.77896,3.67632,4.25147
2.96746399137046,5.44933671025497,6.07027048274919,5.77896,3.67632,4.25147
2.95688810716252,5.4780919154475,6.07361900229211,5.77896,3.7324,4.17229
2.95498261046664,5.48140430820381,6.0754577172145,5.82625,3.7324,4.17229
3.02568361924078,5.51055965779684,6.07672452321478,5.82625,3.7324,4.17229
3.02066941789493,5.54624269493102,6.07807524528781,5.82625,3.7324,4.17229
3.04527608389646,5.53235348568629,6.07671268238194,5.87133,3.89186,4.01723
3.08375209194713,5.4998844293372,6.07399493581036,5.87133,3.89186,4.01723
3.04503124113143,5.47637821120263,6.07115735071006,5.87133,3.89186,4.01723
2.92293149039378,5.45007843963118,6.06625392296515,5.87133,3.89186,3.94685
2.91755426263882,5.42483345037072,6.05911558155368,5.87573,4.03702,3.94685
3.01160060857835,5.41733392868383,6.05182521719556,5.87573,4.03702,3.94685
2.95679100169312,5.43938330467061,6.04360006838612,5.87573,4.03702,3.94685
3.00417010048557,5.43324063604595,6.03444136765541,5.87573,4.08541,4.05902
3.01235229311511,5.43788886651041,6.02461679290881,5.79985,4.08541,4.05902
3.08106607389664,5.45508732125216,6.01423235511308,5.79985,4.08541,4.05902
3.05411603620044,5.47615465848863,6.00293961042732,5.79985,4.08541,4.05902
3.04163320313053,5.49913658966908,5.99112064622134,5.81085,4.02053,4.15579
2.9511970373895,5.52196950970451,5.97856749346558,5.81085,4.02053,4.15579
2.89129724440497,5.51664774206351,5.9661044710599,5.81085,4.02053,4.15579
2.99599814987711,5.51366056810873,5.95461747910919,5.81085,3.91496,4.08101
3.05512300208217,5.52201613053691,5.94311840692159,5.85154,3.91496,4.08101
3.00361157670312,5.52580742184912,5.93218566185102,5.85154,3.91496,4.08101
3.05154982492565,5.48754103963877,5.92119540370985,5.85154,3.91496,4.08101
3.03777969895257,5.445102952213,5.91212939459255,5.85484,3.84787,4.10301
2.93363678754125,5.40980610292217,5.90381294878353,5.85484,3.84787,4.10301
2.97356118854421,5.37760355708853,5.89640297017081,5.85484,3.84787,4.10301
3.00039508841597,5.35574168317393,5.88891030106049,5.85484,3.84787,4.10301
2.99139125678462,5.35794526956448,5.88317614017694,5.85484,3.85887,4.1349
3.02363125677434,5.37833064150153,5.87839947857683,5.85484,3.85887,4.1349
3.04465641987107,5.38477113382268,5.87604339663431,5.85484,3.85887,4.1349
3.01556470988412,5.41251127104704,5.87684193288157,5.85484,3.85887,4.17889
3.03608614766994,5.45354344574513,5.87820983563123,5.79875,3.92045,4.17889
2.96537411173468,5.47681941941969,5.87811243937538,5.79875,3.92045,4.17889
2.94624263462847,5.51744961674411,5.87695617082591,5.79875,3.92045,4.17889
2.99301158874552,5.55481066684098,5.87760790409728,5.85374,3.89956,4.26246
2.9708880942132,5.56202704421857,5.87912460292016,5.85374,3.89956,4.26246
3.03040551138204,5.5609598644407,5.88092622926271,5.85374,3.89956,4.26246
3.06246590384057,5.59902178326829,5.88159932324913,5.85374,3.89956,4.26246
3.05477849385729,5.60641385275779,5.88319537930523,5.89773,3.82918,4.18658
3.01810981949856,5.56540408651539,5.88390785318044,5.89773,3.82918,4.18658
2.96493994135272,5.53049063641161,5.88424642369612,5.89773,3.82918,4.18658
2.94287632706802,5.49248737225843,5.88265371140783,5.89773,3.89296,4.01943
3.01080606059324,5.45526404024907,5.87915467408672,5.90982,3.89296,4.01943
2.98864365548158,5.42926870594139,5.87475494079403,5.90982,3.89296,4.01943
2.95768484750863,5.45490296822436,5.86945082253862,5.90982,3.89296,4.01943
2.94292803569451,5.43409846835278,5.86158160294889,5.91202,4.00513,4.06342
3.01686061413524,5.42649553728694,5.85288383135687,5.91202,4.00513,4.06342
3.10431203256868,5.43461306411703,5.84344930796468,5.91202,4.00513,4.06342
3.17936182087248,5.44920015339432,5.83103327674305,5.91202,4.00513,4.15689
3.09681331571779,5.46192319402595,5.81675336095257,5.87793,4.03702,4.15689
2.87500040475515,5.48617405116182,5.80072512605217,5.87793,4.03702,4.15689
2.80113023641324,5.49321925655177,5.78361517031375,5.87793,4.03702,4.15689
2.87337217655487,5.47161502009444,5.76549519326755,5.87793,3.93915,4.27126
3.03324244689576,5.4718931481567,5.74717270897421,5.82405,3.93915,4.27126
3.14605870943792,5.50254240039573,5.72779592550253,5.82405,3.93915,4.27126
3.07140716408862,5.47782849563762,5.70886594115367,5.82405,3.93915,4.27126
3.01582892688343,5.42561858115514,5.68944560832071,5.81195,3.85117,4.27896
3.02391528674974,5.38591419105511,5.67025441224605,5.81195,3.85117,4.27896
2.97749888841051,5.34600930397643,5.65243622687944,5.81195,3.85117,4.27896
2.95486604128869,5.31039655935298,5.63493331870521,5.81195,3.84457,4.16679
2.95588749434151,5.30488468063318,5.61962532380538,5.86694,3.84457,4.16679
3.02033394938334,5.32098890344629,5.60586562519058,5.86694,3.84457,4.16679
3.00157655557118,5.3108676145005,5.59344524263205,5.86694,3.84457,4.16679
2.99373530589981,5.31989800203976,5.58295269707332,5.88783,3.83908,4.20088
3.02144547711423,5.34680883481771,5.57413949263923,5.88783,3.83908,4.20088
3.05632696657674,5.37501925543228,5.56665894510013,5.88783,3.83908,4.20088
3.04309002078189,5.40420546731498,5.56195601329629,5.88783,3.83908,4.20088
2.98893738374065,5.44069090715085,5.55851773116886,5.82185,3.76979,4.33724
2.94156271333676,5.44975515047118,5.55695740792985,5.82185,3.76979,4.33724
2.94211411383042,5.44890575584052,5.55666027619224,5.82185,3.76979,4.33724
3.01477205582319,5.47091663939379,5.55811059182971,5.82185,3.76979,4.22177
3.02077669808988,5.50050155364416,5.56064226842565,5.84054,3.7533,4.22177
3.0297082548301,5.46504851747976,5.56353181794011,5.84054,3.7533,4.22177
3.00590274198979,5.4293498976894,5.56667458523805,5.84054,3.7533,4.22177
2.99624487533126,5.39582745463939,5.56788534039184,5.90762,3.79839,4.05572
3.00493200202003,5.36215431603887,5.56904764477395,5.90762,3.79839,4.05572
3.03170922957559,5.33658213384218,5.56950379333415,5.90762,3.79839,4.05572
3.01964210149517,5.34454490096657,5.56984149961292,5.90762,3.79839,4.05572
3.01474764854143,5.3532878610944,5.57134474021703,5.86034,3.96774,4.00733
3.01401464662943,5.33862704678773,5.57125266459617,5.86034,3.96774,4.00733
2.95263736231564,5.35546880431856,5.57012516276908,5.86034,3.96774,4.00733
2.94020498519953,5.37833985896347,5.57011143319977,5.86034,4.09311,4.1382
2.98189816634977,5.39677728999309,5.56997241301502,5.78886,4.09311,4.1382
3.00977067512263,5.42682457025497,5.57101715615763,5.78886,4.09311,4.1382
3.01862345605241,5.45208960097757,5.57043878677254,5.78886,4.09311,4.1382
3.01732634099422,5.44918067081772,5.57119334557361,5.80535,3.99084,4.25587
3.00672508409176,5.44784893966722,5.57173192933018,5.80535,3.99084,4.25587
3.07805609862694,5.48792789567636,5.57528912204429,5.80535,3.99084,4.25587
3.0918716138957,5.4796626267966,5.58121477299608,5.80535,3.99084,4.20308
3.04026080238789,5.42937740310597,5.58816477481448,5.85374,3.79729,4.20308
2.92838998756255,5.39442410296058,5.59638759112746,5.85374,3.79729,4.20308
2.82708435381541,5.35766401977162,5.60669492777519,5.85374,3.79729,4.20308
2.88125990455733,5.32271478119945,5.61527314407169,5.85374,3.72471,4.04472
3.01761889837292,5.3042170723569,5.62555967839163,5.89773,3.72471,4.04472
3.16090230570732,5.31243756048787,5.63813080640691,5.89773,3.72471,4.04472
3.10582446656405,5.30289905430323,5.65069651628926,5.89773,3.72471,4.04472
3.02326819189515,5.30346388680286,5.66311239604288,5.86474,3.7599,4.00953
2.97685935888087,5.32063920427404,5.67539654675027,5.86474,3.7599,4.00953
2.93549187025703,5.3410454488959,5.68941952054873,5.86474,3.7599,4.00953
2.99029711092467,5.35423836858676,5.70296675819621,5.86474,3.96114,3.99743
3.05022984342619,5.38148511611027,5.71418136384946,5.79765,3.96114,3.99743
3.01475002592661,5.39266882003037,5.72408069778794,5.79765,3.96114,3.99743
2.9838053487838,5.37802800315142,5.73137562989886,5.79765,3.96114,3.99743
2.85107574645236,5.38378628503827,5.73742755336489,5.84604,4.1085,3.99633
2.93618427212907,5.41614983394877,5.74202399222769,5.84604,4.1085,3.99633
3.02777556472444,5.3921905736297,5.74606917891637,5.84604,4.1085,3.99633
3.22131363889446,5.34417114589492,5.74586442368966,5.84604,4.1085,3.99633
3.14653845781363,5.31106966817834,5.74020123955794,5.84604,4.04032,4.08431
2.98125239941956,5.27828751808734,5.73363105662381,5.84604,4.04032,4.08431
2.93100784300673,5.25026947068433,5.72667287300037,5.84604,4.04032,4.08431
2.92724549122947,5.24771912323425,5.71624013045093,5.84604,4.04032,4.23827
2.82702251278113,5.27693326722025,5.70255066009483,5.78006,3.80169,4.23827
3.03334905450525,5.27146985085663,5.69109436778987,5.78006,3.80169,4.23827
3.06853372089873,5.29004481637745,5.6805991200335,5.78006,3.80169,4.23827
2.98657722929041,5.32403050364516,5.66792723281213,5.74267,3.7357,4.21738
2.98106373791038,5.35409441708702,5.65162293156264,5.74267,3.7357,4.21738
3.07278344043573,5.39153181342158,5.63638626852158,5.74267,3.7357,4.21738
3.15240244373069,5.4318232219511,5.61883155386392,5.74267,3.7357,4.21738
3.00733901586831,5.44226601050336,5.60405588291639,5.89443,3.87867,3.99633
2.86178816400841,5.44745105481437,5.59020303453244,5.89443,3.87867,3.99633
2.9265964787099,5.47716579370003,5.57666642776664,5.89443,3.87867,3.99633
2.97175697744761,5.50369570156106,5.56251774411342,5.89443,4.05682,3.98864
3.10416225872503,5.47576893761077,5.54902928737698,5.91752,4.05682,3.98864
3.17941752303814,5.44337665481825,5.53451329306291,5.91752,4.05682,3.98864
3.09520059887786,5.41453921939569,5.51888201123839,5.91752,4.05682,3.98864
2.77592577208528,5.38557087781129,5.50243433382565,5.89773,4.1129,4.1096
2.72005208775526,5.36549706617785,5.48673396236759,5.89773,4.1129,4.1096
3.01942893954814,5.3732893761711,5.46852950172643,5.89773,4.1129,4.1096
3.1228512873288,5.39356580386646,5.44942143490803,5.89773,4.1129,4.24047
3.01470976118789,5.39149389467122,5.42873260773375,5.85704,3.94575,4.24047
3.02996342936525,5.41259572750414,5.40991298351467,5.85704,3.94575,4.24047
3.28087283875958,5.44941369390094,5.38980683516517,5.85704,3.94575,4.24047
3.13988827282508,5.47010330334759,5.36702200331451,5.85704,3.78739,4.28886
2.85115976857901,5.5103979453734,5.342353983265,5.81195,3.78739,4.28886
2.76667073878961,5.54014901894707,5.31613465546724,5.81195,3.78739,4.28886
2.92215033420496,5.54861444047633,5.28839889029736,5.81195,3.78739,4.28886
2.86596591658518,5.562105297436,5.26161152937217,5.87023,3.71701,4.18328
3.08292674787748,5.59445397590518,5.23478757968015,5.87023,3.71701,4.18328
3.15079748959905,5.60427345847673,5.20621372059077,5.87023,3.71701,4.18328
3.13483656198395,5.57417698787149,5.17700326346709,5.87023,3.86327,3.99413
3.05080439388357,5.54455680566012,5.14714981853832,5.84384,3.86327,3.99413
3.04777068066716,5.51607153990342,5.11866766757283,5.84384,3.86327,3.99413
2.86917191870246,5.48895869305779,5.08944847071343,5.84384,3.86327,3.99413
2.81022638393129,5.47415758930312,5.05766322674471,5.81195,4.125,3.79619
2.93527648768704,5.49406293691421,5.02460430877368,5.81195,4.125,3.79619
3.06859531352343,5.49500461527008,4.98964149864433,5.81195,4.125,3.79619
3.09939509743079,5.4960111551637,4.95368293984781,5.81195,4.125,3.79619
3.08671589672406,5.52304259674139,4.91688405440599,5.80205,4.30975,3.62243
3.06966223769072,5.55099315216825,4.87964854295802,5.80205,4.30975,3.62243
3.03498747382691,5.56863470939881,4.83708681914017,5.80205,4.30975,3.62243
2.9242957621535,5.602135933026,4.78940094527658,5.80205,4.30975,3.56195
2.89842785440029,5.62214936695757,4.74075162428349,5.80975,4.29106,3.56195
2.91583851464336,5.61608080434492,4.69127374946008,5.80975,4.29106,3.56195
2.96058606265002,5.62115689239377,4.63748865775718,5.80975,4.29106,3.56195
3.13609739504983,5.65544745623877,4.57929536334901,5.81415,4.09971,3.64113
3.07609494067912,5.62922332529291,4.52132694834203,5.81415,4.09971,3.64113
3.0082997059984,5.58175306428023,4.46149986614419,5.81415,4.09971,3.64113
2.9654640162376,5.54305805461958,4.39696556055087,5.81415,4.09971,3.64113
2.99544068008756,5.5030902705396,4.32878623096854,5.80645,3.86987,3.79399
2.9723186527566,5.4650195961922,4.26039835041211,5.80645,3.86987,3.79399
2.99570574735293,5.45171819686324,4.18859391965807,5.80645,3.86987,3.79399
3.01014019585101,5.45727865356174,4.1172658648972,5.80645,3.7357,3.93365
3.00864384651777,5.44321504013903,4.04638461463577,5.80315,3.7357,3.93365
2.99149329791338,5.4434726603262,3.97607534993517,5.80315,3.7357,3.93365
3.01310814569561,5.45824263711334,3.9055098146828,5.80315,3.7357,3.93365
3.01699024570853,5.46834081032146,3.83697956604967,5.81195,3.7357,4.01063
3.00674654763769,5.48739590288501,3.76836133838841,5.81195,3.7357,4.01063
3.00424246529191,5.50690305289386,3.69967038835253,5.81195,3.7357,4.01063
2.98166759726268,5.4854187540576,3.63250677875788,5.81195,3.7357,4.02493
3.00044133974622,5.47619234864274,3.56794463404186,5.83065,3.80499,4.02493
2.9932317166443,5.48570734638227,3.50471508179499,5.83065,3.80499,4.02493
3.00928553940869,5.50427772986742,3.44274811405688,5.83065,3.80499,4.02493
2.9945022168476,5.47023548352009,3.38178715326994,5.83065,3.87207,4.01283
3.0171713255156,5.44136170817237,3.32220833232906,5.83834,3.87207,4.01283
2.99911802145648,5.41541652867526,3.26269534474739,5.83834,3.87207,4.01283
2.99729617413324,5.39586160580246,3.20361924909716,5.83834,3.87207,4.01283
2.99625586707976,5.38638464346301,3.14508297879105,5.83174,3.92155,4.00953
3.02358628538011,5.4111615857826,3.0868365842011,5.83174,3.92155,4.00953
2.99761291012626,5.4579411816224,3.0314727705087,5.83174,3.92155,4.00953
3.00041387453784,5.48681202725934,2.97765868982779,5.83174,3.96004,4.00183
2.99008374883259,5.53787973315061,2.9249709415304,5.84164,3.96004,4.00183
3.00030082541083,5.60545335323822,2.87351358351711,5.84164,3.96004,4.00183
3.00722056806678,5.67183476775397,2.82519135565321,5.84164,3.96004,4.00183
3.00500001776492,5.74338795754126,2.77940311047355,5.84604,3.96994,3.98424
3.00118414423364,5.8003553897451,2.73733052253444,5.84604,3.96994,3.98424
3.00415110079094,5.83104657685407,2.69957910471505,5.84604,3.96994,3.98424
3.00668457720301,5.87070912897609,2.66668481781696,5.84604,3.96994,3.98424
2.99773338914445,5.93388729410488,2.63840003208801,5.84384,3.94135,3.95455
3.00660247287179,5.96379513307946,2.61551524728999,5.84384,3.94135,3.95455
2.98870135615618,5.95794502446214,2.59835737472226,5.84384,3.94135,3.95455
2.99781111888199,5.94984665652704,2.58710155859417,5.84384,3.94135,4.01833
2.99126588605806,5.93583090064134,2.58171763020162,5.83504,3.90286,4.01833
3.00405246143093,5.92082141258442,2.58163363826178,5.83504,3.90286,4.01833
3.01753884835385,5.91667951196576,2.58741866864509,5.83504,3.90286,4.01833
3.00747173035442,5.9405920650772,2.59822230873139,5.82185,3.90946,4.18438
3.00352326438264,5.95532239893744,2.61444926023358,5.82185,3.90946,4.18438
3.01928222298271,5.962515805211,2.63452049989171,5.82185,3.90946,4.18438
3.00101871517403,5.98875630047585,2.65885796057532,5.82185,3.90946,4.18438
3.00272378193758,6.02330886349831,2.68650788275513,5.82845,3.96004,4.29435
2.98048033892817,6.04925575738129,2.71675995081969,5.82845,3.96004,4.29435
2.97716931865037,6.08940908786,2.74874290903757,5.82845,3.96004,4.29435
2.99917812429867,6.10841830353647,2.78297233329339,5.82845,4.02273,4.27456
2.99752945538904,6.09626047129586,2.81780356920565,5.83284,4.02273,4.27456
3.01344316357019,6.11074439849477,2.85338279839877,5.83284,4.02273,4.27456
3.01750417531234,6.14035837382496,2.88870316798785,5.83284,4.02273,4.27456
3.01950493688989,6.12535247176303,2.92407514126122,5.85154,4.07991,4.21188
3.00483460545037,6.09306933039468,2.95930802253996,5.85154,4.07991,4.21188
2.99611699563753,6.06177575645706,2.99395473831503,5.85154,4.07991,4.21188
2.99888508446425,6.02591845887875,3.02786213749565,5.85154,4.07991,4.19868
3.00613270028617,5.99951505676714,3.06182971196406,5.86254,4.09641,4.19868
2.99015980312319,5.98216603725443,3.0957252139096,5.86254,4.09641,4.19868
2.98821619885267,5.9938640709267,3.12965483361237,5.86254,4.09641,4.19868
2.9995280968579,5.99635059168248,3.16435557377712,5.86254,4.07551,4.24817
3.00364258098468,6.00630397625631,3.19971574831128,5.86474,4.07551,4.24817
3.01644698097844,6.02819220694508,3.23669505033527,5.86474,4.07551,4.24817
2.99467861878189,6.05378651490719,3.27475092988323,5.86474,4.07551,4.24817
3.00770921509546,6.08056942192283,3.3149795061958,5.86254,4.04692,4.31525
3.00716973308882,6.10056043170556,3.35755742194505,5.86254,4.04692,4.31525
2.99299854341104,6.09866635972327,3.40276929674899,5.86254,4.04692,4.31525
2.99474772051414,6.08097738002295,3.45046843938546,5.86254,4.00293,4.36254
3.01644880085819,6.0926655742651,3.50096863501716,5.85924,4.00293,4.36254
3.00136378421493,6.11287704329819,3.55427649531641,5.85924,4.00293,4.36254
3.00677324452563,6.08376295370198,3.61076126375235,5.85924,4.00293,4.36254
2.99435510133091,6.05449420983265,3.66959279128838,5.84384,3.94465,4.41422
3.00835887670696,6.02584094389289,3.73066781905808,5.84384,3.94465,4.41422
3.00390874204648,6.00134028257111,3.79488322353894,5.84384,3.94465,4.41422
2.98531948379817,5.98372165963421,3.86109159999996,5.84384,3.94465,4.41422
2.987363605289,5.98649821997351,3.92944278691766,5.83834,3.90506,4.44062
3.0182119249386,6.0239439592476,3.99939979561167,5.83834,3.90506,4.44062
3.00653116504917,6.0428840158991,4.07115871042086,5.83834,3.90506,4.44062
3.00470830753028,6.08187272902168,4.14386784572554,5.83834,3.90506,4.44172
3.00611724265262,6.13070290900567,4.21703476459209,5.84714,3.88746,4.44172
3.0042630942785,6.18301255441277,4.29052808825344,5.84714,3.88746,4.44172
3.00571262638943,6.23738781440089,4.36430976611977,5.84714,3.88746,4.44172
2.98073801347589,6.27485172627135,4.43766573779432,5.85154,3.84348,4.44721
3.00711294728915,6.28076003448124,4.5104343145777,5.85154,3.84348,4.44721
3.0050661883629,6.29573045286642,4.58216480514617,5.85154,3.84348,4.44721
3.0149241773642,6.33186978564047,4.65255587488957,5.85154,3.84348,4.44721
3.00190665163798,6.34683358647962,4.72217728449048,5.85044,3.78959,4.44611
2.99026660532372,6.31453025662457,4.78962134544312,5.85044,3.78959,4.44611
3.00689260309918,6.28262016028814,4.85526423596951,5.85044,3.78959,4.44611
3.00598087950097,6.24667787412385,4.91906709613299,5.85044,3.77309,4.42852
2.98461629791768,6.20888784071282,4.98068057552449,5.83724,3.77309,4.42852
2.99414714817254,6.18106462279012,5.039523703576,5.83724,3.77309,4.42852
3.02659106390571,6.19568560933394,5.09646645851374,5.83724,3.77309,4.42852
3.00321415429784,6.16479140072517,5.15071528522827,5.84934,3.82808,4.36364
3.00196021385948,6.15118612554339,5.20262838239231,5.84934,3.82808,4.36364
2.99948866864932,6.15201014328614,5.25159911799279,5.84934,3.82808,4.36364
3.01353140928851,6.16045218726158,5.29829388147076,5.84934,3.82808,4.28776
2.99604360857202,6.16631854560685,5.34235141103688,5.86254,3.90616,4.28776
2.98790358061993,6.17154869220367,5.38389164472352,5.86254,3.90616,4.28776
2.99835422589125,6.14858134772989,5.42282459612154,5.86254,3.90616,4.28776
3.01034690451991,6.10442597465428,5.4596344059591,5.86254,3.95345,4.23937
3.01031539361424,6.07688255223122,5.49445273881009,5.86364,3.95345,4.23937
3.01012546320414,6.08613301314197,5.52721821084214,5.86364,3.95345,4.23937
2.99393064095722,6.03852304968246,5.55866073973527,5.86364,3.95345,4.23937
2.99979264216554,5.97155893880286,5.58799057069408,5.85154,3.96664,4.22177
3.0183143988787,5.91057789303377,5.61684973078929,5.85154,3.96664,4.22177
2.98945472679303,5.85378278457238,5.64389377486089,5.85154,3.96664,4.22177
2.99419810615238,5.80099717848626,5.67090272493139,5.85154,3.96114,4.18548
3.00394824746227,5.77764596504791,5.69673193550905,5.85154,3.96114,4.18548
3.00565785165,5.78485654131691,5.72312058341498,5.85154,3.96114,4.18548
2.9932458191602,5.76028533685435,5.74951247232241,5.85154,3.96114,4.18548
3.01596846582883,5.76139067962376,5.77550318301754,5.85924,3.96114,4.10191
3.01149356364586,5.78287865744996,5.80205851695731,5.85924,3.96114,4.10191
3.01385795128148,5.81088142991681,5.83068247886905,5.85924,3.96114,4.10191
3.00176572871703,5.84051720529932,5.86022254001033,5.85924,3.96114,4.10191
3.00725536486612,5.86531466188356,5.891563930575,5.86584,3.99084,4.00733
2.99362812656688,5.84864549102718,5.92497809654157,5.86584,3.99084,4.00733
3.00656733049851,5.84303088288828,5.96223534594754,5.86584,3.99084,4.00733
3.00000628794662,5.85577745204141,6.0038015178093,5.86584,3.99084,3.90946
2.99337374370031,5.8858297069607,6.05053752927915,5.87133,4.05682,3.90946
3.01368854075657,5.84493221659323,6.10452109503584,5.87133,4.05682,3.90946
3.00775728362136,5.80921243499758,6.16697409004034,5.87133,4.05682,3.90946
3.01647228782973,5.77287687375637,6.24109728262457,5.88453,4.1349,3.83468
2.9794065894265,5.73800805563083,6.32701376688155,5.88453,4.1349,3.83468
3.01388250650485,5.7116406939551,6.42593296774347,5.88453,4.1349,3.83468
2.9801066043762,5.71283363040701,6.53886630078308,5.88453,4.1349,3.83468
3.00447109159258,5.72148884547507,6.66692203316517,5.88563,4.17669,3.81048
2.97982514669894,5.72170582427816,6.8103462320921,5.88563,4.17669,3.81048
3.0331451875771,5.74400757119068,6.96981272600832,5.88563,4.17669,3.81048
3.01742477831691,5.77447530110409,7.14570031950479,5.88563,4.17229,3.84897
3.00454569935587,5.80246016720498,7.33693968418742,5.86913,4.17229,3.84897
3.04126942041575,5.83608153317869,7.54289775656829,5.86913,4.17229,3.84897
3.08826425519424,5.84787271731179,7.7624483059544,5.86913,4.17229,3.84897
3.01035725011208,5.85265847919193,7.99389702926774,5.85594,4.1437,3.89626
2.95828545180433,5.85581152884973,8.23475745877149,5.85594,4.1437,3.89626
2.90261651504532,5.89496427469673,8.48314209809403,5.85594,4.1437,3.89626
2.96274165468808,5.88768739923724,8.73610738916577,5.85594,4.1437,3.94245
2.94753178884273,5.85506490873504,8.9909271194274,5.86694,4.1305,3.94245
2.95986054730769,5.82931114676273,9.24429759529595,5.86694,4.1305,3.94245
3.024590035309,5.80220568856207,9.4936438156511,5.86694,4.1305,3.94245
3.10068805833816,5.77820237548906,9.73574875073426,5.86694,4.1118,3.99743
3.18039770534547,5.77757083796936,9.96825110818924,5.87243,4.1118,3.99743
3.07219252569016,5.77910456250179,10.1888460289031,5.87243,4.1118,3.99743
2.97834720943756,5.79293250644299,10.3944059708143,5.87243,4.1118,3.99743
2.9275150679335,5.81530580687417,10.5844603431599,5.86804,4.10301,4.05462
2.92015143814474,5.84793677681258,10.7571527047075,5.86804,4.10301,4.05462
2.93508877056558,5.88142042085373,10.9121077539937,5.86804,4.10301,4.05462
2.97714354589623,5.91767712496652,11.0479872438802,5.86804,4.10301,4.1107
3.00776018178083,5.95630892974766,11.1662212289346,5.85154,4.10191,4.1107
3.03054861194724,5.99805918592613,11.2663104046647,5.85154,4.10191,4.1107
3.04051768286467,5.9870542890021,11.3492577082874,5.85154,4.10191,4.1107
3.03955998586326,5.99575280223503,11.4160478968014,5.84054,4.09421,4.15579
3.02659642370051,6.03592050078531,11.4691394127524,5.84054,4.09421,4.15579
3.01197665681361,6.02031299759222,11.5090438806391,5.84054,4.09421,4.15579
3.00003531372753,5.98339207633641,11.5375029515344,5.84054,4.09421,4.15579
2.99454618843632,5.95336168387066,11.5564250018599,5.85264,4.07771,4.19428
2.99073270191685,5.92160827303365,11.5686567105161,5.85264,4.07771,4.19428
2.98945014372316,5.91526294052804,11.5745898583518,5.85264,4.07771,4.19428
3.00080271575666,5.87933755620276,11.5759749038575,5.85264,4.07771,4.22837
3.0081145733042,5.87680939740058,11.5734443341441,5.86254,4.04362,4.22837
3.01291405442071,5.88567722721485,11.5698454074485,5.86254,4.04362,4.22837
3.01078053317875,5.89100597611645,11.5653153470759,5.86254,4.04362,4.22837
2.9777764480176,5.90829406497752,11.5604778710456,5.88123,3.97874,4.26576
3.01116966537491,5.91879193676135,11.5562106434971,5.88123,3.97874,4.26576
3.01183920946263,5.92708223127485,11.5528602924745,5.88123,3.97874,4.26576
3.01267413075154,5.92643356286647,11.5519301664062,5.88123,3.97874,4.26576
3.0117210429702,5.92570303542423,11.55154797677,5.94172,3.90506,4.36913
3.01466148093962,5.91719740431954,11.551358904239,5.94172,3.90506,4.36913
3.00318106265315,5.90863483627852,11.5512599613653,5.94172,3.90506,4.36913
2.97593367637783,5.91133225215461,11.5512597102795,5.94172,3.90506,4.45931
3.01529650568769,5.87484045096763,11.5512323412367,6.16386,3.81268,4.45931
3.01456796841414,5.83650293797739,11.5513552609015,6.16386,3.81268,4.45931
2.99689351261783,5.80996456718139,11.5515553086083,6.16386,3.81268,4.45931
3.01190096855984,5.77948312807373,11.5518269149246,6.48167,3.63893,4.45161
3.00725338131109,5.75640803446381,11.552339362594,6.48167,3.63893,4.45161
3.00809399269271,5.73072581838619,11.5525754834211,6.48167,3.63893,4.45161
3.00712934371208,5.79778948210153,11.5529977779058,6.48167,3.63893,4.41202
3.0021737277373,5.81872058759773,11.553442014341,6.62573,3.3849,4.41202
3.00493845946344,5.85513608470927,11.5538955669227,6.62573,3.3849,4.41202
3.00932855819828,5.91269336805461,11.5565042837932,6.62573,3.3849,4.41202
3.00783765124616,5.96302775046962,11.5607659057757,6.62573,3.24523,4.42522
2.9983271438654,6.01849981469477,11.5642003462429,6.60924,3.24523,4.42522
2.99405373434412,6.07360570344456,11.5672138756413,6.60924,3.24523,4.42522
2.99317477149788,6.11592316983225,11.5697923800947,6.60924,3.24523,4.42522
2.99775839049788,6.15646010821748,11.5718547943936,6.60374,3.3805,4.54399
3.00161017210477,6.19555595493055,11.5709767108671,6.60374,3.3805,4.54399
3.01221669328996,6.22767470658497,11.5668592712301,6.60374,3.3805,4.54399
3.02221351806795,6.21580332768007,11.5587436945415,6.60374,3.3805,4.71884
3.03009472682945,6.1976201768412,11.5453867365052,6.66202,3.68622,4.71884
3.03299488211945,6.17261832739004,11.5254564511108,6.66202,3.68622,4.71884
3.02402711529239,6.14964455100574,11.4973877026717,6.66202,3.68622,4.71884
3.00723835052883,6.12450873593108,11.4606609223198,6.70931,4.00623,4.8915
2.98352973151551,6.13807768935378,11.4137092210084,6.70931,4.00623,4.8915
2.95782137426851,6.13695446082412,11.3547660049411,6.70931,4.00623,4.8915
2.92049997979498,6.11675582532053,11.2831118541951,6.70931,4.00623,4.8915
2.94610775214404,6.12801527461111,11.1989263246823,6.69941,4.26796,4.99817
2.98222281502287,6.14171068784853,11.1006007517663,6.69941,4.26796,4.99817
3.06022429067193,6.14417244907854,10.9884348921692,6.69941,4.26796,4.99817
3.18487213573654,6.1524546319223,10.8617749167594,6.69941,4.26796,5.01246
3.11863138392042,6.1254847576953,10.7214963563131,6.61913,4.44501,5.01246
2.94654592725065,6.12115207504471,10.5681788546535,6.61913,4.44501,5.01246
2.92855853349579,6.07629589779354,10.4023661377922,6.61913,4.44501,5.01246
2.96827926841085,6.08171025228312,10.2257452135342,6.46628,4.52859,4.97067
2.99070948269465,6.05960346694347,10.0392494435205,6.46628,4.52859,4.97067
2.9304740130145,6.00773983163197,9.84506357428232,6.46628,4.52859,4.97067
2.99988194357361,5.9668637798364,9.64465715445914,6.46628,4.52859,4.97067
3.01326577404927,5.9276451666712,9.44040043760846,6.27603,4.52749,4.89589
3.03229655671044,5.8883077535181,9.23386917415381,6.27603,4.52749,4.89589
3.03151603199183,5.8773240693447,9.02787093124487,6.27603,4.52749,4.89589
3.02272648726056,5.92188631870106,8.8235109650735,6.27603,4.52749,4.80682
3.03834225544475,5.9370952229746,8.62312323430936,6.11547,4.46151,4.80682
3.00904658978154,5.94514893398946,8.42801747409322,6.11547,4.46151,4.80682
2.98460025730068,5.98080242724881,8.24040973550375,6.11547,4.46151,4.80682
2.96303072335133,6.02951715619336,8.06081627086721,5.9912,4.37023,4.70015
3.01905309573122,6.07174944240031,7.89021663186756,5.9912,4.37023,4.70015
3.00519463267239,6.11552526819425,7.72964398181976,5.9912,4.37023,4.70015
3.00393106781331,6.13316922540575,7.57952717337282,5.9912,4.37023,4.55938
2.99254701871188,6.13173680969514,7.44001858766175,5.88563,4.26356,4.55938
3.01295498038204,6.12811935832029,7.31083900959587,5.88563,4.26356,4.55938
3.01132738601389,6.17830160797385,7.19206861401435,5.88563,4.26356,4.55938
3.00138196034911,6.13151204755408,7.08310509924512,5.88563,4.136,4.40872
3.00975002352489,6.0798799968194,6.98350107630403,5.79216,4.136,4.40872
2.98874112216787,6.02834531949846,6.89411644823018,5.79216,4.136,4.40872
3.00438753325014,5.96492095046858,6.81370990019913,5.79216,4.136,4.40872
2.99867631483848,5.90650145039213,6.73894961098674,5.70638,4.00733,4.24487
3.0135000030067,5.87124722745876,6.67045192277435,5.70638,4.00733,4.24487
3.00459038145651,5.86472625242264,6.60759217558699,5.70638,4.00733,4.24487
3.02816089010949,5.82335209030057,6.55083491690621,5.70638,4.00733,4.08651
2.99252478054218,5.79155493234043,6.49776089837928,5.6151,3.89186,4.08651
3.00332051398828,5.7734487842265,6.44950580255882,5.6151,3.89186,4.08651
2.99699963281856,5.75449652125217,6.40472060553189,5.6151,3.89186,4.08651
3.02152538380352,5.73902908916913,6.36380496251756,5.53812,3.79619,3.93475
2.98790153180809,5.72251174176113,6.32612070632647,5.53812,3.79619,3.93475
2.98651238654268,5.69977021872325,6.2913329507557,5.53812,3.79619,3.93475
3.00697248572373,5.66564040039135,6.25983947318223,5.53812,3.79619,3.93475
3.01258307822887,5.66486633750166,6.23069724475566,5.48314,3.70821,3.79619
3.00775298894435,5.66587149378675,6.20422271260044,5.48314,3.70821,3.79619
3.01429576686681,5.60372276768999,6.17918986704619,5.48314,3.70821,3.79619
3.00352903197868,5.55820218070862,6.15692575811635,5.48314,3.70821,3.68402
2.99876240398541,5.51506766448971,6.13642643880652,5.44795,3.62353,3.68402
3.00018864123613,5.47734521283364,6.11802348702552,5.44795,3.62353,3.68402
2.99052895222005,5.45736702100261,6.10077013664183,5.44795,3.62353,3.68402
3.00921472208528,5.45974182567291,6.08538528929882,5.44795,3.55645,3.60044
2.99709068569166,5.47025736357235,6.07163049992338,5.42485,3.55645,3.60044
3.00903464550374,5.47453322638252,6.05929233518291,5.42485,3.55645,3.60044
2.99487168777786,5.49569914588518,6.04859822737422,5.42485,3.55645,3.60044
3.02216286076259,5.52911287801919,6.03871756450093,5.39956,3.53006,3.55975
3.01653881022354,5.555853231866,6.03024861080619,5.39956,3.53006,3.55975
3.00286223383577,5.58277594649758,6.0227936814082,5.39956,3.53006,3.55975
2.98200797368768,5.58494436563227,6.01678065831382,5.39956,3.53006,3.55425
3.00145239571883,5.58146958670353,6.01140565055217,5.37647,3.52676,3.55425
2.99920487303072,5.59319333139512,6.00750143436818,5.37647,3.52676,3.55425
3.0071335406825,5.61984389079061,6.00400965254248,5.37647,3.52676,3.55425
3.00869829303242,5.58559245281749,6.00135994356369,5.35777,3.53886,3.57295
2.99714310473775,5.53368999022025,5.99891723695097,5.35777,3.53886,3.57295
3.01304657363977,5.49151651273769,5.99789056759053,5.35777,3.53886,3.57295
2.99333058348519,5.45328748412944,5.99682830181428,5.35777,3.53886,3.57295
3.00267145249575,5.41422201171635,5.99632054993076,5.35997,3.57185,3.59494
3.00401774534632,5.38795824876671,5.99626778437388,5.35997,3.57185,3.59494
3.01287095294498,5.39518400677395,5.99682742045613,5.35997,3.57185,3.59494
2.99465149036366,5.40182207931128,5.9980365110459,5.35997,3.60594,3.64663
3.00494277312644,5.40732475044865,5.99957227376595,5.37647,3.60594,3.64663
3.00647779180696,5.42750392823686,6.00124494137937,5.37647,3.60594,3.64663
3.01083198121549,5.44956188839104,6.0034112250658,5.37647,3.60594,3.64663
2.9996332427069,5.48318524723723,6.00591321353507,5.39406,3.62353,3.71811
2.98639531046678,5.51838383707419,6.00833394199194,5.39406,3.62353,3.71811
2.99653487447026,5.54691142749257,6.01130408183232,5.39406,3.62353,3.71811
3.00974907617168,5.56677713183424,6.01402887154505,5.39406,3.62353,3.7665
3.01798000317652,5.59114054376124,6.0173475960453,5.41935,3.64223,3.7665
3.00679060004508,5.62777056256843,6.02024108097296,5.41935,3.64223,3.7665
3.00759708534563,5.60449593248381,6.02330192539786,5.41935,3.64223,3.7665
2.99901668695806,5.56116105645591,6.02623940335533,5.45015,3.65872,3.79399
2.99223849830802,5.52919254852658,6.02922615291086,5.45015,3.65872,3.79399
2.98829682578267,5.49448520816389,6.03165081482088,5.45015,3.65872,3.79399
3.01180583411297,5.45215656398256,6.03403524989832,5.45015,3.65872,3.79399
2.99325347211385,5.41919577410724,6.03617198320748,5.49523,3.67962,3.79179
3.01341193696873,5.42501109500738,6.03826386330404,5.49523,3.67962,3.79179
3.00423894519677,5.40411658541823,6.0404517013786,5.49523,3.67962,3.79179
3.0151951624314,5.38800905545984,6.04180413654456,5.49523,3.67962,3.77089
3.0193172466972,5.37762911857568,6.04349076932318,5.53482,3.69391,3.77089
2.98904844154337,5.35680370621911,6.04452827869596,5.53482,3.69391,3.77089
2.9883205756037,5.35086679267986,6.04571989167393,5.53482,3.69391,3.77089
3.00614249557147,5.3367535488331,6.04620386385611,5.53482,3.70601,3.72911
3.00003355105858,5.3205832606274,6.04696302243586,5.56562,3.70601,3.72911
2.99716979375961,5.30467517964938,6.04698124429673,5.56562,3.70601,3.72911
3.00842184123918,5.31166858461727,6.04683187803765,5.56562,3.70601,3.72911
3.00432664491072,5.28741505656981,6.04609439080689,5.58981,3.70931,3.67962
3.02188877872717,5.21917533615613,6.04556024654571,5.58981,3.70931,3.67962
2.99839491769238,5.16606418757436,6.04421766407013,5.58981,3.70931,3.67962
2.99267652752029,5.12133113548205,6.0428040836386,5.58981,3.70931,3.63453
2.99357002265027,5.08147734641947,6.04088249295319,5.60301,3.70711,3.63453
3.00627406822236,5.05138017455644,6.03873429297516,5.60301,3.70711,3.63453
3.0009941118623,5.03858923302625,6.03696940628366,5.60301,3.70711,3.63453
3.00268825412355,5.05120179359953,6.03471290653227,5.59861,3.68732,3.60374
3.00838073903063,5.06775089016301,6.03243642681578,5.59861,3.68732,3.60374
3.01436029265101,5.08563035647882,6.03005219355198,5.59861,3.68732,3.60374
3.00932435608675,5.10770849963989,6.02784243931128,5.59861,3.68732,3.58394
2.98275484816568,5.13001033144995,6.0250227086907,5.6107,3.66972,3.58394
3.00876160358332,5.16500394201124,6.02299863514807,5.6107,3.66972,3.58394
3.00028903006938,5.18755957115051,6.02070886886053,5.6107,3.66972,3.58394
3.01514265370484,5.18230581812267,6.01898891702316,5.6107,3.67082,3.57735
2.99009878579846,5.19093868031089,6.01671137834825,5.64699,3.67082,3.57735
3.01400370208046,5.21981920895941,6.01510675895275,5.64699,3.67082,3.57735
2.99477082048692,5.22638914920382,6.01363837243993,5.64699,3.67082,3.57735
2.99948085891912,5.19290884550287,6.01207445274413,5.68328,3.67742,3.57955
2.99372215969145,5.16988182787033,6.01056625934549,5.68328,3.67742,3.57955
3.01646881417574,5.15104402399291,6.00917870218298,5.68328,3.67742,3.57955
2.98773428069735,5.13958244407506,6.0079406089352,5.68328,3.67742,3.60044
3.01957291148558,5.16333432138627,6.00674100601992,5.71628,3.68732,3.60044
2.9993991524093,5.21269289102021,6.00607536954966,5.71628,3.68732,3.60044
3.007408413095,5.23070856456725,6.0050305968539,5.71628,3.68732,3.60044
3.02338280809776,5.2616178310412,6.00479289068666,5.75367,3.71041,3.64333
2.99165154733298,5.30803323331216,6.00441445881708,5.75367,3.71041,3.64333
2.99281400748421,5.35499978279983,6.0041912332457,5.75367,3.71041,3.64333
2.9950449742673,5.3999611569149,6.0038166035065,5.75367,3.71041,3.64333
3.00325087287731,5.45489487458496,6.0040727856959,5.77676,3.7489,3.69721
2.98641413106242,5.47767374435613,6.00413397561491,5.77676,3.7489,3.69721
3.02395319369034,5.50050847932959,6.00420412839698,5.77676,3.7489,3.69721
3.01245126582227,5.52227127396004,6.00418844056026,5.77676,3.7489,3.7588
3.01082881425614,5.56134358370386,6.00453159347061,5.78336,3.78519,3.7588
2.98405446894979,5.54057169364331,6.00487147133954,5.78336,3.78519,3.7588
3.01889806072372,5.5033790362619,6.0047925090422,5.78336,3.78519,3.7588
2.99317005467482,5.46672831833578,6.00481963114528,5.78336,3.81378,3.84238
3.00075730408139,5.4232375880164,6.0047528165164,5.77896,3.81378,3.84238
3.00062306713203,5.39214014560144,6.00506663201729,5.77896,3.81378,3.84238
2.99005976328648,5.38559555042775,6.00478383510467,5.77896,3.81378,3.84238
3.00504472592755,5.39136086745972,6.00506812516166,5.78666,3.84677,3.93255
3.01205464419029,5.37579690361226,6.00499447581212,5.78666,3.84677,3.93255
3.01722499600964,5.37357109646112,6.00544011428157,5.78666,3.84677,3.93255
2.99256519924643,5.38302733042132,6.00516218322759,5.78666,3.84677,4.02053
3.01557385504298,5.3842363159718,6.00563359355064,5.80425,3.87427,4.02053
2.99772892024553,5.40713678929848,6.0059014604744,5.80425,3.87427,4.02053
3.00136720613652,5.42102373850031,6.00676161558606,5.80425,3.87427,4.02053
2.9949563274752,5.42185254911375,6.0069946473656,5.82625,3.88746,4.10521
3.01473426440821,5.432006816829,6.00754674784296,5.82625,3.88746,4.10521
2.99142451451324,5.45595846973997,6.00841219627614,5.82625,3.88746,4.10521
2.99650646824571,5.47284763267976,6.0089887556421,5.82625,3.88746,4.10521
3.00017595682495,5.4509727473362,6.00965315825289,5.85044,3.90946,4.18328
3.01713113267267,5.42658704655101,6.00997863637215,5.85044,3.90946,4.18328
3.00103548680278,5.40187902122156,6.0106451055759,5.85044,3.90946,4.18328
3.00303380700666,5.37995568527152,6.01080641338906,5.85044,3.92705,4.25147
2.99839235826946,5.37799176703196,6.01158294082315,5.86584,3.92705,4.25147
3.01061698026532,5.40256565290743,6.01206512016524,5.86584,3.92705,4.25147
3.00849274515347,5.40290592439234,6.01302931752006,5.86584,3.92705,4.25147
2.99521905007186,5.41589277516861,6.01326650176941,5.86144,3.92485,4.32955
3.00773762803483,5.44470745859653,6.01403720809748,5.86144,3.92485,4.32955
2.99608178760764,5.47707456975828,6.01447634643792,5.86144,3.92485,4.32955
3.0091637156035,5.50579732754444,6.0152569895174,5.86144,3.92485,4.38673
2.97784711335112,5.54296122159091,6.01608469443574,5.86144,3.91935,4.38673
3.0165756298603,5.55391575280476,6.01636617029161,5.86144,3.91935,4.38673
3.02182462058828,5.55744960344004,6.01676183228676,5.86144,3.91935,4.38673
3.00534350341988,5.58550346997759,6.01716922052657,5.88233,3.92925,4.40323
2.98324787988587,5.61406273073547,6.01780485867203,5.88233,3.92925,4.40323
3.01271871791638,5.58698272856065,6.01777368487241,5.88233,3.92925,4.40323
3.00089024100196,5.54993757242884,6.01794147187387,5.88233,3.92925,4.40323
3.0011688760481,5.52042823861942,6.0176665602472,5.89553,3.93475,4.40543
3.00121772579942,5.49009906555634,6.01737771548845,5.89553,3.93475,4.40543
2.98810285901212,5.46891509820662,6.01636407632812,5.89553,3.93475,4.40543
3.00981066093958,5.46456086188259,6.0159819693688,5.89553,3.93475,4.38563
3.00857773726082,5.47867122330504,6.01492036472588,5.91092,3.94795,4.38563
3.01654577361163,5.4825988845799,6.01393913297112,5.91092,3.94795,4.38563
2.99984153291376,5.4968956510487,6.0124701387187,5.91092,3.94795,4.38563
3.01072659788167,5.52140372491492,6.01107544458027,5.91092,3.94575,4.36694
