Microphone,Fingergrip,Axial_Pressure,X_Acceleration,Y_Acceleration,Z_Acceleration
2.98856779600845,5.56593831410318,5.95352098934531,5.89113,4.30535,4.14919
2.99624045904594,5.6801147698798,5.95294970450134,5.89883,4.25916,4.1349
2.99697272707234,5.76657542122379,5.952487717468,5.89883,4.25916,4.1349
3.01252641746882,5.84164856294001,5.95160056606877,5.89883,4.25916,4.1349
3.02595878115538,5.97708897107167,5.95146370213756,5.89883,4.25916,4.06342
2.99454391554283,6.01876186413285,5.95087071708251,5.9956,4.30315,4.06342
2.99631962735258,6.14566741694158,5.9502207444369,5.9956,4.30315,4.06342
3.00860908672113,6.20842405232664,5.94973079061034,5.9956,4.30315,4.06342
3.0001849301166,6.2135888306606,5.94880169739119,5.97251,4.44391,4.02933
3.00297870556385,6.25617239397732,5.9480191466192,5.97251,4.44391,4.02933
2.9961179702905,6.32094528579596,5.94658485225797,5.97251,4.44391,4.02933
2.9843753143068,6.41045997545137,5.94512525418597,5.97251,4.44391,4.02933
3.01882377227603,6.53944789460622,5.94413009498955,5.97471,4.52859,4.04252
2.9985026474104,6.54381940059119,5.94226034775932,5.97471,4.52859,4.04252
3.0169861475333,6.59081724425129,5.94059465667195,5.97471,4.52859,4.04252
3.00070904940627,6.6070736823167,5.93845595012924,5.97471,4.52859,4.08321
3.01738827448378,6.5587492678336,5.9365563836499,6.06598,4.489,4.08321
2.9942288008544,6.52739251721263,5.93492009037486,6.06598,4.489,4.08321
3.008106878396,6.54878344211736,5.93291380804477,6.06598,4.489,4.08321
2.99104759314126,6.53882639802028,5.93099673213854,6.06598,4.41862,4.14919
3.00557732619533,6.52696849979985,5.92952798325022,6.08248,4.41862,4.14919
2.99468724411984,6.54789092599278,5.9285302771018,6.08248,4.41862,4.14919
2.98860657543795,6.51724376077569,5.92753661357515,6.08248,4.41862,4.14919
3.01046464213024,6.48125667874725,5.92719846092236,5.9813,4.36364,4.20088
3.00678795747933,6.4467709497017,5.92705811271986,5.9813,4.36364,4.20088
3.02229564722722,6.40891735300587,5.92755748148079,5.9813,4.36364,4.20088
3.00978960746794,6.35680658328396,5.92807352804358,5.9813,4.36364,4.18328
2.9929650628207,6.366064219961,5.92928505027656,5.93512,4.32845,4.18328
2.99262903611226,6.42903719695505,5.93102185075878,5.93512,4.32845,4.18328
2.99968832458442,6.42354904397923,5.93323376541903,5.93512,4.32845,4.18328
2.99683707491873,6.42384409512197,5.93538165874174,5.96261,4.30095,4.14699
3.02253723729732,6.456364960885,5.93801526385367,5.96261,4.30095,4.14699
2.99805361739655,6.48389432189407,5.94069360141549,5.96261,4.30095,4.14699
3.00622981109925,6.46721995068537,5.94345813436931,5.96261,4.30095,4.14919
2.98937967434832,6.50359737038305,5.94640798144414,5.93952,4.29985,4.14919
3.00538189927623,6.53147176608687,5.948631251558,5.93952,4.29985,4.14919
3.02151802936753,6.53233795517876,5.95123921355374,5.93952,4.29985,4.14919
2.99179453096201,6.52964091215859,5.95313230885476,5.93952,4.31965,4.1327
2.99118768064755,6.54118324448944,5.95506552564994,5.97471,4.31965,4.1327
3.00774181236713,6.51203898193688,5.95630460952902,5.97471,4.31965,4.1327
3.01128581969368,6.48484508432361,5.9576826104364,5.97471,4.31965,4.1327
3.00092481920257,6.45680243686221,5.95805145729917,6.0143,4.34054,4.1261
3.0085060489548,6.42213134945851,5.95840049982124,6.0143,4.34054,4.1261
3.00123139764568,6.37930135974361,5.95784863133911,6.0143,4.34054,4.1261
3.00180371482284,6.43631084066362,5.95746253543492,6.0143,4.34054,4.14479
2.98555649958984,6.47507504627078,5.9566213039547,6.0176,4.35484,4.14479
3.00733558224934,6.47498883489636,5.95548097343255,6.0176,4.35484,4.14479
3.00283194859067,6.49472238008764,5.95439008276059,6.0176,4.35484,4.14479
3.02315417078623,6.53570808248301,5.95294899144872,6.02969,4.35264,4.17669
2.99789156437089,6.55402078207563,5.95216289424824,6.02969,4.35264,4.17669
3.00451886356812,6.55464905936121,5.95120792565949,6.02969,4.35264,4.17669
3.00000546362538,6.60846261991786,5.95029054622124,6.02969,4.35264,4.17669
3.00046860787208,6.6313028782858,5.94948961673875,6.0044,4.32405,4.21518
3.0054502809869,6.62654125121146,5.94903925342666,6.0044,4.32405,4.21518
2.98926741767999,6.64977537205465,5.94820221213963,6.0044,4.32405,4.21518
3.00412724154664,6.65059351498318,5.94827943978548,6.0044,4.32405,4.23277
3.00105790507647,6.62737670324996,5.9483166762927,6.0077,4.29875,4.23277
3.01341328538595,6.60524889730807,5.94885887596354,6.0077,4.29875,4.23277
3.01039105935504,6.5817690419133,5.94893683371611,6.0077,4.29875,4.23277
3.01258598902245,6.54255464637596,5.94957620907306,6.0077,4.29435,4.23827
2.98849286236829,6.53227123965405,5.95060573252537,6.0154,4.29435,4.23827
2.99814899324006,6.61363351891425,5.95152691083287,6.0154,4.29435,4.23827
2.9900915227611,6.6240219420793,5.95244412132154,6.0154,4.29435,4.23827
3.01358651152119,6.62522795438014,5.95333491632708,6.02859,4.30095,4.23387
3.00258975409443,6.65533954701404,5.95457025383091,6.02859,4.30095,4.23387
3.00914504941516,6.69011149322442,5.95552725097455,6.02859,4.30095,4.23387
3.0020199687131,6.69748299673282,5.95667833275134,6.02859,4.30095,4.23717
3.0020937904519,6.7043445365064,5.95746817639539,6.01979,4.30425,4.23717
3.02153999394602,6.75080559823381,5.95858264366685,6.01979,4.30425,4.23717
2.99299764344171,6.74273081314625,5.95905467467785,6.01979,4.30425,4.23717
2.99893203982363,6.73159271091376,5.95962651505729,6.0099,4.28886,4.24377
2.99784677958755,6.75206111754673,5.95987096670325,6.0099,4.28886,4.24377
2.99705908479283,6.71720846248787,5.96043739565496,6.0099,4.28886,4.24377
2.98607531159717,6.67795298860327,5.96053506559728,6.0099,4.28886,4.24377
3.01990228589121,6.63693695902833,5.96031586035474,6.0121,4.28996,4.23607
3.01420370849708,6.5921429900261,5.95996365111443,6.0121,4.28996,4.23607
3.00779239391039,6.52306973471233,5.95954685699545,6.0121,4.28996,4.23607
2.98957052411892,6.54359492429174,5.95913978066468,6.0121,4.29985,4.23277
3.01745610323861,6.59047957163693,5.95841123130496,6.0121,4.29985,4.23277
2.9995573395957,6.57549002195718,5.95777492017082,6.0121,4.29985,4.23277
3.00101403341202,6.56123725271294,5.9568801865619,6.0121,4.29985,4.23277
2.99821949718164,6.58490284786247,5.95624117999733,6.02859,4.31195,4.22507
2.99279387832295,6.60017033921531,5.95524846291631,6.02859,4.31195,4.22507
3.01058277441155,6.58475473865883,5.95472471975045,6.02859,4.31195,4.22507
3.00113054355379,6.60423474428137,5.95364259825658,6.02859,4.31195,4.22177
3.00759016149691,6.62323346765247,5.9528749605973,6.02089,4.31635,4.22177
2.99799986375466,6.61201622721328,5.95159313374766,6.02089,4.31635,4.22177
3.01644650846237,6.6029981697273,5.95071992229985,6.02089,4.31635,4.22177
2.99564917133717,6.61253507098265,5.94990524706871,6.01979,4.31635,4.21957
3.00250342297795,6.57539794522563,5.94906858945856,6.01979,4.31635,4.21957
3.00643966097261,6.54016469517324,5.94811176405745,6.01979,4.31635,4.21957
3.00679192973713,6.50404851092535,5.94701819484321,6.01979,4.31635,4.21957
2.9949936817755,6.45242550723135,5.94630471081343,6.0143,4.31415,4.21738
2.98707080869638,6.41171585254418,5.94531705977972,6.0143,4.31415,4.21738
3.00494292907758,6.45956652749423,5.94451801924823,6.0143,4.31415,4.21738
3.01333072150183,6.49369151612251,5.94355983002562,6.0143,4.31415,4.19098
3.00793938060443,6.48054567244258,5.9427904445048,6.0011,4.32185,4.19098
3.00881499660901,6.49560457195847,5.94174571815462,6.0011,4.32185,4.19098
3.00479368926223,6.52839114229665,5.94107903772368,6.0011,4.32185,4.19098
2.99919122981413,6.54711406573406,5.94021753242571,6.0011,4.32515,4.17229
3.00560691452142,6.53410375989077,5.93972735792311,5.96371,4.32515,4.17229
2.99034709490621,6.58724562102219,5.93857937227089,5.96371,4.32515,4.17229
3.01060801244379,6.59526551401005,5.93809846259815,5.96371,4.32515,4.17229
2.99129734221559,6.58948629664355,5.93707824416613,5.96041,4.32515,4.14479
3.00487304707393,6.61751984635982,5.93615413703274,5.96041,4.32515,4.14479
2.99517597272603,6.60273088064852,5.93525751751322,5.96041,4.32515,4.14479
3.01486019758848,6.57412224280435,5.93381735584114,5.96041,4.32515,4.1283
3.01836256989113,6.54773788276504,5.93266059727028,5.95821,4.32075,4.1283
2.99883868076908,6.51766493389615,5.93128853806168,5.95821,4.32075,4.1283
2.99606108500263,6.4739744059753,5.93005067414622,5.95821,4.32075,4.1283
2.9995367727101,6.45550902230931,5.92852096922683,5.93842,4.31415,4.1184
3.00114272536043,6.52711495578758,5.9272841410735,5.93842,4.31415,4.1184
3.0050772756331,6.53431660904455,5.9258758196691,5.93842,4.31415,4.1184
3.00639430218109,6.53426466790221,5.92432177391607,5.93842,4.31415,4.08981
2.99564916333199,6.55941383440697,5.92281671505463,5.93952,4.33174,4.08981
3.00705063556153,6.5914651663157,5.92165169409809,5.93952,4.33174,4.08981
3.00582432929153,6.59601122091567,5.92014521677798,5.93952,4.33174,4.08981
3.0013447793394,6.60092674753042,5.91871057002971,5.93952,4.35264,4.06452
2.99629100717141,6.64110182300666,5.91719252523732,5.94941,4.35264,4.06452
3.01623756370638,6.63930854413861,5.91595937848465,5.94941,4.35264,4.06452
2.99887615502823,6.63469020462864,5.91501260273632,5.94941,4.35264,4.06452
3.01315460072186,6.65136964305641,5.91396370655259,5.94831,4.36913,4.03922
2.98814784852764,6.62069864361115,5.91295682185071,5.94831,4.36913,4.03922
3.00395961132543,6.58690856777356,5.91201790337394,5.94831,4.36913,4.03922
3.00109282631106,6.55376669944891,5.91127158747025,5.94831,4.36913,4.02933
2.9891458898094,6.51489532356761,5.91025157465168,5.92632,4.35704,4.02933
3.00929023870602,6.4607365915534,5.9098350994437,5.92632,4.35704,4.02933
3.00999161068637,6.47231490329969,5.90921944971793,5.92632,4.35704,4.02933
3.01227751386916,6.53483706495617,5.90886503927643,5.91202,4.34274,4.03152
3.00682842060637,6.52941826745432,5.90844982053006,5.91202,4.34274,4.03152
3.00512806405504,6.52897675477199,5.90838911867548,5.91202,4.34274,4.03152
3.0018871822618,6.55904975506045,5.90851112518643,5.91202,4.34274,4.03152
2.99085629633019,6.58423944389834,5.90878267207949,5.90103,4.34714,4.02493
2.99934616566257,6.56417823074395,5.90885146075562,5.90103,4.34714,4.02493
3.00750527678267,6.5987980020927,5.90911473540341,5.90103,4.34714,4.02493
2.98806065996977,6.62659755614408,5.90929939497246,5.90103,4.34714,3.99853
3.00947934299787,6.62177766516429,5.90959448322297,5.91092,4.37353,3.99853
2.99991220935414,6.62208226065399,5.91001095869667,5.91092,4.37353,3.99853
3.0175580630764,6.63737368787932,5.91000197776938,5.91092,4.37353,3.99853
3.02075920984511,6.61023036117286,5.91015313452533,5.91092,4.38673,3.98424
2.99458237977329,6.58544698624849,5.91019287248753,5.91092,4.38673,3.98424
2.99369138824444,6.56107811551218,5.91023957824516,5.91092,4.38673,3.98424
2.99989579066556,6.52777336665133,5.91011246335044,5.91092,4.38673,3.98424
2.99532114312938,6.48650645979193,5.91026776788212,5.90213,4.38233,3.98644
2.9982366923384,6.5503083972652,5.91006235896239,5.90213,4.38233,3.98644
3.01201550923956,6.59603011839096,5.90993755916568,5.90213,4.38233,3.98644
3.00288326603538,6.60142009045563,5.90947450630973,5.90213,4.38233,4.00183
3.00257060712119,6.62781222482534,5.90930904534154,5.89223,4.37463,4.00183
3.00832898010219,6.67378646292023,5.90914936573996,5.89223,4.37463,4.00183
3.00913244617714,6.69618520419217,5.90889859962666,5.89223,4.37463,4.00183
3.00031622296713,6.70021781211801,5.90842780235055,5.90543,4.37573,3.99963
3.00819899646872,6.75741180460367,5.90814194106641,5.90543,4.37573,3.99963
2.99263741382326,6.78251696735969,5.90815086190871,5.90543,4.37573,3.99963
3.00317644557495,6.77749594468384,5.90792418851592,5.90543,4.37573,4.00293
2.99842480257788,6.80860207515701,5.90773046022618,5.91972,4.39113,4.00293
3.00607827273024,6.81196483480025,5.90758646513312,5.91972,4.39113,4.00293
3.00202850030119,6.78995788561816,5.90739975464191,5.91972,4.39113,4.00293
2.9926198487418,6.76840146673036,5.90700647295876,5.91972,4.38893,4.02823
3.00710939088288,6.74514361994442,5.90704125505932,5.91752,4.38893,4.02823
3.00594566204762,6.7040975808189,5.90685633561392,5.91752,4.38893,4.02823
3.01461080576694,6.69048896487699,5.90699435647957,5.91752,4.38893,4.02823
3.01231393413798,6.77454988168242,5.90682717070153,5.94172,4.37573,4.04802
3.00267553811332,6.78328583165211,5.90709293058414,5.94172,4.37573,4.04802
2.99101720852701,6.784492299321,5.90754097209882,5.94172,4.37573,4.04802
2.98682495139723,6.8135767523134,5.90803503372466,5.94172,4.37573,4.05352
3.00267070433926,6.84610928539488,5.90836396267506,5.96261,4.35814,4.05352
3.01438869913079,6.84989621845179,5.90879346418189,5.96261,4.35814,4.05352
3.00616414997595,6.85480923497504,5.90910402116307,5.96261,4.35814,4.05352
3.00638827440109,6.89797315684716,5.90960539668421,5.96151,4.35814,4.06672
2.9869543327962,6.88861189863167,5.91032658375738,5.96151,4.35814,4.06672
3.01407790332158,6.87575085341743,5.9106973829673,5.96151,4.35814,4.06672
3.01732035303433,6.89840317146079,5.91133877064271,5.96151,4.35814,4.06672
2.99448183629759,6.86311895380444,5.91169498587262,5.96151,4.36694,4.08541
2.99818796018818,6.82309114204795,5.91220922255907,5.96151,4.36694,4.08541
2.9991330868876,6.78081451774243,5.91254073600391,5.96151,4.36694,4.08541
3.00181011325401,6.73436855541408,5.9131559507675,5.96151,4.36694,4.09641
2.99137343897644,6.66070781641248,5.91342387714534,5.97801,4.37463,4.09641
3.012436253836,6.68006703578029,5.91367648966348,5.97801,4.37463,4.09641
3.01072464970023,6.72927449535189,5.91381418264253,5.97801,4.37463,4.09641
3.0041291941016,6.71000131847966,5.91426169315323,5.97801,4.37683,4.1118
2.99920486470906,6.70035645003943,5.91474640278156,5.9912,4.37683,4.1118
3.01338368195775,6.72269829498096,5.91514790503761,5.9912,4.37683,4.1118
3.00078037236574,6.73584794831774,5.9155648813004,5.9912,4.37683,4.1118
3.00592382754018,6.71865804862901,5.91591520878103,5.9945,4.36474,4.14699
2.98831523433608,6.73622894624572,5.91641592719208,5.9945,4.36474,4.14699
2.99424454906013,6.75214744532755,5.91709214763828,5.9945,4.36474,4.14699
3.00201676630917,6.73678740017016,5.91781088562197,5.9945,4.36474,4.17999
3.01892614678273,6.72731594177311,5.91838153746351,6.0011,4.34824,4.17999
3.00645853042743,6.7388244212697,5.9188134174839,6.0011,4.34824,4.17999
2.99446951813192,6.70063529671449,5.91907540517655,6.0011,4.34824,4.17999
3.01383486644407,6.66427368117254,5.91968166406942,6.0077,4.34054,4.20638
2.99141395034933,6.62721181909317,5.92028200091724,6.0077,4.34054,4.20638
3.00713746405797,6.57414229072705,5.92100685013522,6.0077,4.34054,4.20638
3.00527811531186,6.53057458948385,5.92126197672037,6.0077,4.34054,4.20638
3.00620763711827,6.57879361515629,5.92181094881418,6.0121,4.33834,4.22287
2.99298387216527,6.61220239638864,5.92252063646414,6.0121,4.33834,4.22287
2.99243662186475,6.59815940843581,5.92300488696702,6.0121,4.33834,4.22287
3.00599137591081,6.6151876911134,5.92368352818906,6.0121,4.33394,4.22067
3.01903213640995,6.64578226447473,5.92394338908473,6.0143,4.33394,4.22067
3.00852461499457,6.66066705767875,5.92432834269538,6.0143,4.33394,4.22067
3.00379268343654,6.64796750216728,5.92466265785448,6.0143,4.33394,4.22067
2.99018727997129,6.69652304158125,5.92501719223868,6.011,4.32295,4.21298
2.99715416726402,6.70287878069726,5.92518386588137,6.011,4.32295,4.21298
3.00733175827079,6.69448029397024,5.92554109998552,6.011,4.32295,4.21298
3.01175499299525,6.72107171950828,5.92530654074627,6.011,4.32295,4.20528
3.00525207873226,6.7046160257687,5.92542376598642,6.0077,4.31635,4.20528
2.99471234349366,6.67270955873501,5.92500487429816,6.0077,4.31635,4.20528
2.99514714013569,6.6436176845089,5.92480591780491,6.0077,4.31635,4.20528
2.99230954979965,6.6101272568239,5.92435571340162,6.0044,4.31415,4.19868
3.01496976363508,6.56305313227363,5.92341702708617,6.0044,4.31415,4.19868
3.01386020083104,6.54319888972582,5.92250959226138,6.0044,4.31415,4.19868
3.00591667254521,6.61094684976248,5.92174289354604,6.0044,4.31415,4.19868
3.00026081594736,6.6156920248954,5.92102542910664,5.9879,4.31195,4.18878
3.00515383213486,6.61095811013465,5.9200376729861,5.9879,4.31195,4.18878
3.00099315927949,6.63244973693103,5.91922473593835,5.9879,4.31195,4.18878
3.00220871217048,6.65898285673763,5.91800068578823,5.9879,4.31195,4.17779
3.00227166604742,6.65640410444198,5.91692931270343,5.9813,4.31745,4.17779
2.98167006823222,6.65792695337089,5.91572472408209,5.9813,4.31745,4.17779
3.00629553627715,6.68879456422018,5.91480038727686,5.9813,4.31745,4.17779
3.01942355764719,6.68011297079429,5.91362859920797,5.9813,4.32075,4.18218
3.00295663680948,6.66686006244666,5.91251006228371,5.97801,4.32075,4.18218
3.00102239970257,6.6803799186279,5.91106155514243,5.97801,4.32075,4.18218
3.01647755687501,6.64354884146316,5.91012457819485,5.97801,4.32075,4.18218
2.99232179410289,6.60307890573349,5.90924500482167,5.9835,4.32295,4.15799
3.00683562201589,6.56417114102981,5.9082843719932,5.9835,4.32295,4.15799
2.99066975657594,6.51893471379959,5.9071016695187,5.9835,4.32295,4.15799
3.00665767625986,6.46100019642038,5.90614029365931,5.9835,4.32295,4.1393
3.00062189133216,6.4676198099636,5.90519339022961,5.97361,4.31745,4.1393
2.98666524664932,6.5252770555212,5.90440673884144,5.97361,4.31745,4.1393
3.01431989861194,6.5172111820364,5.90402731238522,5.97361,4.31745,4.1393
3.0148451557111,6.51640001427568,5.90346627931538,5.94391,4.30865,4.1305
3.01787920960128,6.54631860497824,5.90324917814407,5.94391,4.30865,4.1305
3.00470651470774,6.57094069995577,5.90266382369536,5.94391,4.30865,4.1305
2.98957860657102,6.55327829775563,5.90255808425876,5.94391,4.30865,4.1261
2.99049483742509,6.58865292104599,5.90248224487886,5.92302,4.29545,4.1261
2.99874230998489,6.61449515082123,5.90264712749925,5.92302,4.29545,4.1261
3.00135712006119,6.61324105647073,5.90270872375509,5.92302,4.29545,4.1261
3.01490314015805,6.6149302526537,5.90295885513404,5.92302,4.30425,4.08101
3.00290538585649,6.63139111239856,5.90303127790091,5.94172,4.30425,4.08101
3.00714090856504,6.60567857159885,5.90329559217612,5.94172,4.30425,4.08101
2.99214378565645,6.58177764069697,5.90374952924533,5.94172,4.30425,4.08101
3.01749682456675,6.55714357618237,5.90342373941643,5.94391,4.32185,4.04912
3.00733373752175,6.5228075124249,5.90337420694439,5.94391,4.32185,4.04912
2.99014007541703,6.48396601154883,5.90341856279847,5.94391,4.32185,4.04912
2.99305499601815,6.54406966241273,5.90338298424665,5.94391,4.32185,4.01943
3.00822943740267,6.58964205686052,5.90328391351708,5.95051,4.34054,4.01943
3.00120891245529,6.59311400876465,5.90345506295036,5.95051,4.34054,4.01943
3.00886330519453,6.61567269566827,5.90319095562111,5.95051,4.34054,4.01943
3.019999818678,6.65822419042404,5.90310903462962,5.92962,4.34164,4.01283
2.99631057539645,6.67486965529876,5.90252271225577,5.92962,4.34164,4.01283
3.00105051854782,6.67935380679109,5.90236625128416,5.92962,4.34164,4.01283
2.98341103270917,6.73392162455955,5.90204577083055,5.92962,4.34164,4.01283
3.00295805044335,6.7547232800005,5.90160256527591,5.91532,4.31855,4.01833
3.00256000277697,6.74895879024134,5.9010904153628,5.91532,4.31855,4.01833
3.0172757009941,6.77648044488461,5.90051251972243,5.91532,4.31855,4.01833
3.00814187857597,6.77605625276022,5.90025563580222,5.91532,4.31855,4.00513
3.00791253217144,6.75316086760499,5.89995138840435,5.91862,4.29216,4.00513
2.99740148095643,6.73064769751009,5.89924590529624,5.91862,4.29216,4.00513
3.00748137152453,6.70704495784477,5.89865992289416,5.91862,4.29216,4.00513
2.99512159093334,6.66567875940014,5.8981389937306,5.91862,4.29326,3.97764
2.9788646548784,6.65644273498311,5.89736727437201,5.91862,4.29326,3.97764
3.00647610712895,6.73784654783201,5.89712575786615,5.91862,4.29326,3.97764
3.00713314849197,6.7480605745381,5.89681318980712,5.91862,4.29326,3.97764
3.01958403885296,6.74796116192942,5.89678065935856,5.89993,4.30205,3.96774
3.017582130911,6.77871465622335,5.89637772575394,5.89993,4.30205,3.96774
3.00382068663681,6.80936868831258,5.89649040024162,5.89993,4.30205,3.96774
2.99272549812658,6.81189490518255,5.89668783539553,5.89993,4.30205,3.96774
2.9900626960124,6.82009706668897,5.89693574417256,5.88123,4.28886,3.96774
2.99076839055475,6.86203748678984,5.89719694778586,5.88123,4.28886,3.96774
3.01522833026073,6.85121668497172,5.8977060825806,5.88123,4.28886,3.96774
3.00285233086315,6.83684614760478,5.89812797183421,5.86144,4.26466,3.98314
3.01362272943727,6.85777991540837,5.89863165315338,5.86144,4.26466,3.98314
2.99337037761033,6.82210275567122,5.89961643223556,5.86144,4.26466,3.98314
3.00511698496723,6.78110329600497,5.90020774794512,5.86144,4.26466,3.99523
3.01663300676881,6.73880614434932,5.90122813494159,5.85484,4.26136,3.99523
2.99948439266868,6.69242951519889,5.90187553254341,5.85484,4.26136,3.99523
2.9876821316478,6.62181605001388,5.90289176501675,5.85484,4.26136,3.99523
3.00466379205332,6.64168907936467,5.90378551311061,5.85484,4.28776,3.99743
3.00007067481247,6.68867014159396,5.90514088530676,5.86474,4.28776,3.99743
2.99658868669551,6.67393372920278,5.90642439072706,5.86474,4.28776,3.99743
3.01961330877493,6.66504822890322,5.9075547416797,5.86474,4.28776,3.99743
3.00885613698731,6.68958240994609,5.90862028038183,5.88343,4.33394,3.98754
3.00252339298486,6.70474010730753,5.90996595090334,5.88343,4.33394,3.98754
2.99388778720057,6.68801229056409,5.91126178399203,5.88343,4.33394,3.98754
3.00362931873722,6.71140529230355,5.91237709876552,5.88343,4.33394,3.97434
3.00142614993,6.72838163794256,5.91347352437017,5.90543,4.37463,3.97434
3.00910982894313,6.71752222638739,5.91440346852689,5.90543,4.37463,3.97434
3.00316895274282,6.71192394828612,5.91575480951423,5.90543,4.37463,3.97434
2.99831891832215,6.72675458801182,5.91675320330105,5.91862,4.39773,3.97434
2.99733774997444,6.69197225856407,5.91783276760534,5.91862,4.39773,3.97434
3.0031370039706,6.6591364061437,5.91861405400174,5.91862,4.39773,3.97434
3.00687713015039,6.62538940098038,5.91936531876392,5.91862,4.39773,3.97434
2.99499714162823,6.57459588737358,5.91958053874452,5.91972,4.40323,3.98754
3.01110780249568,6.53847409781111,5.92029522184081,5.91972,4.40323,3.98754
3.0020428965142,6.59226522716547,5.92086687198242,5.91972,4.40323,3.98754
3.01146907650996,6.62539443172897,5.92171580739719,5.91972,4.40323,4.00293
3.00589731213861,6.61608474858811,5.92205757938482,5.91312,4.40103,4.00293
3.01044631368051,6.63598401704893,5.92258148397909,5.91312,4.40103,4.00293
2.99274435364493,6.67021959638532,5.92325572295052,5.91312,4.40103,4.00293
2.98269012654013,6.68946676222588,5.92393850748136,5.91312,4.40323,4.01393
3.00197991616198,6.68071678633864,5.92456319291532,5.91422,4.40323,4.01393
3.01040242403337,6.72852856937617,5.92519575698493,5.91422,4.40323,4.01393
3.00760959681926,6.73766913393494,5.92591721796821,5.91422,4.40323,4.01393
3.01275146357927,6.73294160513818,5.92647472835677,5.92192,4.41092,4.01283
2.99514237444147,6.76029909081975,5.92743592394715,5.92192,4.41092,4.01283
3.00518125233252,6.74318575602754,5.92799150530617,5.92192,4.41092,4.01283
3.01859286359235,6.71188869071111,5.92889579564678,5.92192,4.41092,4.00293
2.98814401374181,6.68229423969322,5.92931783822098,5.93732,4.41422,4.00293
3.00333130135003,6.6466881409764,5.92985638830132,5.93732,4.41422,4.00293
2.99339532272307,6.59443035667679,5.93032492088563,5.93732,4.41422,4.00293
2.99886341931261,6.57782669893285,5.93081309890637,5.93732,4.40323,4.00953
2.9933532439298,6.64471171469701,5.93132930531282,5.93732,4.40323,4.00953
3.02121458617959,6.64615091598757,5.93140663139269,5.93732,4.40323,4.00953
3.01728609093075,6.64006312792083,5.93152518096737,5.93732,4.40323,4.00953
3.00585351328014,6.66053933604237,5.9315748051296,5.93182,4.39663,4.02053
2.98990226240852,6.68602904524322,5.93166899377897,5.93182,4.39663,4.02053
3.00319711536067,6.68377426848868,5.93158685278286,5.93182,4.39663,4.02053
2.99691075492352,6.68572918654402,5.93145940510252,5.93182,4.39113,4.02493
3.00486209802818,6.71761396047379,5.9311092650494,5.93072,4.39113,4.02493
3.00823651857986,6.71025635840541,5.93086159398071,5.93072,4.39113,4.02493
2.99434473816803,6.70166605078751,5.93033643961001,5.93072,4.39113,4.02493
3.00617786121578,6.71605373131415,5.92998465324595,5.94172,4.39113,4.02933
3.0069590441268,6.68194634711059,5.92932934503405,5.94172,4.39113,4.02933
3.00529167096815,6.64504386642021,5.92861752517079,5.94172,4.39113,4.02933
2.99028820624167,6.60904000055257,5.92771839360556,5.94172,4.39113,4.04582
3.01563981207231,6.56624566220638,5.92693967834631,5.95821,4.39443,4.04582
2.99380915709818,6.50897963385657,5.92651290504272,5.95821,4.39443,4.04582
3.00687027534142,6.52213910380408,5.92601398709987,5.95821,4.39443,4.04582
3.0087645672977,6.57906045650794,5.92535445752338,5.96371,4.39443,4.07111
3.00381421319236,6.57251519738363,5.92490269387788,5.96371,4.39443,4.07111
3.0018994504935,6.57229219569378,5.9246902903912,5.96371,4.39443,4.07111
2.9866470405944,6.6006428497522,5.92423680844848,5.96371,4.39443,4.07111
3.00861164352362,6.62223885773018,5.9241804417888,5.96481,4.39443,4.08211
3.00772193934579,6.60214207583071,5.92394974212664,5.96481,4.39443,4.08211
3.0084192719078,6.63222847146475,5.92395056534232,5.96481,4.39443,4.08211
3.00984516169336,6.65495579044653,5.92376050302211,5.96481,4.39443,4.10081
2.99565623917037,6.64751208011811,5.92404321334293,5.95931,4.37463,4.10081
3.00085873402454,6.64650727105784,5.92411262544146,5.95931,4.37463,4.10081
3.00378238096796,6.65651854823972,5.92457490736195,5.95931,4.37463,4.10081
2.99641567985024,6.62592764738078,5.92452898968334,5.95931,4.36144,4.1118
3.00260944085243,6.59784725986525,5.92475005535105,5.96481,4.36144,4.1118
2.99701783128689,6.56907435616735,5.92462386393221,5.96481,4.36144,4.1118
3.01039961370008,6.53195687388827,5.92468657647698,5.96481,4.36144,4.1118
2.99494021469405,6.49052131374846,5.92491556738197,5.97471,4.37023,4.1184
3.0122092170048,6.54852251203196,5.92458902585188,5.97471,4.37023,4.1184
3.02469822048684,6.59110278489808,5.92452431131653,5.97471,4.37023,4.1184
2.99288066144013,6.59571729956202,5.92427004245104,5.97471,4.37023,4.1283
2.99893103340897,6.61842520945243,5.92424727021515,5.97801,4.36913,4.1283
3.00208546136991,6.66096299287586,5.92377138841072,5.97801,4.36913,4.1283
2.99047585396703,6.6778227787709,5.92355778658488,5.97801,4.36913,4.1283
3.00195318121669,6.68399402744118,5.92303176598109,5.98021,4.37133,4.136
3.00704169591143,6.73793947498764,5.92250283039617,5.98021,4.37133,4.136
2.99953771882418,6.75727712555811,5.92175726181228,5.98021,4.37133,4.136
3.00877483043736,6.75174485607988,5.92123737178777,5.98021,4.37133,4.1327
3.00838406044337,6.78375721767303,5.92046941207422,5.97691,4.36804,4.1327
3.00874482703408,6.78381487428243,5.91957596413005,5.97691,4.36804,4.1327
2.99323894905886,6.76045651863956,5.9184095270675,5.97691,4.36804,4.1327
3.01462077942889,6.73812497676882,5.91739162701478,5.97691,4.36034,4.1305
2.99158913258066,6.71384234880254,5.91656181480193,5.97251,4.36034,4.1305
3.00065219995553,6.67192961331839,5.91553500204148,5.97251,4.36034,4.1305
2.9941811406093,6.66109798613065,5.91433119311743,5.97251,4.36034,4.1305
3.01244667040654,6.74497393963087,5.9131677745686,5.97251,4.36254,4.1206
3.00699613884593,6.75266302534603,5.91215463515697,5.97251,4.36254,4.1206
2.99275934371044,6.75504138457943,5.91100714450585,5.97251,4.36254,4.1206
3.01232384530038,6.78413164063958,5.91018586460941,5.97251,4.36254,4.10191
3.00241888187169,6.81542652345254,5.90906786961483,5.97471,4.37023,4.10191
3.01341226957561,6.81926838209826,5.90843407097304,5.97471,4.37023,4.10191
2.99987559671557,6.82756032966672,5.90740706444959,5.97471,4.37023,4.10191
2.99630452204329,6.86838532602742,5.90666006792904,5.96921,4.38123,4.08761
3.00058981591647,6.85928749405672,5.90619858475083,5.96921,4.38123,4.08761
2.99799833564373,6.84608453527931,5.90570389059367,5.96921,4.38123,4.08761
2.99704331146741,6.86916970610279,5.90514442710825,5.96921,4.38123,4.08761
3.01845685317662,6.83431038842384,5.90471002158062,5.96481,4.38123,4.08651
2.99660148038176,6.79451895565532,5.90403048818027,5.96481,4.38123,4.08651
3.00872557067605,6.75372377823358,5.90347022462719,5.96481,4.38123,4.08651
2.98919050704181,6.7079315038166,5.90326935656807,5.96481,4.38123,4.07881
3.01708814619665,6.63887349327474,5.90271358468558,5.96701,4.38343,4.07881
3.01570092357945,6.66108858002897,5.9024637902509,5.96701,4.38343,4.07881
2.9888455745105,6.70850152374087,5.90217179282983,5.96701,4.38343,4.07881
2.99713904447889,6.69328764186106,5.90238057667681,5.96811,4.38343,4.07001
3.00230380087429,6.68551395493055,5.90208748825922,5.96811,4.38343,4.07001
3.00601055984438,6.70970877827419,5.90238558068657,5.96811,4.38343,4.07001
3.00263434572847,6.72398640502465,5.902490387831,5.96811,4.38343,4.07001
3.00882899371654,6.70869417121572,5.90258892094456,5.96371,4.37903,4.06012
2.99350967726247,6.73053529206589,5.90243923557575,5.96371,4.37903,4.06012
3.00734205570432,6.74619307234342,5.90292008822528,5.96371,4.37903,4.06012
2.99709452976679,6.73446627841617,5.90325294627238,5.96371,4.37903,4.04582
3.01166064393226,6.72856278880697,5.9035719438009,5.95491,4.38343,4.04582
3.00527020684837,6.73803549935951,5.90388779576998,5.95491,4.38343,4.04582
3.01471207743676,6.70078269195069,5.90414261176189,5.95491,4.38343,4.04582
2.99491958265439,6.6650818470647,5.90480806220445,5.95381,4.38893,4.04362
2.991908665073,6.62836571034229,5.90513943380684,5.95381,4.38893,4.04362
2.99226814399249,6.57347894789886,5.9054494930173,5.95381,4.38893,4.04362
3.00406215391695,6.53494071021259,5.90572647348871,5.95381,4.38893,4.03592
3.01273003805357,6.58273575534778,5.90604268925031,5.94831,4.39553,4.03592
2.99637499608642,6.61286765710127,5.90607545852862,5.94831,4.39553,4.03592
3.01340537033177,6.59704054708931,5.90660700738503,5.94831,4.39553,4.03592
3.00826274034639,6.61455877239005,5.90678950620688,5.94831,4.39993,4.00953
3.01807683226724,6.64372975007279,5.90729713111566,5.93292,4.39993,4.00953
2.9912130529016,6.65634315622152,5.90722415131253,5.93292,4.39993,4.00953
3.00148369531841,6.64493480700555,5.90747787537601,5.93292,4.39993,4.00953
2.99328720681552,6.69085720081439,5.90781160163965,5.93182,4.40652,3.98204
2.98479458577152,6.69436678055632,5.90785961887444,5.93182,4.40652,3.98204
3.00002047557277,6.6872566727757,5.90803208344065,5.93182,4.40652,3.98204
3.0250843093936,6.71562487323999,5.90789039980155,5.93182,4.40652,3.97324
3.00303481931366,6.69569449496673,5.90774733670889,5.93292,4.40543,3.97324
3.01345514684527,6.66479735691084,5.9075494792536,5.93292,4.40543,3.97324
2.99507777879143,6.63590567431435,5.90756526705686,5.93292,4.40543,3.97324
3.00802634789305,6.60215071359292,5.9069906031771,5.92852,4.40213,3.97104
3.01085817819272,6.55490690088512,5.90694456085724,5.92852,4.40213,3.97104
2.98811470355434,6.5412538730183,5.90637627273838,5.92852,4.40213,3.97104
2.9965812273648,6.61058422033349,5.90620310569627,5.92852,4.40213,3.97104
2.99736017006947,6.61634414525739,5.90589092996155,5.92522,4.38783,3.98864
3.00593643321417,6.61442897929235,5.90584485640011,5.92522,4.38783,3.98864
3.00398972456662,6.64033117031717,5.9058167179664,5.92522,4.38783,3.98864
3.01417758159409,6.66959537170002,5.90553745916225,5.92522,4.38783,4.00073
3.00528595535308,6.67003543543248,5.90529427547569,5.92522,4.38563,4.00073
3.00424661835667,6.67900170052555,5.90517126280775,5.92522,4.38563,4.00073
2.9939312884544,6.71185840368205,5.90545910655746,5.92522,4.38563,4.00073
3.00531923449212,6.70688095057923,5.90558050717268,5.91862,4.38343,3.99963
3.00238466072995,6.7004041507519,5.90586810111379,5.91862,4.38343,3.99963
3.00845470159787,6.71077878974682,5.90590581030503,5.91862,4.38343,3.99963
3.00711132296712,6.6749014519057,5.90652194221712,5.91862,4.38343,3.99963
2.98702689315877,6.63510084844913,5.90661104190718,5.92632,4.39773,3.97434
2.99909698415555,6.59504533836366,5.90703546325691,5.92632,4.39773,3.97434
3.00881643109688,6.54719911524188,5.90736085835777,5.92632,4.39773,3.97434
3.0066900877578,6.48829920690071,5.90759827645939,5.92632,4.39773,3.96114
2.99366090822044,6.49552893492731,5.90763122626064,5.92522,4.40652,3.96114
3.01792371895353,6.5435758543893,5.90822050354962,5.92522,4.40652,3.96114
2.99624018995379,6.52993769342186,5.90882946953467,5.92522,4.40652,3.96114
3.01380514574308,6.52091569367582,5.90961655057596,5.91752,4.40762,3.96224
3.00373387566476,6.54143133272518,5.91001959305161,5.91752,4.40762,3.96224
3.00056765447492,6.55626021766675,5.91063968387549,5.91752,4.40762,3.96224
2.99908284634163,6.5302659796497,5.91153759089625,5.91752,4.40762,3.97544
2.98386324836711,6.55997699831306,5.91227317246467,5.91862,4.40872,3.97544
3.00172878108067,6.57271007935623,5.91326667972735,5.91862,4.40872,3.97544
3.01171224217338,6.55920317832927,5.91404987301859,5.91862,4.40872,3.97544
3.01929714744373,6.55022324886162,5.91539508434616,5.91862,4.40543,3.99413
3.00999249676628,6.55457522545374,5.91649641433082,5.92742,4.40543,3.99413
2.99597147738626,6.51821821958819,5.91806557586933,5.92742,4.40543,3.99413
2.99190383221234,6.48465934481863,5.91946720501263,5.92742,4.40543,3.99413
3.0093679859524,6.45007995703431,5.92144076168635,5.93512,4.39663,4.00733
2.99260803456516,6.40735969605506,5.9231781809488,5.93512,4.39663,4.00733
3.006157406054,6.36697871289331,5.92533192607598,5.93512,4.39663,4.00733
2.9979673640433,6.41810702836951,5.92744811556011,5.93512,4.39663,4.01943
3.0045242951306,6.45286439510835,5.93014434849847,5.94831,4.38893,4.01943
3.00036924509021,6.45281845537148,5.93310043823168,5.94831,4.38893,4.01943
3.01780011360765,6.47059405552992,5.93561580699732,5.94831,4.38893,4.01943
3.01892664764248,6.50812613249073,5.93845768916418,5.96261,4.38343,4.03592
2.99503153485282,6.52175400919054,5.94148544684589,5.96261,4.38343,4.03592
2.98596423652029,6.52487576670701,5.94481957549652,5.96261,4.38343,4.03592
2.99853876096594,6.5795639101256,5.94774016217429,5.96261,4.38343,4.03592
3.00413805555872,6.59352883422294,5.95110594729606,5.96261,4.38343,4.05462
3.00687429653443,6.58677981099227,5.95398290862694,5.96261,4.38343,4.05462
3.00864547234832,6.61301226650088,5.9571649008388,5.96261,4.38343,4.05462
2.99686681319271,6.60908238867414,5.95972323779215,5.96261,4.38343,4.06122
3.01645243511996,6.58414136370428,5.96248244366323,5.96151,4.39553,4.06122
2.99142875520779,6.5598364750332,5.96480254777078,5.96151,4.39553,4.06122
3.00287694754454,6.53408569190633,5.96671795913642,5.96151,4.39553,4.06122
2.99411593671052,6.49130003813005,5.96820751622836,5.97471,4.40433,4.05242
3.01635842446084,6.48592797578805,5.9694910066947,5.97471,4.40433,4.05242
2.99698416422146,6.56525443178144,5.97094810837087,5.97471,4.40433,4.05242
3.0077725162378,6.57212791196945,5.97200915229678,5.97471,4.40433,4.05242
3.002857585632,6.57270017019892,5.97249391352318,5.97361,4.39993,4.06452
3.01789862763677,6.60018588201956,5.97274512708168,5.97361,4.39993,4.06452
2.99480815807421,6.63264939855283,5.97296123555684,5.97361,4.39993,4.06452
2.98082288224412,6.63670019751952,5.97270850775959,5.97361,4.39993,4.07111
3.00500952524565,6.6459569474758,5.97265412798354,5.97361,4.39553,4.07111
3.00775313113029,6.68863620432695,5.97215467897808,5.97361,4.39553,4.07111
3.01369093314202,6.68190736082355,5.97176377693,5.97361,4.39553,4.07111
3.0018681624664,6.67022005529179,5.97108454845835,5.97801,4.40323,4.08101
3.00693211711122,6.69035065193921,5.97062381513823,5.97801,4.40323,4.08101
3.00072103940155,6.6557450783454,5.97007020663594,5.97801,4.40323,4.08101
3.00642479519043,6.61767485159029,5.96971638013169,5.97801,4.40323,4.09971
2.98750905470586,6.57821120770038,5.96908021572278,5.9868,4.40103,4.09971
3.01593829911216,6.53464333801131,5.96854814876264,5.9868,4.40103,4.09971
2.98996103766312,6.46800555432038,5.96803290835097,5.9868,4.40103,4.09971
3.00286493588108,6.49713044315601,5.96787114304816,5.9868,4.39223,4.1096
2.99631787471434,6.54203321034883,5.96799068419355,5.989,4.39223,4.1096
3.01497777367009,6.52896339779964,5.96766527776286,5.989,4.39223,4.1096
3.02551242188674,6.52266435779847,5.9682188565059,5.989,4.39223,4.1096
2.99642076894666,6.5514190650228,5.96822218331014,5.9857,4.38233,4.1151
2.98762941176038,6.57209194566332,5.96861986887142,5.9857,4.38233,4.1151
3.00402406912253,6.56182807750481,5.96882471901336,5.9857,4.38233,4.1151
2.99752552304597,6.58887678104014,5.96946091316115,5.9857,4.38233,4.1162
3.00248550863751,6.61116595925552,5.96976919776954,5.9879,4.38013,4.1162
3.01175035423833,6.60838641130822,5.97002190891555,5.9879,4.38013,4.1162
2.99800350702243,6.60264856709065,5.96994623760478,5.9879,4.38013,4.1162
3.00909067637372,6.61734778411469,5.97027438166553,5.9923,4.39223,4.1085
3.00285920729738,6.58560079568088,5.97009817653181,5.9923,4.39223,4.1085
3.00485562144903,6.5557953337757,5.969618149646,5.9923,4.39223,4.1085
2.99294138810922,6.5241594964719,5.96902092045078,5.9923,4.39223,4.1085
3.01453912066401,6.47551827363546,5.96817142239253,5.989,4.40103,4.08761
2.99541332457994,6.44277037712071,5.96765968482301,5.989,4.40103,4.08761
2.99563923089486,6.49990747031304,5.96644225092608,5.989,4.40103,4.08761
3.00038184859758,6.52787568550963,5.96532663134769,5.989,4.40103,4.07991
3.0174970845583,6.51742098973107,5.9639850362486,5.97471,4.39883,4.07991
3.00727947541829,6.53548652189481,5.96274438401868,5.97471,4.39883,4.07991
2.99157897249727,6.56896344738577,5.96082376173284,5.97471,4.39883,4.07991
3.01571053049131,6.58638862213373,5.9594596068326,5.95711,4.39113,4.08211
2.9894701865411,6.57799740449734,5.95772612385488,5.95711,4.39113,4.08211
3.00800654039176,6.62566595101946,5.95615659124273,5.95711,4.39113,4.08211
3.00748370891087,6.63347265391704,5.95427042777109,5.95711,4.39113,4.08211
3.00671139581801,6.63017768788978,5.95263769281299,5.95491,4.39223,4.06672
2.99677392623122,6.65573144423486,5.95121514702951,5.95491,4.39223,4.06672
2.99226125527029,6.63554618110135,5.94971074540329,5.95491,4.39223,4.06672
2.99934343569827,6.60447214577851,5.94808529314416,5.95491,4.39223,4.04912
3.01326359164442,6.5753798094332,5.94651889607123,5.95051,4.39003,4.04912
2.99700745740779,6.5420858064391,5.94490300708049,5.95051,4.39003,4.04912
3.01068122770136,6.49304086551368,5.94340790163259,5.95051,4.39003,4.04912
3.00107146605604,6.47848820792371,5.94218229842734,5.93842,4.38893,4.03482
3.00676275020657,6.54692214885575,5.9405869495798,5.93842,4.38893,4.03482
3.01861093141186,6.55097908365263,5.9394964090706,5.93842,4.38893,4.03482
2.98700937916829,6.54772582583359,5.93812280355468,5.93842,4.38893,4.02273
3.00504033714863,6.57101680334023,5.93713970600648,5.93182,4.39003,4.02273
3.00070312595661,6.60002695515483,5.93566732593264,5.93182,4.39003,4.02273
2.99762088247632,6.59970884005785,5.93469884261798,5.93182,4.39003,4.02273
2.99224468218735,6.61007224754164,5.93362052285944,5.93182,4.39883,4.00403
3.01171200502322,6.64226804304679,5.93232524852431,5.93622,4.39883,4.00403
3.00700176693105,6.63716151107747,5.93088287971904,5.93622,4.39883,4.00403
3.00702974720592,6.63251160104031,5.92984033072496,5.93622,4.39883,4.00403
3.00187772184724,6.64739441523816,5.92879771995419,5.93512,4.40543,3.99633
3.01013128786385,6.61482313043086,5.92744877975364,5.93512,4.40543,3.99633
2.99957824747002,6.57867827658273,5.92645235613341,5.93512,4.40543,3.99633
3.0042819864498,6.54375366230632,5.92498859686508,5.93512,4.40103,4.00733
3.00010215835328,6.50267217353733,5.92403499076799,5.92302,4.40103,4.00733
2.98990537049015,6.4474441261908,5.92282946144495,5.92302,4.40103,4.00733
3.00040903236194,6.46241895924026,5.921985400792,5.92302,4.40103,4.00733
3.00989929733508,6.51913925936158,5.92103997457037,5.91422,4.39993,4.01173
3.00700109523507,6.51174891838214,5.92029489419321,5.91422,4.39993,4.01173
2.99958149719475,6.51023666807074,5.91936591380727,5.91422,4.39993,4.01173
3.01829123664812,6.53942935356241,5.91900944451253,5.91422,4.39993,4.01173
2.99678964667155,6.56241198531186,5.91857694913857,5.90872,4.41312,3.99743
3.01032978716999,6.54277554214813,5.91857741813437,5.90872,4.41312,3.99743
2.99181399931829,6.57874351633183,5.91844078634254,5.90872,4.41312,3.99743
3.00531218177082,6.598909324144,5.91856838331186,5.90872,4.41312,3.98424
3.0002832125428,6.59437205202109,5.91902992490129,5.92082,4.42522,3.98424
2.99019984317346,6.59236933010987,5.91923250236454,5.92082,4.42522,3.98424
3.00075842973845,6.60035861093874,5.91985413499665,5.92082,4.42522,3.98424
3.01611096192496,6.56888952357673,5.92025327701797,5.94611,4.42522,3.96994
3.00883117778703,6.53947481019254,5.92090139187905,5.94611,4.42522,3.96994
3.00449857270591,6.50906584953771,5.9212720593237,5.94611,4.42522,3.96994
2.99854748908184,6.46908199018096,5.92211532510929,5.94611,4.42522,3.96994
2.99955438084471,6.42770851346991,5.92272551506782,5.94721,4.40982,3.97764
3.01458480946466,6.48485281642901,5.92378518930007,5.94721,4.40982,3.97764
2.99195678527938,6.52101885114947,5.92450453210189,5.94721,4.40982,3.97764
3.00818381391882,6.522180465824,5.92554604402953,5.94721,4.39663,3.99413
2.99688146999838,6.53968522442556,5.92637233539211,5.92962,4.39663,3.99413
3.00401981347088,6.57879737515204,5.92742488610613,5.92962,4.39663,3.99413
2.99067174312334,6.59400490510614,5.92860774742858,5.92962,4.39663,3.99413
3.01100174290167,6.59687979923325,5.9292160114372,5.93292,4.40103,3.99304
3.0096952346522,6.6480729921791,5.93006173405895,5.93292,4.40103,3.99304
3.00881771830579,6.66430026560447,5.93097323594139,5.93292,4.40103,3.99304
2.99824222956684,6.65830258405078,5.93190792405919,5.93292,4.40103,3.99194
3.00845316435294,6.68600582039199,5.93256685828403,5.93842,4.41752,3.99194
2.9977633940953,6.68280386527179,5.93350166025782,5.93842,4.41752,3.99194
3.00339252014956,6.65850152222836,5.93393079504058,5.93842,4.41752,3.99194
3.00377070953882,6.63474446832128,5.93456363054086,5.93842,4.43402,3.97874
2.98737863649594,6.60973015173454,5.93466165963403,5.95161,4.43402,3.97874
3.00513301243903,6.5662311714597,5.93499690011842,5.95161,4.43402,3.97874
3.00113128664663,6.56133657675821,5.93511793844342,5.95161,4.43402,3.97874
3.01435067912974,6.64088489080348,5.93513289017361,5.94501,4.42742,3.97104
3.00115623810299,6.64853672848831,5.9348311270344,5.94501,4.42742,3.97104
3.02008366818874,6.65052706748087,5.93466008706306,5.94501,4.42742,3.97104
2.99438439014301,6.68109383036043,5.93482872505153,5.94501,4.40652,3.99304
3.00335776727739,6.71277493074319,5.93458992146316,5.93292,4.40652,3.99304
2.9963789362991,6.71769583420919,5.93423752334805,5.93292,4.40652,3.99304
3.00525527323722,6.73054558980433,5.9338710213379,5.93292,4.40652,3.99304
2.99849249274736,6.7699910848111,5.93376163715318,5.92742,4.37243,4.03812
2.98327375910929,6.76422196619702,5.93342064807392,5.92742,4.37243,4.03812
3.01386539676467,6.75471539593766,5.93340817737782,5.92742,4.37243,4.03812
3.01300003830446,6.7772784632803,5.93311044212096,5.92742,4.37243,4.03812
3.01292618706288,6.74198335132124,5.93340094454282,5.93622,4.34604,4.06782
3.00641904381008,6.70477739841887,5.93332246771189,5.93622,4.34604,4.06782
3.00137043463469,6.66564562479847,5.93387717318389,5.93622,4.34604,4.06782
2.99167030529984,6.62220448669686,5.93425048832887,5.93622,4.34604,4.09201
2.9984340569393,6.55489071604667,5.9353156198778,5.95601,4.34054,4.09201
2.99490386227848,6.58167540804594,5.93623828524876,5.95601,4.34054,4.09201
3.01082851791812,6.62771381881757,5.93749537083664,5.95601,4.34054,4.09201
3.00170039522,6.61590282235781,5.93894088337179,5.98021,4.35374,4.114
3.01046264697514,6.60825967980577,5.94077147716447,5.98021,4.35374,4.114
2.99797887433994,6.63498686728349,5.94296943876706,5.98021,4.35374,4.114
3.01040427594627,6.65201255625397,5.9446416096361,5.98021,4.35374,4.114
3.02147460590618,6.63818341189119,5.94690846839439,5.9956,4.37793,4.1283
2.98366522230676,6.66619285422029,5.94893847899403,5.9956,4.37793,4.1283
2.99338272706031,6.68198895147317,5.95128954141705,5.9956,4.37793,4.1283
3.00448965601322,6.67502874162906,5.95329085255842,5.9956,4.39113,4.1305
3.00316331359709,6.6719930085946,5.95579332550225,6.0022,4.39113,4.1305
3.0060734256145,6.68125116385322,5.95750742173541,6.0022,4.39113,4.1305
3.00479934183442,6.64645952385633,5.95922575717572,6.0022,4.39113,4.1305
2.9965880560746,6.61356458261005,5.96035310244962,6.01979,4.40872,4.1206
3.01552655727654,6.57949419041029,5.96167825919164,6.01979,4.40872,4.1206
2.99613511330595,6.5283934535846,5.96245585692081,6.01979,4.40872,4.1206
3.00808357402162,6.49265046402669,5.96277001058192,6.01979,4.40872,4.1151
2.98927079165622,6.54505398996123,5.96291779821467,6.02309,4.40652,4.1151
3.01725092817893,6.57269288171774,5.96271150183644,6.02309,4.40652,4.1151
2.9962264764709,6.56026668108767,5.96272218722001,6.02309,4.40652,4.1151
3.00061853760396,6.57738845526662,5.96220384045813,6.02309,4.39553,4.1338
3.01133855703788,6.60810342457676,5.96146828927493,6.0044,4.39553,4.1338
3.01050247505983,6.6211001811275,5.96040376295055,6.0044,4.39553,4.1338
2.99713305262195,6.6104124737004,5.95928514122035,6.0044,4.39553,4.1338
2.98047888378235,6.65669532638207,5.95774513223808,6.0,4.39663,4.14479
3.01140227786115,6.65879843661309,5.95668447437627,6.0,4.39663,4.14479
3.00212137615853,6.65289459724692,5.95531744028125,6.0,4.39663,4.14479
3.01418747437912,6.67672487733671,5.95414363263703,6.0,4.40213,4.15249
3.01118703095217,6.65406845409902,5.95264381691973,5.9978,4.40213,4.15249
3.01229851797979,6.62032652975425,5.95136511058549,5.9978,4.40213,4.15249
2.98412607268788,6.5886391686523,5.95035017448134,5.9978,4.40213,4.15249
2.99548962863987,6.55152945788659,5.94926831125305,6.0022,4.41092,4.1404
2.99357145233124,6.50109393824243,5.94804481455105,6.0022,4.41092,4.1404
3.01650528234821,6.48723290065202,5.94698562497378,6.0022,4.41092,4.1404
2.99490552272556,6.54828106103425,5.94609506900185,6.0022,4.41092,4.1404
3.01198731227005,6.55472695672096,5.94524528538292,6.0044,4.41862,4.1217
3.00187658078973,6.55000201520799,5.94472225993792,6.0044,4.41862,4.1217
3.01023554858418,6.57345987405724,5.9438208143433,6.0044,4.41862,4.1217
3.0245361727078,6.60089370577519,5.9434965576655,6.0044,4.41862,4.1107
2.9882588240438,6.60076016548382,5.94261816274191,6.0055,4.42632,4.1107
2.9893689174355,6.61259732933248,5.94223221560027,6.0055,4.42632,4.1107
2.99292848550425,6.64406372019367,5.94136640116719,6.0055,4.42632,4.1107
2.99890236098813,6.64031648645825,5.94100399259011,5.989,4.41202,4.1107
3.00248585610975,6.63480256559948,5.94037608206052,5.989,4.41202,4.1107
3.02495782927267,6.6546263682804,5.93933196797228,5.989,4.41202,4.1107
3.00501795317643,6.62484042022697,5.93834928727217,5.989,4.41202,4.1107
3.00336982268374,6.59219734659648,5.93762008737912,5.97361,4.40323,4.08981
2.99610226466018,6.56071502641665,5.93666248546177,5.97361,4.40323,4.08981
3.006092389299,6.52210673614064,5.93542829132641,5.97361,4.40323,4.08981
2.99661006388123,6.47051820208038,5.93436926601864,5.97361,4.39003,4.08651
3.01066004744673,6.49240876982674,5.93317042303932,5.96481,4.39003,4.08651
2.99130534760482,6.55056955007465,5.93241570597322,5.96481,4.39003,4.08651
2.99957184505569,6.54937404585293,5.9314411646942,5.96481,4.39003,4.08651
3.00937520149883,6.55181507811497,5.93082508360302,5.95051,4.38453,4.08211
3.0052413303647,6.58466244444116,5.92994646120411,5.95051,4.38453,4.08211
3.0117981034939,6.61095305646639,5.92924990642969,5.95051,4.38453,4.08211
2.99431470079928,6.59427149481568,5.92830801736327,5.95051,4.38453,4.07221
3.00709738271298,6.63299028295596,5.92806715801661,5.94941,4.38123,4.07221
2.99098314489503,6.65565578830735,5.927644775074,5.94941,4.38123,4.07221
3.01478456401287,6.65549365202951,5.92753108076685,5.94941,4.38123,4.07221
3.0067026770379,6.65618464042545,5.92730840421121,5.94941,4.38343,4.05572
3.00899855715409,6.66462309139983,5.92715887589895,5.95051,4.38343,4.05572
2.99593920096994,6.63457223239304,5.92741759945937,5.95051,4.38343,4.05572
2.98176301338408,6.60649175836042,5.927412875122,5.95051,4.38343,4.05572
3.00169845496678,6.57687114249426,5.9274548209367,5.94172,4.38893,4.04032
3.01584106601656,6.53601070409697,5.92739849158325,5.94172,4.38893,4.04032
3.00148138585772,6.49501438573617,5.92746164969503,5.94172,4.38893,4.04032
3.0097827014988,6.55490211886392,5.92735904847689,5.94172,4.39003,4.03152
3.00111557203876,6.5876016806234,5.92778515697495,5.93182,4.39003,4.03152
3.00939648177365,6.58933529792299,5.92772431514998,5.93182,4.39003,4.03152
3.01664362951075,6.60542395187849,5.92799752798812,5.93182,4.39003,4.03152
2.99093889923123,6.64263271724205,5.92781337001938,5.92632,4.39113,4.02163
2.99717717223568,6.65329700958693,5.92794514216443,5.92632,4.39113,4.02163
2.99410684315248,6.65629358063582,5.92756541921402,5.92632,4.39113,4.02163
2.99521898746484,6.70496702980466,5.92764829905698,5.92632,4.39113,4.02163
2.99812904831959,6.71981283953333,5.9274013439776,5.93072,4.39223,4.00403
3.01997561511069,6.70923902764452,5.9268071517337,5.93072,4.39223,4.00403
3.01327740105397,6.73607062500071,5.92640813762123,5.93072,4.39223,4.00403
3.00533217901682,6.73347661290561,5.92579290289958,5.93072,4.39223,4.00293
2.99957853382704,6.70798083388973,5.9252743078426,5.93292,4.39663,4.00293
3.00099607098936,6.68339027304181,5.92458859178768,5.93292,4.39663,4.00293
2.99670164422652,6.6569838089068,5.92390917331162,5.93292,4.39663,4.00293
3.00021263582233,6.61393490371546,5.92281665685777,5.91532,4.39003,4.01283
3.00249104296291,6.60995634118637,5.92205084977744,5.91532,4.39003,4.01283
2.99891827474836,6.68964360159293,5.92119866364388,5.91532,4.39003,4.01283
3.00778597403871,6.69805614552228,5.92054891876341,5.91532,4.39003,4.01283
3.00707047174864,6.70100051213494,5.91977499048692,5.90323,4.39113,4.00513
3.01068253328026,6.73533052959183,5.91893787433469,5.90323,4.39113,4.00513
2.9925529490463,6.76838329826171,5.91781575150121,5.90323,4.39113,4.00513
3.01353266509881,6.77259738610982,5.91725849069612,5.90323,4.39773,3.98534
2.99275150177217,6.78768488322004,5.91672386613785,5.90872,4.39773,3.98534
3.0071843764584,6.82885998568668,5.91634991834646,5.90872,4.39773,3.98534
2.99448125511592,6.82097634837158,5.91576022341325,5.90872,4.39773,3.98534
3.0144907179185,6.81209180081844,5.91537741960371,5.92632,4.40982,3.96664
3.0009139971328,6.83975377391363,5.91519212933744,5.92632,4.40982,3.96664
2.98999370232641,6.80708994808767,5.91483231617582,5.92632,4.40982,3.96664
3.00770612395197,6.77164350342976,5.91462821560157,5.92632,4.40982,3.96004
3.00510639709796,6.73497588218208,5.91429838256656,5.93072,4.40872,3.96004
3.00678813299619,6.69381905276579,5.91415582698629,5.93072,4.40872,3.96004
3.00962845203497,6.62832521021447,5.91388524108663,5.93072,4.40872,3.96004
2.99472848745059,6.65992543463748,5.91409260345999,5.93072,4.40652,3.96554
2.99878014948347,6.70877188812624,5.91413028573036,5.92742,4.40652,3.96554
3.00949099554799,6.70162866212198,5.91463402902376,5.92742,4.40652,3.96554
3.00697474886053,6.69742505619637,5.91473269257055,5.92742,4.40652,3.96554
3.0049649232171,6.72704944014148,5.91519896536757,5.92522,4.40652,3.98974
2.99319863330941,6.74442451802835,5.9154523084923,5.92522,4.40652,3.98974
3.00007159181423,6.73486049857293,5.91584422714717,5.92522,4.40652,3.98974
2.98563369958794,6.76568455038101,5.91643324385531,5.92522,4.39663,4.01943
3.02045288050119,6.78377663079488,5.91669752531446,5.91312,4.39663,4.01943
3.01989128483703,6.77645350417246,5.91718824559795,5.91312,4.39663,4.01943
3.00384199656612,6.77852773110843,5.91748486252462,5.91312,4.39663,4.01943
2.9951102632015,6.7894837817948,5.91810711961597,5.91092,4.38453,4.01833
3.00319368891554,6.75552010623457,5.9183241233939,5.91092,4.38453,4.01833
2.99479715223735,6.72344857834746,5.91888690872283,5.91092,4.38453,4.01833
3.00062373845999,6.68953235102994,5.91899134737361,5.91092,4.38453,4.01833
3.00098232645734,6.6363812942402,5.91928599961673,5.92192,4.38343,4.00183
2.9964319720657,6.60210701713569,5.9191943429293,5.92192,4.38343,4.00183
3.01171360495481,6.65139689001276,5.91962584036454,5.92192,4.38343,4.00183
3.00724690121528,6.68099042195835,5.91976361270606,5.92192,4.38343,3.99853
3.01155021759221,6.66535087569112,5.91984102081927,5.93622,4.38783,3.99853
2.99895543501276,6.68371280214002,5.92004007899653,5.93622,4.38783,3.99853
3.01694707956818,6.71304437750386,5.92018375013862,5.93622,4.38783,3.99853
2.98509022355989,6.72361527063003,5.92063710328332,5.95161,4.38673,4.01173
3.0045566901771,6.7118553812187,5.92100959495904,5.95161,4.38673,4.01173
2.99202495623345,6.75570129875505,5.9212824281265,5.95161,4.38673,4.01173
3.00542351027898,6.75581560068321,5.9216050311236,5.95161,4.38673,4.01173
3.00790240769471,6.7460385500387,5.92207423462744,5.94172,4.37903,4.04142
2.99544974908229,6.77251006963305,5.9223359738788,5.94172,4.37903,4.04142
3.00976139161925,6.74888433647153,5.92303951791119,5.94172,4.37903,4.04142
3.00425591463175,6.7146814057664,5.92349010376692,5.94172,4.39003,4.04692
3.01540121508486,6.6828467000242,5.92414036518192,5.94391,4.39003,4.04692
3.00346709619449,6.64528016658665,5.92432837945594,5.94391,4.39003,4.04692
2.99969252324174,6.595411143217,5.92509508210101,5.94391,4.39003,4.04692
2.99046004723946,6.58154517052038,5.92577393514169,5.94941,4.39663,4.05242
2.99722185481135,6.64508360261915,5.92671187793332,5.94941,4.39663,4.05242
3.00068403034478,6.64542697240084,5.92733446748206,5.94941,4.39663,4.05242
3.01526268037569,6.64057284405364,5.92815590058508,5.94941,4.39663,4.06012
2.99750806946249,6.66524036901174,5.92895140178986,5.95601,4.39773,4.06012
3.01059163966985,6.69010935749122,5.92971382688749,5.95601,4.39773,4.06012
3.00271197861501,6.68430643045717,5.93067360140503,5.95601,4.39773,4.06012
3.00496106613049,6.69223570548697,5.93119564162121,5.95601,4.39553,4.07661
3.01350471829928,6.71915132336898,5.93216901068688,5.96041,4.39553,4.07661
2.99019927938014,6.70900332283483,5.93287128850071,5.96041,4.39553,4.07661
2.99861831889643,6.70046382936437,5.93376899608116,5.96041,4.39553,4.07661
3.00286106017268,6.71041543602461,5.93435994145506,5.96041,4.39333,4.08211
3.00034443226451,6.67309005517909,5.93543779225376,5.96041,4.39333,4.08211
2.99561669478569,6.6329542229487,5.93591962373437,5.96041,4.39333,4.08211
3.01951946506571,6.59302943621318,5.93648279565143,5.96041,4.39333,4.07111
3.0000711822052,6.54437988828323,5.93672728849686,5.96921,4.39333,4.07111
3.00017878865741,6.48795374396348,5.93730053470034,5.96921,4.39333,4.07111
2.99927645606068,6.50204911155389,5.93768304273497,5.96921,4.39333,4.07111
3.01280730380619,6.55280429713487,5.9381240635907,5.96041,4.38893,4.07111
2.99819242711005,6.54200888626311,5.9385581886053,5.96041,4.38893,4.07111
3.01443356972878,6.54005554399591,5.93879467792519,5.96041,4.38893,4.07111
2.99491996008096,6.56712748233515,5.93950141339976,5.96041,4.38893,4.07111
3.00098270900065,6.58668377018582,5.93980107574619,5.95051,4.38343,4.06452
3.00166363028329,6.56497871380812,5.94012536622429,5.95051,4.38343,4.06452
2.9965975210524,6.60139421949952,5.94020077915999,5.95051,4.38343,4.06452
3.00449057026122,6.61857762105265,5.94031703121895,5.95051,4.38343,4.05022
2.9938085794881,6.61278933363435,5.94008972197743,5.93732,4.38343,4.05022
3.01785466002229,6.61088633958165,5.94022222628227,5.93732,4.38343,4.05022
3.00306486726545,6.62046598265726,5.93999335982611,5.93732,4.38343,4.05022
3.0114716810557,6.589476689741,5.93985281045927,5.93622,4.39223,4.02603
3.00697845366491,6.56060057665768,5.93936254671984,5.93622,4.39223,4.02603
3.00483964571579,6.53088023655188,5.93886699685459,5.93622,4.39223,4.02603
2.98806876388498,6.48974096552406,5.93844765366458,5.93622,4.39223,4.02603
2.98579252674641,6.45223497739076,5.93772848819154,5.93842,4.40103,4.02383
2.99838796023035,6.51148509339089,5.93703364297465,5.93842,4.40103,4.02383
3.01674338812086,6.544193013683,5.93623393453591,5.93842,4.40103,4.02383
3.00219765206611,6.54548297811143,5.93552625701085,5.93842,4.39773,4.01613
3.02132787496728,6.56597198512243,5.9345914705186,5.94062,4.39773,4.01613
3.00285797682374,6.60408650411916,5.9341002800044,5.94062,4.39773,4.01613
3.00428234764504,6.61501048751423,5.93312795678318,5.94062,4.39773,4.01613
3.01195579004127,6.62011460399646,5.93258710218769,5.93182,4.39003,4.02383
2.9844412568613,6.66961946905871,5.931701273467,5.93182,4.39003,4.02383
2.99424526117182,6.68626121933056,5.93125805044625,5.93182,4.39003,4.02383
2.99697536609843,6.6746922742835,5.93057259075884,5.93182,4.39003,4.03372
3.00561353263599,6.7015389586284,5.93034423576234,5.93842,4.39663,4.03372
3.00132713500712,6.695435412398,5.92997258525094,5.93842,4.39663,4.03372
3.01780815540728,6.66941996532494,5.9294793080106,5.93842,4.39663,4.03372
3.00892129202907,6.64414380033429,5.92925883130149,5.93842,4.41202,4.03482
3.00197316908504,6.6172795119859,5.92898261975709,5.96041,4.41202,4.03482
2.99439434776118,6.57236831295389,5.92911972305514,5.96041,4.41202,4.03482
3.00552239712201,6.56973512469396,5.92915694807384,5.96041,4.41202,4.03482
2.9991370534112,6.64880748184476,5.92964231231618,5.97251,4.41972,4.03702
3.00502639386349,6.65295283829002,5.93000714279359,5.97251,4.41972,4.03702
3.00482283069892,6.65488231625935,5.93100376198812,5.97251,4.41972,4.03702
2.99893103458867,6.68396246944758,5.93171231213516,5.97251,4.41312,4.05352
3.00755590774932,6.71502066568464,5.93292641372828,5.96371,4.41312,4.05352
3.0033524040779,6.71675964658126,5.93399243041579,5.96371,4.41312,4.05352
3.00012440060186,6.72779453319788,5.93522361393836,5.96371,4.41312,4.05352
2.98946409469676,6.76543198435229,5.9362314650489,5.95161,4.40652,4.06342
3.01919166486567,6.75804379296121,5.93784723518743,5.95161,4.40652,4.06342
2.99774432584814,6.74273783211696,5.93939148891303,5.95161,4.40652,4.06342
3.0126665728394,6.76401270970478,5.94120143558972,5.95161,4.40652,4.06342
3.00510761647716,6.72557663752982,5.94255840801138,5.95161,4.39553,4.05682
3.00550649757844,6.68541101258705,5.94402146391297,5.95161,4.39553,4.05682
2.9945491914308,6.6433236619569,5.94565588033816,5.95161,4.39553,4.05682
2.98411351635694,6.59638388177224,5.9468918892247,5.95161,4.39553,4.05132
3.00322784192716,6.52554825592158,5.94819035872425,5.94941,4.38233,4.05132
3.00586480116636,6.5570501400767,5.94907313498747,5.94941,4.38233,4.05132
3.01663007500111,6.59511234983756,5.950393047293,5.94941,4.38233,4.05132
3.01067278487919,6.58135924619962,5.95118142606151,5.93622,4.37463,4.06122
3.00393196049091,6.57368499222749,5.9523866727176,5.93622,4.37463,4.06122
3.00112756164382,6.59849324938525,5.95301285837244,5.93622,4.37463,4.06122
3.0122352515683,6.61417581110128,5.95396395731855,5.93622,4.37463,4.06122
2.98039764609434,6.60048413743814,5.95433674430283,5.93182,4.37463,4.06012
3.00334496408947,6.6282654960967,5.95478801786342,5.93182,4.37463,4.06012
2.99505460543575,6.64329087711409,5.95499451768181,5.93182,4.37463,4.06012
3.00689234743164,6.63755499403658,5.95538910328906,5.93182,4.38783,4.06122
2.99731475589742,6.6352995318175,5.95561604116873,5.94501,4.38783,4.06122
3.02375716803208,6.64436136756521,5.95528798058042,5.94501,4.38783,4.06122
3.0176296833872,6.61082178147344,5.95512336565465,5.94501,4.38783,4.06122
2.99643975642913,6.57981674805291,5.95489490890861,5.96041,4.39773,4.06342
2.98451810695021,6.54734897965749,5.95482348003092,5.96041,4.39773,4.06342
3.0038903463709,6.49519983375016,5.95420638308337,5.96041,4.39773,4.06342
3.00000518800427,6.4669804170676,5.95407949482027,5.96041,4.39773,4.06012
3.00182773667164,6.52286448164582,5.95360903975996,5.96921,4.39773,4.06012
3.00524475770365,6.54898785373333,5.95354632038774,5.96921,4.39773,4.06012
2.99698746387906,6.5362215613078,5.9530051643488,5.96921,4.39773,4.06012
3.02476544772077,6.55572826576057,5.95304896434349,5.96921,4.39333,4.05242
2.99875471673036,6.58695077782053,5.95276203634751,5.96701,4.39333,4.05242
3.00926132731603,6.59989431150066,5.95245147179876,5.96701,4.39333,4.05242
2.98447587117232,6.59134232019433,5.95218494545468,5.96701,4.39333,4.05242
3.0146178585183,6.63743847060285,5.95190473248681,5.95381,4.37793,4.05572
2.99035484527444,6.63983038347422,5.95206128893707,5.95381,4.37793,4.05572
3.00458785328416,6.63236158698143,5.95210297297292,5.95381,4.37793,4.05572
3.00835721972393,6.65560762959249,5.95184128960088,5.95381,4.36474,4.05352
3.01564083209842,6.62865388041021,5.95164578470286,5.93842,4.36474,4.05352
2.99266942267853,6.59351155707786,5.95164652702991,5.93842,4.36474,4.05352
2.98208272778672,6.5597582773387,5.95112243147125,5.93842,4.36474,4.05352
3.00878367926152,6.52129713943413,5.95099309782325,5.92852,4.36804,4.03482
3.01363169047852,6.46866553235685,5.95054237744439,5.92852,4.36804,4.03482
3.01449682335148,6.4540434822859,5.95027267273377,5.92852,4.36804,4.03482
2.99781992272102,6.51236192719123,5.94964768974401,5.92852,4.36804,4.03482
3.00552789744108,6.5154363680571,5.94954110638077,5.92742,4.37903,4.01503
3.00199289126841,6.50651383513783,5.94930411600619,5.92742,4.37903,4.01503
3.00511174798967,6.52875077042524,5.94926190100684,5.92742,4.37903,4.01503
2.98338882245613,6.55417829934435,5.94873062525336,5.92742,4.37903,4.01173
3.01603011533767,6.54985426224328,5.94845162841731,5.92962,4.38123,4.01173
2.98940429253348,6.56292173570038,5.94808379671925,5.92962,4.38123,4.01173
3.00783274767677,6.59050085715537,5.94776004555631,5.92962,4.38123,4.01173
3.00230539756137,6.58357320808033,5.94776410360625,5.93732,4.39003,4.00073
3.01298780388666,6.5840534608241,5.94700708885484,5.93732,4.39003,4.00073
3.02135163697521,6.59404276713276,5.9471060716112,5.93732,4.39003,4.00073
2.99542597509817,6.56272338878594,5.94653155738743,5.93732,4.39003,4.00073
2.98647490007264,6.52858748841047,5.94652373730275,5.94611,4.40103,3.97874
3.00398418890749,6.49423708308665,5.9458175318726,5.94611,4.40103,3.97874
2.99734674954467,6.45386452626294,5.94582229455242,5.94611,4.40103,3.97874
3.00201937658632,6.40338686010467,5.94535550411567,5.94611,4.40103,3.97324
3.01103971741692,6.42434417505668,5.945072643075,5.94172,4.40103,3.97324
2.99868389846834,6.47802970177972,5.94455497436323,5.94172,4.40103,3.97324
3.00514105890913,6.47343226663979,5.94475820008694,5.94172,4.40103,3.97324
3.00578464552072,6.47385642390649,5.94457955773092,5.93072,4.39773,3.99633
3.01572792309471,6.50421681005054,5.94443148618612,5.93072,4.39773,3.99633
2.99656912365797,6.52613680470381,5.9443565940816,5.93072,4.39773,3.99633
3.00932870320141,6.50870771939868,5.94434343459709,5.93072,4.39773,4.02383
2.988312224986,6.5454633922863,5.94494244311669,5.92852,4.39333,4.02383
2.9975888646496,6.5624940057179,5.94505035898906,5.92852,4.39333,4.02383
3.00061456537861,6.56034727718627,5.94531224171312,5.92852,4.39333,4.02383
3.01049765648069,6.55939364274916,5.94562852964914,5.92852,4.39993,4.02163
3.012710466803,6.5618379842275,5.94622816044024,5.93732,4.39993,4.02163
2.98543514248146,6.52985420672083,5.94600209587471,5.93732,4.39993,4.02163
3.01794889021626,6.50004825480466,5.94673761466819,5.93732,4.39993,4.02163
2.99368392689555,6.46924336904107,5.94695548831268,5.94941,4.40433,4.01943
3.01420812217394,6.42790708695774,5.94758389089661,5.94941,4.40433,4.01943
2.99715257812901,6.39076470089255,5.94763734039068,5.94941,4.40433,4.01943
3.01106134475356,6.45087022520115,5.94812157217811,5.94941,4.40652,4.01613
2.99419126677196,6.48338243841622,5.94882910905887,5.96041,4.40652,4.01613
2.99854399432423,6.48569810970467,5.94944590767281,5.96041,4.40652,4.01613
2.99384047726648,6.50461149229796,5.94981114074368,5.96041,4.40652,4.01613
3.02095246074471,6.54461795222627,5.95029802318084,5.94831,4.40543,4.02273
2.99504556977919,6.55697791798448,5.95057533358909,5.94831,4.40543,4.02273
3.01109822023676,6.56526326434612,5.95095083762263,5.94831,4.40543,4.02273
2.99517582960436,6.61929266352594,5.95148379841726,5.94831,4.40543,4.02273
3.00529610194181,6.63572047851661,5.95159220319282,5.95601,4.41642,4.02273
3.02071987396907,6.63096320502069,5.95197031507738,5.95601,4.41642,4.02273
2.98816192442562,6.66030373516236,5.9518933979873,5.95601,4.41642,4.02273
2.99838371332017,6.66086697505789,5.95217825167155,5.95601,4.41642,4.01833
3.00379872235188,6.63877488002882,5.95190710502124,5.96151,4.42412,4.01833
3.00063120882363,6.61849863174476,5.95202164321772,5.96151,4.42412,4.01833
2.98795043845835,6.5965761861354,5.95159986854487,5.96151,4.42412,4.01833
3.02483752438182,6.55562923721444,5.95103118634112,5.95381,4.41312,4.02823
3.00287889726051,6.55957716921913,5.95033966564992,5.95381,4.41312,4.02823
3.00571430167031,6.64202475739615,5.94979127957714,5.95381,4.41312,4.02823
2.98541163453876,6.65187767908608,5.94940028371543,5.95381,4.41312,4.02823
3.02112870958076,6.66097571164684,5.94855222935661,5.95711,4.40652,4.02933
3.00757394949163,6.69417654319776,5.94803233182499,5.95711,4.40652,4.02933
3.00420579533386,6.73020777342685,5.94704828706512,5.95711,4.40652,4.02933
2.99526628342269,6.73612862814882,5.94663689333914,5.95711,4.40652,4.04032
2.99073593426073,6.7553990614259,5.94561140204683,5.96261,4.40652,4.04032
2.9961518274574,6.79863242876547,5.94511332122817,5.96261,4.40652,4.04032
3.01190463353989,6.79448491068518,5.94419245209425,5.96261,4.40652,4.04032
3.00809717387907,6.79093409901037,5.94351179638999,5.96151,4.40323,4.04472
2.99957140323265,6.81592141792932,5.94228457614705,5.96151,4.40323,4.04472
3.01664175881514,6.78365164585459,5.94171549980202,5.96151,4.40323,4.04472
2.99464554205664,6.75009678223885,5.94090253457295,5.96151,4.40323,4.04142
3.01141365480096,6.7142891126281,5.9402464268551,5.96261,4.40103,4.04142
2.9974169384762,6.67261444746242,5.93931139110559,5.96261,4.40103,4.04142
3.0059923725987,6.61042532241494,5.93854137065388,5.96261,4.40103,4.04142
2.98844451901847,6.64471489392146,5.93811930688424,5.96261,4.39443,4.04032
2.99317143939521,6.68812055696693,5.93749316494258,5.95381,4.39443,4.04032
3.00581926771895,6.68014145546185,5.93708404679331,5.95381,4.39443,4.04032
3.01763262547597,6.67499791628882,5.93667076512113,5.95381,4.39443,4.04032
3.01021705314038,6.70299085829491,5.93638802196982,5.94941,4.38673,4.03592
3.00700200376979,6.72131831872671,5.93579791211752,5.94941,4.38673,4.03592
2.99612721462614,6.70726546874436,5.93588085593269,5.94941,4.38673,4.03592
2.99851674149404,6.7351787826286,5.93553151927381,5.94941,4.39113,4.02933
3.0113411633964,6.75141797364236,5.93578439971598,5.94941,4.39113,4.02933
2.98938230736083,6.74326854075793,5.93533417697607,5.94941,4.39113,4.02933
3.01041776537083,6.7412474447268,5.935391851564,5.94941,4.39113,4.02933
2.99475265193571,6.7471682441216,5.93527863659201,5.95161,4.40213,4.02713
3.00525800949181,6.71084027094775,5.93528440029143,5.95161,4.40213,4.02713
2.9935437561986,6.67612082640884,5.93532557888353,5.95161,4.40213,4.02713
3.0159119654917,6.63968833146085,5.9349143169462,5.95161,4.40213,4.02713
3.01022957426153,6.58290858940463,5.93451861472756,5.94941,4.40323,4.02933
2.99642310159988,6.54898688313015,5.93439010957843,5.94941,4.40323,4.02933
2.99731064687348,6.60109039651489,5.93443991113772,5.94941,4.40323,4.02933
3.00934686969847,6.62287659490534,5.93421744029785,5.94941,4.40323,4.03812
3.00322883797047,6.60764175793135,5.93442626910302,5.94172,4.39773,4.03812
3.00958905025267,6.62531774587911,5.93432086775874,5.94172,4.39773,4.03812
3.00505271186784,6.65389482755539,5.93450529124058,5.94172,4.39773,4.03812
2.99043161128249,6.66334636122027,5.93438402316355,5.94501,4.39883,4.03922
2.99693634660707,6.65304071429613,5.93482852548637,5.94501,4.39883,4.03922
3.0024054715781,6.69598843975128,5.93485871187116,5.94501,4.39883,4.03922
3.00859655993983,6.69826454838678,5.93517647499478,5.94501,4.39883,4.03922
2.99891063620321,6.69056040661818,5.93532510574282,5.94831,4.39553,4.04472
3.02181790904505,6.71856472988851,5.93565752972115,5.94831,4.39553,4.04472
2.99579813497916,6.69469370988302,5.93646419119414,5.94831,4.39553,4.04472
3.0037721410976,6.66250398234866,5.9369392372215,5.94831,4.38893,4.04912
2.99950602741303,6.63226660682779,5.93737233740086,5.95051,4.38893,4.04912
3.0052237394079,6.59680435786219,5.93775406295212,5.95051,4.38893,4.04912
2.99873245185462,6.54654849186115,5.93844544474828,5.95051,4.38893,4.04912
2.98234212079427,6.53912260077445,5.93879050253818,5.94501,4.37903,4.05572
3.00707008609086,6.60675149446073,5.93953228328068,5.94501,4.37903,4.05572
3.01829520720642,6.60716223344601,5.94001995868325,5.94501,4.37903,4.05572
3.01807314716248,6.60756230483233,5.94080426249301,5.94501,4.37903,4.05682
3.00361832917431,6.63191117247885,5.9412974134745,5.94501,4.38123,4.05682
3.0027011134955,6.65868527167757,5.94197913119906,5.94501,4.38123,4.05682
2.99379085183193,6.65438947471936,5.94254561627979,5.94501,4.38123,4.05682
2.99277571186539,6.66918872914884,5.94320965670835,5.93952,4.39003,4.05132
2.992960652028,6.6950614691693,5.9435387573642,5.93952,4.39003,4.05132
3.01395674506256,6.68963052511217,5.94404728760967,5.93952,4.39003,4.05132
2.99738273515167,6.68087994760148,5.94428572084719,5.93952,4.39003,4.05132
3.01552628297202,6.69097450723133,5.94449960574397,5.94941,4.40323,4.03812
2.99726101563053,6.65485347413441,5.94485772014894,5.94941,4.40323,4.03812
3.00937402240592,6.61555261820188,5.94449275289141,5.94941,4.40323,4.03812
3.02255065777055,6.57596318230444,5.94433115477449,5.94941,4.41092,4.02163
2.98279624206741,6.52985363199596,5.94391541781364,5.96481,4.41092,4.02163
2.99425565744751,6.47135317818055,5.94369097576247,5.96481,4.41092,4.02163
2.99894370319772,6.48523714417708,5.94303655185739,5.96481,4.41092,4.02163
3.0039584759036,6.53472026767011,5.94282443583238,5.96261,4.40433,4.02493
3.00604654042111,6.52384088867804,5.94220783974678,5.96261,4.40433,4.02493
3.01108101934015,6.52001692316154,5.94165744418033,5.96261,4.40433,4.02493
3.00617033097013,6.54535525349827,5.94087899043335,5.96261,4.40433,4.02493
3.00829266573355,6.5616039500795,5.94045332548719,5.94941,4.39883,4.04252
2.99827098319116,6.54167807657047,5.93978462219591,5.94941,4.39883,4.04252
2.99432387645056,6.57805954926197,5.93909325720742,5.94941,4.39883,4.04252
2.99558254561175,6.59179727256486,5.93836674658982,5.94941,4.39883,4.04362
3.01494278690812,6.58465746299451,5.93780235293664,5.95051,4.40213,4.04362
2.99997681540652,6.58488217671276,5.93763600755128,5.95051,4.40213,4.04362
3.00724732766644,6.59031289264178,5.9371273352772,5.95051,4.40213,4.04362
3.00020252990226,6.55852164937606,5.93670302373562,5.94831,4.39663,4.04142
3.00352105965187,6.52974239473409,5.93630405059336,5.94831,4.39663,4.04142
3.00487095701875,6.4998732894622,5.93590946845449,5.94831,4.39663,4.04142
2.98467430357587,6.46009442871866,5.93535731961395,5.94831,4.39663,4.04142
3.01474091999405,6.42603735076513,5.93544059184568,5.93842,4.38783,4.04802
3.0033323656118,6.4835730985178,5.93521407842383,5.93842,4.38783,4.04802
3.0138371514566,6.51719604091072,5.93555344991089,5.93842,4.38783,4.04802
3.00330877307982,6.5189166265343,5.93559206050474,5.93842,4.39113,4.05022
3.0057772893282,6.53864376058956,5.93588281639193,5.94172,4.39113,4.05022
2.9964246066161,6.57629196319566,5.93661003095463,5.94172,4.39113,4.05022
2.99562012756706,6.58660270489333,5.93713476586886,5.94172,4.39113,4.05022
2.9948401358401,6.59151188786339,5.93766390030266,5.94391,4.39443,4.04912
3.01054365356103,6.64107352884951,5.93822054735552,5.94391,4.39443,4.04912
2.99468318366334,6.65284863789485,5.93901791304745,5.94391,4.39443,4.04912
3.01683634880753,6.64301313831391,5.9397279534448,5.94391,4.39443,4.05352
3.00198761365364,6.66877955398301,5.94064364329166,5.95051,4.39333,4.05352
3.01041070546488,6.6577241634208,5.94126206660097,5.95051,4.39333,4.05352
3.01448239429983,6.62916974750788,5.94226787963449,5.95051,4.39333,4.05352
2.98755103197058,6.60136083794803,5.94285436630597,5.95711,4.39223,4.06122
2.99274605046001,6.57181543254685,5.94355475772432,5.95711,4.39223,4.06122
2.99888483853484,6.52371353222961,5.94393696190745,5.95711,4.39223,4.06122
2.99980986065062,6.52387025302531,5.94488076125121,5.95711,4.39223,4.06122
3.00373988077898,6.59609135890376,5.94541514133326,5.97361,4.39333,4.05792
3.01870677329639,6.60075591734948,5.94589506196633,5.97361,4.39333,4.05792
3.00464718862398,6.59804596034298,5.94623138004007,5.97361,4.39333,4.05792
3.00930185523276,6.62815128467886,5.94671746415957,5.97361,4.39333,4.06782
2.99618711710084,6.65832425453574,5.94724446479557,5.97911,4.39333,4.06782
3.00455340699723,6.65837380361823,5.94744074658,5.97911,4.39333,4.06782
2.997554071231,6.67387747468505,5.94776043826367,5.97911,4.39333,4.06782
3.00408975226646,6.71114759842066,5.94794837983314,5.97801,4.39113,4.08321
2.99413006097536,6.70461874730696,5.94851335938906,5.97801,4.39113,4.08321
3.00104772676548,6.69387219721668,5.94870442360077,5.97801,4.39113,4.08321
3.01143970545009,6.71600523497998,5.9490309737022,5.97801,4.39113,4.08321
3.00283760531166,6.68134279899956,5.94926651306113,5.98021,4.38783,4.09091
3.00607292997036,6.64476289586066,5.94952091314038,5.98021,4.38783,4.09091
2.99504165168283,6.60691808468438,5.94922666014755,5.98021,4.38783,4.09091
3.01340243249819,6.56237263185432,5.94968682503476,5.98021,4.38783,4.09531
2.99082436836683,6.50083060947872,5.94970966193944,5.98021,4.38783,4.09531
3.01167449159011,6.53774014390286,5.95019743316808,5.98021,4.38783,4.09531
3.00491418315646,6.57673392571406,5.95027107964645,5.98021,4.38783,4.09531
3.01673506743284,6.56672537657157,5.950687213208,5.97471,4.38563,4.09751
2.99120997323438,6.56358911371445,5.95123947423959,5.97471,4.38563,4.09751
2.98849643265229,6.59238572549079,5.9515780678373,5.97471,4.38563,4.09751
2.99962566757923,6.61060010531417,5.95203863097815,5.97471,4.38563,4.09751
3.01200129709558,6.59892364741815,5.95232441809576,5.9846,4.39113,4.08871
3.0027371798597,6.63149193086443,5.952706609662,5.9846,4.39113,4.08871
3.00672351176,6.64708042466067,5.95290310857838,5.9846,4.39113,4.08871
2.99803529181393,6.64217425874219,5.95344938685036,5.9846,4.40103,4.07991
3.01129959186984,6.63976204490617,5.95353816612226,5.9901,4.40103,4.07991
3.01693291642301,6.64732521754079,5.95408313785298,5.9901,4.40103,4.07991
2.99315974338478,6.61346245030971,5.95404800675864,5.9901,4.40103,4.07991
2.99989040806236,6.58180038260079,5.95407698877066,5.9945,4.40762,4.08651
2.99665652276272,6.54773692360846,5.95382559669623,5.9945,4.40762,4.08651
2.99485057663847,6.49483234298608,5.95407407437436,5.9945,4.40762,4.08651
2.98662838719515,6.46592239267373,5.95390022719723,5.9945,4.40762,4.09311
3.02733837427973,6.52113225455247,5.95346335395056,5.9934,4.41202,4.09311
3.00767380128257,6.54413793498329,5.95326927118227,5.9934,4.41202,4.09311
3.00893054865205,6.53161222742569,5.95310545061432,5.9934,4.41202,4.09311
2.99564403318098,6.54930991894699,5.95311958938159,5.9934,4.40543,4.10521
3.01258279977402,6.57982182580841,5.95295152352359,5.97801,4.40543,4.10521
2.99700332786896,6.59138280813197,5.95299261329671,5.97801,4.40543,4.10521
3.00100509999952,6.58217399084496,5.95269756232937,5.97801,4.40543,4.10521
3.00154188221681,6.62903172325629,5.9527514127064,5.97141,4.39883,4.1063
2.98999475404991,6.63217879413851,5.9525700868401,5.97141,4.39883,4.1063
3.00626871843222,6.62439065447971,5.95281366069371,5.97141,4.39883,4.1063
3.00403844205695,6.65113905705839,5.95267431076512,5.97141,4.39993,4.06891
3.01235670514396,6.62743743196869,5.95251231256069,5.96591,4.39993,4.06891
3.00073023806079,6.59523731917194,5.95215866386259,5.96591,4.39993,4.06891
3.01770629155937,6.56534174109725,5.95197022915642,5.96591,4.39993,4.06891
2.98713259895597,6.53070753580314,5.95180798094691,5.97251,4.40323,4.02163
2.99835607984723,6.48230363605837,5.95172356011367,5.97251,4.40323,4.02163
3.0038304994998,6.47641439226612,5.95113682877453,5.97251,4.40323,4.02163
3.02106746315629,6.54172384506232,5.95070209853353,5.97251,4.40323,4.02163
2.98852939332001,6.54477276045352,5.95041662012311,5.96371,4.39223,4.00733
2.98757725876598,6.54350170291732,5.94989375389922,5.96371,4.39223,4.00733
3.00890347021792,6.56906617978414,5.94944062807892,5.96371,4.39223,4.00733
3.01830733547409,6.59700333914197,5.94882317921151,5.96371,4.39223,4.01173
3.01101244246573,6.59454937822499,5.94824973959882,5.95271,4.37793,4.01173
3.00125355761887,6.60993913054351,5.9472199695968,5.95271,4.37793,4.01173
2.99144990858954,6.63983864956319,5.94698793221602,5.95271,4.37793,4.01173
2.99840691548638,6.63466044495911,5.94622814668075,5.94172,4.37573,4.03152
3.00706227526199,6.6329145073231,5.94599519965649,5.94172,4.37573,4.03152
3.00095645224396,6.64236585447713,5.94525275223972,5.94172,4.37573,4.03152
3.00757011361662,6.60926274436882,5.9447646244666,5.94172,4.37573,4.03152
2.99669297214287,6.57288895896742,5.9442250843461,5.92302,4.36694,4.05902
3.00492880033826,6.53688954989091,5.94386407735689,5.92302,4.36694,4.05902
2.99759445480845,6.49351659925923,5.94373687261241,5.92302,4.36694,4.05902
3.00918740350683,6.44076719904289,5.94318605359536,5.92302,4.37243,4.06452
3.01584407815229,6.46229385892169,5.94298947321229,5.91752,4.37243,4.06452
3.00254645127432,6.51000834387286,5.94283194042385,5.91752,4.37243,4.06452
2.98796730750478,6.50214135993228,5.94312793115808,5.91752,4.37243,4.06452
3.00463833161489,6.50215970624352,5.94315409979813,5.92302,4.37793,4.05462
3.00412429556308,6.53069609889691,5.94373591913149,5.92302,4.37793,4.05462
3.00702797008627,6.54963468419877,5.94385818057417,5.92302,4.37793,4.05462
3.00243294450541,6.5317951141473,5.94411297903119,5.92302,4.37793,4.03922
2.9945942290711,6.56970562582233,5.94420720316976,5.92962,4.38013,4.03922
3.00340912351965,6.5860334909783,5.9450537603135,5.92962,4.38013,4.03922
3.00532395581048,6.58073808820535,5.945209030714,5.92962,4.38013,4.03922
3.01652537469305,6.58284904373815,5.94534550780049,5.92962,4.37793,4.02053
2.99436312323249,6.58626460866584,5.94545628524681,5.93402,4.37793,4.02053
3.01553269880049,6.55525615520882,5.9455015010476,5.93402,4.37793,4.02053
2.9881483674659,6.52666729297705,5.94600042561811,5.93402,4.37793,4.02053
2.99542260024687,6.49700518201197,5.94606050469627,5.92632,4.36804,4.01283
3.00590656903819,6.4567992155501,5.94581588346316,5.92632,4.36804,4.01283
3.00963266761087,6.42307860517111,5.94565596081208,5.92632,4.36804,4.01283
3.0028037010827,6.48372811150091,5.94567860796969,5.92632,4.36474,4.01063
2.98879965026688,6.51564407585946,5.94546327028115,5.92192,4.36474,4.01063
3.00875010201795,6.51593461241958,5.94565810480012,5.92192,4.36474,4.01063
3.0136952406629,6.53737775112366,5.94563881052004,5.92192,4.36474,4.01063
3.01661660477594,6.57570545156222,5.94587255952262,5.92742,4.36474,4.02053
2.99875828751567,6.58577686887654,5.94580892029303,5.92742,4.36474,4.02053
2.99874188924371,6.59247775779456,5.94609621828544,5.92742,4.36474,4.02053
2.98857000362472,6.64285727784792,5.94651041609426,5.92742,4.36474,4.02053
2.99937071867098,6.6580407855732,5.94727082677237,5.93402,4.37463,4.01613
3.00266972911811,6.64879101963625,5.94761264496381,5.93402,4.37463,4.01613
3.01795346612944,6.6753209437424,5.94810391481662,5.93402,4.37463,4.01613
2.99077974606481,6.66615911934397,5.94875486271479,5.93402,4.37463,4.01283
3.01027972437377,6.64005983792958,5.9496053638381,5.93512,4.37683,4.01283
3.00124596501054,6.61400688709342,5.95049998774361,5.93512,4.37683,4.01283
3.00502192094107,6.58572672831501,5.95100617055287,5.93512,4.37683,4.01283
3.02359270989438,6.54183459116175,5.95196545787974,5.92412,4.36913,4.01943
2.98330933923842,6.54319659374359,5.95271706284136,5.92412,4.36913,4.01943
2.98993699283914,6.61822382466916,5.95403013269496,5.92412,4.36913,4.01943
3.0064038865931,6.62087491774298,5.95465022463906,5.92412,4.36913,4.01943
3.00974106539726,6.62203410550467,5.95614176520372,5.91642,4.35594,4.02713
3.00205336770576,6.65044911477547,5.95702930054475,5.91642,4.35594,4.02713
3.01456123093624,6.67902738442682,5.95773073882616,5.91642,4.35594,4.02713
2.99898399343709,6.6787450665846,5.95848296859351,5.91642,4.34164,4.01943
2.999211634585,6.69239402083128,5.95942233505634,5.92412,4.34164,4.01943
2.9920015121323,6.72978102310438,5.96016353836861,5.92412,4.34164,4.01943
3.01260053443738,6.72033535949727,5.96075264118899,5.92412,4.34164,4.01943
3.00513585999752,6.70760095307688,5.96132219366072,5.92962,4.34164,4.00623
3.01378674397659,6.72549161069227,5.96162942923074,5.92962,4.34164,4.00623
2.9907726685716,6.68710390137117,5.96243151299598,5.92962,4.34164,4.00623
2.99523128966529,6.64820779814176,5.96258580746355,5.92962,4.34164,4.01063
3.00661820788039,6.60690059601454,5.96265646744616,5.92962,4.34604,4.01063
3.00661635311816,6.55915966534814,5.96270457199644,5.92962,4.34604,4.01063
2.99678197937116,6.49690323181665,5.96274692946435,5.92962,4.34604,4.01063
2.99091200955002,6.53081315143757,5.96231227671467,5.92412,4.34494,4.02273
3.02191694433523,6.56607908722315,5.96262090434308,5.92412,4.34494,4.02273
3.0059267131,6.55208203728708,5.96240191023512,5.92412,4.34494,4.02273
3.01661584405978,6.54751447229014,5.96272833029793,5.92412,4.34494,4.02273
2.99429298426493,6.57332192554259,5.96253347139078,5.92082,4.34604,4.03152
3.01525008135934,6.58912668212693,5.96254028624199,5.92082,4.34604,4.03152
2.98104057199005,6.57447794372804,5.96291370237768,5.92082,4.34604,4.03152
2.98398087370396,6.60381975479366,5.96299425660581,5.92082,4.35044,4.02493
3.00171195095512,6.61814181262784,5.96303201437563,5.92082,4.35044,4.02493
3.0148510972853,6.60925721583267,5.96306025543476,5.92082,4.35044,4.02493
3.00703428830432,6.60598401876201,5.96330816011756,5.92082,4.35044,4.02493
3.01868243279714,6.61048370530054,5.9632571750493,5.92852,4.36034,4.01833
3.00439006079249,6.57453100078481,5.96346677493993,5.92852,4.36034,4.01833
2.9984611526364,6.54071832734556,5.96328908707851,5.92852,4.36034,4.01833
3.01483787907238,6.50507376016632,5.96347439062555,5.92852,4.36034,4.01833
2.97943362500994,6.4505331806937,5.96294809565543,5.93842,4.36364,4.02163
2.99352187878509,6.42452137533927,5.96283622081556,5.93842,4.36364,4.02163
3.01097076042405,6.47944872435174,5.96248929919129,5.93842,4.36364,4.02163
3.00067026038352,6.49925855168614,5.96254574672255,5.93842,4.36364,4.01173
2.99282107523279,6.48512435579187,5.96221734813972,5.94611,4.36804,4.01173
3.02680794393007,6.50279254228512,5.96162791371583,5.94611,4.36804,4.01173
3.00860444859288,6.53223685415177,5.96107152499002,5.94611,4.36804,4.01173
3.01092117838886,6.54347476744924,5.96065714970527,5.94611,4.36584,3.99853
2.98060002336732,6.53474446752504,5.96020445006437,5.94611,4.36584,3.99853
3.00699974626735,6.58084009931419,5.95938451449649,5.94611,4.36584,3.99853
2.99768493950783,6.58289924998116,5.9589525115274,5.94611,4.36584,3.99853
3.00695591777722,6.57339606309265,5.95818663583738,5.93182,4.36913,3.99963
3.00454825986849,6.59634405451545,5.9578724091354,5.93182,4.36913,3.99963
2.99768055477466,6.56937006391881,5.95677108184804,5.93182,4.36913,3.99963
3.00861739193358,6.53452506369282,5.95635303873366,5.93182,4.38123,4.00403
2.99924416836861,6.50151408358253,5.95546058897833,5.92962,4.38123,4.00403
3.00347715321459,6.46282083704878,5.95473053318219,5.92962,4.38123,4.00403
2.99725485064037,6.4154404227061,5.95355617595619,5.92962,4.38123,4.00403
3.01570968023294,6.40471768714933,5.95295440750575,5.92412,4.38013,4.02163
2.98800301121966,6.46364131246681,5.95245241537407,5.92412,4.38013,4.02163
3.01541785326449,6.46225558245679,5.95229143879739,5.92412,4.38013,4.02163
3.01031268992345,6.45590327872839,5.95192523961523,5.92412,4.38013,4.03812
3.01152047408032,6.47785880096772,5.95162667246155,5.92302,4.38123,4.03812
2.99123502208412,6.50094055470164,5.95178232958254,5.92302,4.38123,4.03812
2.98444072340704,6.49600312062884,5.95163475938034,5.92302,4.38123,4.03812
2.99658528969,6.51136964977629,5.95172004694235,5.93732,4.39113,4.03592
3.01243797963418,6.53672265749885,5.95188080708189,5.93732,4.39113,4.03592
3.01224759024995,6.5303886767758,5.95253062227212,5.93732,4.39113,4.03592
3.00690062491786,6.52579234010676,5.95262093566442,5.93732,4.39113,4.03592
3.00791188067903,6.53176468266368,5.95354110658463,5.94172,4.39223,4.03592
3.00201752392921,6.49788209344663,5.95406105118087,5.94172,4.39223,4.03592
3.00731310035242,6.46176793950316,5.95521524246256,5.94172,4.39223,4.03592
2.98295638903941,6.42620968508452,5.95578183899262,5.94172,4.39223,4.04362
3.00744082595796,6.38487420511154,5.95676689269558,5.93842,4.39223,4.04362
2.99727203888966,6.33584269327348,5.95759156304176,5.93842,4.39223,4.04362
3.00621417163372,6.35723141775652,5.95891933458912,5.93842,4.39223,4.04362
2.98333535197842,6.40630284382805,5.96021651735046,5.92962,4.39773,4.05352
3.02543638191827,6.39756980806402,5.9611589321654,5.92962,4.39773,4.05352
3.02471676623833,6.39974365088493,5.96241946223659,5.92962,4.39773,4.05352
3.00691093922234,6.42933125609422,5.96361611670133,5.92962,4.39773,4.05352
2.98765753472834,6.44933019808449,5.96507851709453,5.92632,4.39773,4.06891
2.99787797445871,6.43215328720048,5.96611057606476,5.92632,4.39773,4.06891
2.99379356692438,6.47373500439614,5.96765971303037,5.92632,4.39773,4.06891
2.99984687398759,6.4875908876851,5.9686706953169,5.92632,4.39773,4.06891
3.00692522155697,6.48565456810711,5.96998813105542,5.92962,4.39223,4.06891
2.99753107235515,6.48515717609866,5.97082279726443,5.92962,4.39223,4.06891
3.02146602480333,6.48401249674387,5.97202299296566,5.92962,4.39223,4.06891
2.99486103145835,6.4516588379384,5.97288599353312,5.94282,4.39553,4.05352
3.01111762429473,6.42222418354126,5.97360849653,5.94282,4.39553,4.05352
2.99090317529546,6.39119372133758,5.97376166763054,5.94282,4.39553,4.05352
3.01231704489614,6.35196229728421,5.97430929283949,5.94282,4.39553,4.05352
2.99531839759742,6.31909048036443,5.97499253889843,5.95381,4.39773,4.05242
3.00467479258516,6.3781674692307,5.9756174214443,5.95381,4.39773,4.05242
3.00534999726667,6.40543164264309,5.97597613235764,5.95381,4.39773,4.05242
3.01838430295688,6.40478953404229,5.97644880373364,5.95381,4.39773,4.06342
2.99182774536578,6.42443937971011,5.97714918127428,5.95381,4.39773,4.06342
2.98321683477791,6.46205906860803,5.97745358808752,5.95381,4.39773,4.06342
3.00480159287468,6.47165040480685,5.97820610765014,5.95381,4.39773,4.06342
3.01044104356301,6.47803064782096,5.97865867700271,5.94721,4.40323,4.07001
3.01418606362983,6.52825916750131,5.97977022742711,5.94721,4.40323,4.07001
2.99768572558805,6.54514074352066,5.98019235215525,5.94721,4.40323,4.07001
3.01201820186659,6.53316864906014,5.9813429511906,5.94721,4.40323,4.07001
3.00284161137996,6.55821615318846,5.98228506394254,5.93512,4.41422,4.07001
3.00141762378692,6.55262975128716,5.98371043522109,5.93512,4.41422,4.07001
2.98642836922625,6.52820618384225,5.98465659363648,5.93512,4.41422,4.07001
3.0122478060979,6.50524999364384,5.98577129988664,5.93622,4.42522,4.07221
2.99829883622202,6.47983674155796,5.98667826327377,5.93622,4.42522,4.07221
3.00007674213796,6.44164034673102,5.98773548196307,5.93622,4.42522,4.07221
2.98578041088205,6.45033374915909,5.98910961933248,5.93622,4.42522,4.07221
3.02554457349369,6.5284812787766,5.98982978991157,5.95601,4.41752,4.06122
3.02313114689847,6.53523197654099,5.99112291542233,5.95601,4.41752,4.06122
3.00488609629995,6.5432081174677,5.99205151869215,5.95601,4.41752,4.06122
2.98555880353594,6.5785941328852,5.99330952479947,5.95601,4.40103,4.04142
3.00316807385162,6.61372485041399,5.99393140455368,5.97581,4.40103,4.04142
2.99760992228241,6.62083645080919,5.99505114483843,5.97581,4.40103,4.04142
2.9970788549651,6.64574619712536,5.99572532344907,5.97581,4.40103,4.04142
3.00359320257438,6.68863746927543,5.99633195143618,5.97911,4.38783,4.04362
2.99847764894793,6.69059436292996,5.99670139458035,5.97911,4.38783,4.04362
3.02008855041176,6.68231801324015,5.99739013969776,5.97911,4.38783,4.04362
2.99981764782829,6.70453569670053,5.99762604527285,5.97911,4.38783,4.04362
3.01210596965648,6.67244013094183,5.99775567835914,5.96921,4.37793,4.06672
2.99016226897952,6.63847679535859,5.99761684276802,5.96921,4.37793,4.06672
3.01837533110715,6.60190857367927,5.99743454338706,5.96921,4.37793,4.06672
2.99094203257794,6.55790100850573,5.99778347954872,5.96921,4.37793,4.07441
2.99546513818458,6.49950759271962,5.99755413198504,5.96371,4.38893,4.07441
2.99629275195084,6.53750106789793,5.99758151644486,5.96371,4.38893,4.07441
3.01326944984621,6.56951490861122,5.9976161613501,5.96371,4.38893,4.07441
3.01113941379516,6.55649424100874,5.99767599138137,5.95161,4.40213,4.08981
2.98921452361877,6.54962711137904,5.99757145649205,5.95161,4.40213,4.08981
3.01140866031623,6.57387170331098,5.99791217018495,5.95161,4.40213,4.08981
3.00935028718822,6.58585511508012,5.99815582464757,5.95161,4.40213,4.08981
3.00585998151381,6.57006817395316,5.99885403860058,5.95491,4.42082,4.07771
2.99319082869123,6.59884582042624,5.99887962539708,5.95491,4.42082,4.07771
3.01110360220228,6.60980869630032,5.99976986517478,5.95491,4.42082,4.07771
2.99579184174222,6.59981427968408,6.00057887171349,5.95491,4.41752,4.07551
2.99856269999511,6.59444641514562,6.00170282221515,5.96371,4.41752,4.07551
3.00152937957191,6.59591115653127,6.0025030788544,5.96371,4.41752,4.07551
3.00864014221747,6.55964796769163,6.00341959230211,5.96371,4.41752,4.07551
2.99815531528838,6.52585403963914,6.00428037959636,5.96151,4.39223,4.07881
3.0097566168673,6.49126177614389,6.00522472670614,5.96151,4.39223,4.07881
2.98947878178788,6.43863438670309,6.006386546766,5.96151,4.39223,4.07881
3.00872420039666,6.41464651631822,6.00690104572508,5.96151,4.39223,4.08651
3.0260650808745,6.46997961673346,6.00817121908412,5.96151,4.36913,4.08651
2.99348777807861,6.49403119198907,6.00886371965287,5.96151,4.36913,4.08651
3.0006706939269,6.48295900925035,6.01010333605625,5.96151,4.36913,4.08651
2.99914086500739,6.50705028997324,6.01050993409384,5.97141,4.34494,4.07881
2.9949354127916,6.54071415164289,6.01155551155586,5.97141,4.34494,4.07881
3.00376312045018,6.55402380606413,6.01201797081973,5.97141,4.34494,4.07881
3.00492531358109,6.55292941732509,6.01235601552355,5.97141,4.34494,4.07881
3.00236740129719,6.60062031884966,6.01231364140459,5.97471,4.32515,4.06891
3.01149934712797,6.60928182374743,6.01258274017618,5.97471,4.32515,4.06891
2.99337568970319,6.60419867436215,6.01281993999299,5.97471,4.32515,4.06891
3.01868005548478,6.63119548577926,6.01248814157128,5.97471,4.31635,4.07551
2.99658560779006,6.60709107964247,6.01224913311858,5.97031,4.31635,4.07551
3.01145022295904,6.5763080089398,6.01171372575889,5.97031,4.31635,4.07551
2.99556716062159,6.54628574214451,6.01140008272726,5.97031,4.31635,4.07551
2.98912530269229,6.50947218077972,6.01058104586702,5.96041,4.31855,4.09531
2.99808847316923,6.46284833380026,6.00991072823255,5.96041,4.31855,4.09531
3.01082957628595,6.46014492882639,6.00898999431004,5.96041,4.31855,4.09531
3.00809075164936,6.52137295693111,6.00829160622247,5.96041,4.31855,4.09531
2.99131781967901,6.51832852144593,6.00709785413349,5.95491,4.31965,4.09971
3.02534762955181,6.51168807153312,6.00633935517922,5.95491,4.31965,4.09971
3.00298610361583,6.53250571569337,6.00556128949196,5.95491,4.31965,4.09971
3.01562100030104,6.55453526549203,6.00510790972259,5.95491,4.31965,4.1085
2.98604007843715,6.54753560396573,6.00399978398622,5.94721,4.30095,4.1085
3.00298088338858,6.56004727738388,6.00328157931456,5.94721,4.30095,4.1085
2.98746931035037,6.5800551787527,6.00287569438572,5.94721,4.30095,4.1085
2.99468072435687,6.57315575814301,6.00232880635091,5.94721,4.28006,4.09421
3.00310051467831,6.559791595208,6.00182644080717,5.94721,4.28006,4.09421
3.02413841533762,6.56153407157739,6.00108440687049,5.94721,4.28006,4.09421
3.00987561996462,6.52188794368447,6.00057006427027,5.94721,4.28006,4.09421
3.00276548416064,6.48009402720613,5.9999624906742,5.95381,4.28226,4.07991
2.9996393488091,6.43806155620365,5.99934924098738,5.95381,4.28226,4.07991
2.9961593045472,6.38849613602444,5.99856038912204,5.95381,4.28226,4.07991
3.01241010544854,6.33536283095253,5.99814262841265,5.95381,4.30205,4.07881
2.99446919642347,6.35652675061017,5.99722200974972,5.96261,4.30205,4.07881
2.99685511639463,6.39540774556166,5.99667350777097,5.96261,4.30205,4.07881
3.00221001288908,6.38324936879747,5.99577361690034,5.96261,4.30205,4.07881
3.01062968135883,6.38238049978016,5.99528139125686,5.96151,4.32075,4.09091
2.98772413581375,6.4084935406276,5.99466890882441,5.96151,4.32075,4.09091
3.02008107553185,6.42575389867201,5.99355919118018,5.96151,4.32075,4.09091
3.01501461896374,6.40855705144526,5.99252537237162,5.96151,4.32075,4.10521
2.99969227626934,6.44717749239284,5.99166218040057,5.95711,4.32955,4.10521
2.98264502475669,6.46184530185345,5.99096963474079,5.95711,4.32955,4.10521
3.01202484179673,6.46112439691929,5.98971288505858,5.95711,4.32955,4.10521
3.00297546033908,6.45747178172884,5.98897762910673,5.95491,4.33614,4.1173
3.0108843526453,6.45954591657363,5.98792858311509,5.95491,4.33614,4.1173
2.99804155287226,6.42808673516883,5.98716775572412,5.95491,4.33614,4.1173
2.99102186791637,6.39933645752806,5.98575805161438,5.95491,4.33614,4.1173
3.01524051363383,6.36877824065184,5.98500586332664,5.96151,4.35264,4.114
2.99642783066239,6.32757880846635,5.98376593145264,5.96151,4.35264,4.114
3.00039649554624,6.29942419913667,5.9829386983067,5.96151,4.35264,4.114
3.00237646589838,6.3550677716872,5.98156241884967,5.96151,4.35924,4.1118
3.01386306776969,6.38303495735397,5.98085549536903,5.9901,4.35924,4.1118
3.00149688289802,6.38119022395719,5.98037176002613,5.9901,4.35924,4.1118
3.00516973251984,6.39869727004178,5.97992746340325,5.9901,4.35924,4.1118
3.00600715085445,6.43342778107124,5.97933142543295,5.9967,4.35154,4.1283
3.00976173573806,6.44000635278124,5.97880051440361,5.9967,4.35154,4.1283
2.99320638159054,6.44818371703707,5.97867851070846,5.9967,4.35154,4.1283
2.97976333673808,6.49553407741245,5.97839519591674,5.9967,4.35154,4.1283
3.00548682738172,6.50722355593195,5.9783092421061,5.9945,4.34934,4.1415
3.01384823548566,6.49646274386522,5.97806052364975,5.9945,4.34934,4.1415
3.01465246271443,6.51981811119593,5.97849711559523,5.9945,4.34934,4.1415
3.00321812628425,6.50599485789936,5.97822588423449,5.9945,4.34934,4.136
3.00748147061078,6.47918594442665,5.97859019201819,5.9912,4.34824,4.136
3.00043085618328,6.45313104613404,5.97878674653458,5.9912,4.34824,4.136
2.99467085748503,6.42509444487396,5.97937546500544,5.9912,4.34824,4.136
2.99042947390516,6.38637416264471,5.9794460888053,5.9967,4.35374,4.1327
3.01635091054809,6.39361221246643,5.97989922108274,5.9967,4.35374,4.1327
2.99362590172144,6.46590290661082,5.98021304116847,5.9967,4.35374,4.1327
3.01161129169154,6.4719512569781,5.98089476435262,5.9967,4.35374,4.1327
2.98549024939008,6.47330810778907,5.98157202780625,6.01979,4.36804,4.1206
3.02193181114247,6.50746433932787,5.98170723166128,6.01979,4.36804,4.1206
3.02193513918306,6.53855685932177,5.98229854634722,6.01979,4.36804,4.1206
3.00040555180619,6.54063506045968,5.98269589975707,6.01979,4.37243,4.1217
2.98434101161624,6.56508357045796,5.98326079910153,6.02419,4.37243,4.1217
3.00051828815608,6.60196951314145,5.98351858785345,6.02419,4.37243,4.1217
3.00152237396317,6.59701199043263,5.98413088575381,6.02419,4.37243,4.1217
2.99926587386764,6.58901596786009,5.98423736496767,6.0187,4.36804,4.1305
3.00831177466206,6.60485468293286,5.98443201609857,6.0187,4.36804,4.1305
2.99938398313528,6.56953574630036,5.98421088262332,6.0187,4.36804,4.1305
3.01830114699066,6.53385270344807,5.98443599625263,6.0187,4.36804,4.1349
2.99192746667899,6.49551912405632,5.98411932147215,6.011,4.36254,4.1349
3.00872485892209,6.45105402265986,5.98372302116366,6.011,4.36254,4.1349
2.99378847173285,6.39665152613346,5.98315173083741,6.011,4.36254,4.1349
3.01622532944089,6.43333180180252,5.98250405770144,6.0143,4.37243,4.1404
2.99671301236153,6.46791451338055,5.98234712557669,6.0143,4.37243,4.1404
3.00155919326167,6.45909843017581,5.98180387483355,6.0143,4.37243,4.1404
3.00309345413685,6.45386921465059,5.98117284163053,6.0143,4.37243,4.1404
3.0116876592924,6.48280883394347,5.98073817097481,6.02859,4.38783,4.1382
2.99802265891764,6.50134436297611,5.98021544579517,6.02859,4.38783,4.1382
2.98413265440772,6.4908164615257,5.97924005330527,6.02859,4.38783,4.1382
3.00645075534303,6.5256627925687,5.97897292215028,6.02859,4.39333,4.1349
3.01265021082475,6.54114204178795,5.97833290661117,6.03849,4.39333,4.1349
3.01740258151597,6.5386984264567,5.97817303630175,6.03849,4.39333,4.1349
2.99960371448023,6.53625243085229,5.97723882785605,6.03849,4.39333,4.1349
3.00799846481706,6.54135287097878,5.97695729704845,6.02529,4.39333,4.136
2.98710321178697,6.5084514942795,5.97652277341363,6.02529,4.39333,4.136
3.00188606794318,6.47736946398789,5.97646450220203,6.02529,4.39333,4.136
2.99266742599109,6.44420811524708,5.97585418906835,6.02529,4.39333,4.136
3.01762159581387,6.39254567919541,5.975359141684,6.011,4.39333,4.1305
2.99175530130655,6.37432108046508,5.97494748565577,6.011,4.39333,4.1305
3.01524196602016,6.42701365586014,5.97464210681266,6.011,4.39333,4.1305
2.99487423912478,6.44742533602421,5.97457479304405,6.011,4.39333,4.1338
3.00666650937083,6.43553996571761,5.97412338244394,6.0,4.39223,4.1338
3.02663753196481,6.4551366324831,5.97435838475396,6.0,4.39223,4.1338
2.99345045081579,6.48702385276232,5.97408706569891,6.0,4.39223,4.1338
2.99025156603919,6.49905802070901,5.97431323840367,5.989,4.38783,4.1327
3.00502728078715,6.49557011883902,5.97407438259821,5.989,4.38783,4.1327
2.99442427406269,6.54054064792967,5.97452908911284,5.989,4.38783,4.1327
2.99306923996798,6.54666563555422,5.97467546817271,5.989,4.38783,4.1327
3.01978527940639,6.5405854150972,5.9748743243853,5.9934,4.39113,4.1338
3.0080513785806,6.56341518259718,5.97485696702812,5.9934,4.39113,4.1338
3.00685356281157,6.53730054278303,5.97541795890734,5.9934,4.39113,4.1338
2.9920222287947,6.50537836689558,5.97570541288598,5.9934,4.37793,4.136
3.01234762835671,6.47451089450308,5.97603756655208,5.98021,4.37793,4.136
2.99390215104835,6.43719708932962,5.9764534076858,5.98021,4.37793,4.136
3.01646514962954,6.39125895654769,5.97682650866973,5.98021,4.37793,4.136
2.98718218559627,6.39374994324544,5.97777444700818,5.96921,4.35704,4.1261
2.99516068148636,6.45375870163848,5.97846716553248,5.96921,4.35704,4.1261
3.00643046470282,6.44733994893321,5.9793519432991,5.96921,4.35704,4.1261
3.01535442916753,6.44390670176363,5.98008953733056,5.96921,4.35704,4.1151
3.00702224140832,6.46658392677909,5.98127842412277,5.97911,4.35264,4.1151
2.99461843273993,6.49068719456653,5.98179078725858,5.97911,4.35264,4.1151
3.01181819993123,6.48271033940949,5.98303710613333,5.97911,4.35264,4.1151
2.99515495858215,6.49924302288547,5.98393508020634,5.9912,4.35814,4.1228
3.0079608889123,6.52033994374668,5.98534478304321,5.9912,4.35814,4.1228
2.99699201457507,6.51509562604448,5.98612307718402,5.9912,4.35814,4.1228
3.01319507814546,6.50307758774303,5.98707716711392,5.9912,4.35814,4.1228
2.99539454634775,6.50265912756601,5.98833399212595,5.9813,4.35484,4.1382
2.99474732484337,6.46330761159163,5.98923504757586,5.9813,4.35484,4.1382
2.99391883829576,6.42131475065816,5.99005571210643,5.9813,4.35484,4.1382
3.01768671824813,6.37925001638603,5.99063239710509,5.9813,4.36474,4.1338
2.99737111064849,6.33102437597299,5.99132319008257,5.9813,4.36474,4.1338
3.01594955749682,6.27834563654897,5.9916511840611,5.9813,4.36474,4.1338
2.99887886644984,6.29652441021352,5.99217114768243,5.9813,4.36474,4.1338
3.00076460698252,6.33462188072114,5.99245051426893,5.9846,4.38123,4.114
3.01790366607119,6.32256325657204,5.9929870380973,5.9846,4.38123,4.114
2.9977941061299,6.31958625871028,5.9930469356242,5.9846,4.38123,4.114
2.99364366902519,6.34534016454338,5.99331834333198,5.9846,4.38123,4.114
3.00249709191297,6.36229209037187,5.99314884602254,5.96591,4.38123,4.10081
3.00350535811308,6.34414389934076,5.99369283851124,5.96591,4.38123,4.10081
2.98139400789717,6.38252679564718,5.99367148869336,5.96591,4.38123,4.10081
3.01587132587594,6.39716109858781,5.99332520288797,5.96591,4.38123,4.08871
3.01398495323642,6.39779434889687,5.99308101934701,5.95051,4.36584,4.08871
3.01083919333556,6.39551032518318,5.99288216934115,5.95051,4.36584,4.08871
2.99057023512966,6.39850850100141,5.99271075762167,5.95051,4.36584,4.08871
3.01323907433579,6.36926882739286,5.9923905078543,5.94282,4.35484,4.07331
3.00135401575716,6.34306314735423,5.99203797579892,5.94282,4.35484,4.07331
3.00098015251825,6.31652894469879,5.99139494766828,5.94282,4.35484,4.07331
3.00226510075786,6.27947410901953,5.99104175870542,5.94282,4.35484,4.07331
2.98597312575997,6.25582573580818,5.99024795407374,5.93512,4.35154,4.07111
3.01280457019866,6.32025667512449,5.98993202305206,5.93512,4.35154,4.07111
3.00294610809015,6.34863029138104,5.98934192905344,5.93512,4.35154,4.07111
3.00144212841485,6.35331638967507,5.98904819130134,5.93512,4.35044,4.07771
3.00403815143113,6.37658270463779,5.98812069263008,5.93292,4.35044,4.07771
3.01621701822058,6.41737249158157,5.98778910909362,5.93292,4.35044,4.07771
2.99852392093507,6.42822264178309,5.98738107279514,5.93292,4.35044,4.07771
3.00018753525902,6.44048737520744,5.98733487348008,5.93952,4.35374,4.07331
3.00516844202139,6.49087303973733,5.98690059280382,5.93952,4.35374,4.07331
3.01645240609032,6.50877081523337,5.98656230635561,5.93952,4.35374,4.07331
2.98708451194962,6.49916370926454,5.9864914447571,5.93952,4.35374,4.06782
2.98426778228594,6.52600110535375,5.98645011331819,5.96261,4.35154,4.06782
3.00566294674578,6.51246993382948,5.98630954563133,5.96261,4.35154,4.06782
3.01020047969191,6.48717346970755,5.98611472902143,5.96261,4.35154,4.06782
3.01577481585438,6.46214787455618,5.98637679580495,5.97471,4.34164,4.07551
3.01155854133534,6.43550400293596,5.98614597257053,5.97471,4.34164,4.07551
2.98996477650779,6.39417646394099,5.98629567084815,5.97471,4.34164,4.07551
2.9986882137504,6.40505416121405,5.98641450975587,5.97471,4.34164,4.07551
3.00741162277048,6.47664442951954,5.98701655059898,5.97801,4.34274,4.08871
2.99738878158271,6.48203668093997,5.9870541839159,5.97801,4.34274,4.08871
3.01318038494394,6.48501523453468,5.98766327116804,5.97801,4.34274,4.08871
3.00117446482153,6.51757842256887,5.988085673079,5.97801,4.35154,4.1085
3.00657910769031,6.54912709567405,5.98859966812817,5.97691,4.35154,4.1085
2.98028310755881,6.55323897056577,5.98934158490367,5.97691,4.35154,4.1085
3.01103379920457,6.57818856909656,5.98939307834355,5.97691,4.35154,4.1085
3.01853763434644,6.61684525927167,5.98986691724106,5.96811,4.35374,4.1239
3.00390138421911,6.61614213350828,5.9902240869581,5.96811,4.35374,4.1239
2.98923224537605,6.60799065804423,5.99076345315925,5.96811,4.35374,4.1239
3.00660205279516,6.62687493489611,5.99080186771035,5.96811,4.35374,4.1239
3.00225416604244,6.59416522798203,5.99110957659547,5.95821,4.35044,4.1228
3.00953417102307,6.56069427208605,5.99116426093049,5.95821,4.35044,4.1228
2.99992924137258,6.52493407988567,5.99097283213961,5.95821,4.35044,4.1228
2.9951856723795,6.48255206476671,5.99052765545064,5.95821,4.34054,4.1228
3.01187230454763,6.42902538341713,5.99054727364888,5.94721,4.34054,4.1228
2.99838409106041,6.46999199081364,5.99002005499662,5.94721,4.34054,4.1228
2.99926544225504,6.5026006320746,5.98940152285563,5.94721,4.34054,4.1228
3.00201863849699,6.49347244823128,5.98873764771765,5.95271,4.33504,4.1272
3.01672035052657,6.4901805349187,5.98783831003063,5.95271,4.33504,4.1272
2.99757446666425,6.51761325727453,5.98749984175572,5.95271,4.33504,4.1272
3.01169266612868,6.53199774572722,5.98691631746185,5.95271,4.33504,4.1272
2.99683273142992,6.51970893162054,5.98587843250425,5.96151,4.34054,4.1217
3.00218118220312,6.55467532469203,5.98504402436461,5.96151,4.34054,4.1217
2.99774770957923,6.56427546746444,5.98434256933003,5.96151,4.34054,4.1217
2.98582603203115,6.55889954220992,5.98329707518552,5.96151,4.34274,4.1217
3.01107032936634,6.55747571286858,5.98267565857335,5.95601,4.34274,4.1217
3.01584845085764,6.55531833478917,5.9816449999673,5.95601,4.34274,4.1217
3.01893059185448,6.51968625031492,5.98110675817873,5.95601,4.34274,4.1217
2.98902754329981,6.48598236941295,5.97991444643962,5.96261,4.35484,4.1173
3.00364080487913,6.45096830079173,5.9792821386351,5.96261,4.35484,4.1173
2.99974016521812,6.3973932569082,5.97859953832812,5.96261,4.35484,4.1173
2.99387203408713,6.37810369163522,5.97831720553718,5.96261,4.35484,4.1217
2.99914234431571,6.43351063921208,5.97761848761964,5.96591,4.36474,4.1217
3.01542427598255,6.45099945605009,5.97725327660485,5.96591,4.36474,4.1217
2.99926649348487,6.43635859278154,5.97694106665092,5.96591,4.36474,4.1217
3.01072519059735,6.45806682820414,5.97697818899189,5.97361,4.36584,4.1272
2.99752906828859,6.48853954911956,5.9770660053372,5.97361,4.36584,4.1272
3.00096040791353,6.49750968449032,5.97677110579913,5.97361,4.36584,4.1272
3.02498707439158,6.49401627353935,5.9771381703563,5.97361,4.36584,4.1272
2.98673272976855,6.53957444121187,5.97716527163966,5.9813,4.36474,4.1272
2.98993073469478,6.54180929841245,5.97739836828837,5.9813,4.36474,4.1272
3.01153820738362,6.53406818225601,5.97749707100015,5.9813,4.36474,4.1272
3.00575379825764,6.55780683170094,5.9780512193953,5.9813,4.37023,4.1162
2.99836042983495,6.53088867013845,5.97798875297003,5.9879,4.37023,4.1162
3.00933449624973,6.49824366438264,5.97820862380471,5.9879,4.37023,4.1162
2.99246615952812,6.46722071568206,5.97789334358646,5.9879,4.37023,4.1162
3.01041786013871,6.43015653506435,5.97803800280188,5.9934,4.37683,4.10411
2.99814136885988,6.38698412176548,5.97785654481252,5.9934,4.37683,4.10411
3.01431737732062,6.38762588750135,5.97755896396802,5.9934,4.37683,4.10411
2.99508291413457,6.44748040582718,5.97723231701185,5.9934,4.37683,4.10411
3.01359242985965,6.44670354199249,5.97681528456313,5.989,4.38233,4.1096
2.99363857871121,6.44607962462201,5.97700513001346,5.989,4.38233,4.1096
3.00178953980967,6.47198936187033,5.97647064217483,5.989,4.38233,4.1096
3.00531139642198,6.49908975090835,5.97606176789497,5.989,4.38123,4.1228
3.00748523093552,6.49449063321057,5.97578279254159,5.98021,4.38123,4.1228
2.99723412351552,6.5169777350702,5.97548400499355,5.98021,4.38123,4.1228
2.98833071635304,6.54344541364704,5.9747890815133,5.98021,4.38123,4.1228
3.01719738726992,6.54368130178992,5.9748495540737,5.97801,4.37683,4.14809
2.99916176248833,6.53942622697815,5.9745649448596,5.97801,4.37683,4.14809
3.01591103115785,6.5434017573281,5.97462086802276,5.97801,4.37683,4.14809
3.0081298529399,6.50959104997143,5.97452115549939,5.97801,4.37683,4.17009
3.00597882895628,6.47425326693751,5.9745555886448,5.97031,4.36144,4.17009
2.9823362323172,6.43765774728642,5.97488354290259,5.97031,4.36144,4.17009
2.99524438033076,6.39276265711941,5.97522578539493,5.97031,4.36144,4.17009
2.99268156952418,6.34510355592612,5.97552802185602,5.97031,4.35924,4.16349
3.02487706920535,6.37317907008133,5.97599676221125,5.97361,4.35924,4.16349
3.00020381117775,6.41040741186653,5.97676347668342,5.97361,4.35924,4.16349
3.0150842529448,6.40112435839904,5.97745081194031,5.97361,4.35924,4.16349
2.99886652292758,6.40096112828373,5.97847143302036,5.97361,4.35594,4.1415
3.00369981292955,6.4277760473961,5.97911076943143,5.97361,4.35594,4.1415
3.01681911323112,6.44348134610165,5.98037069845719,5.97361,4.35594,4.1415
2.98495566014539,6.42356344885471,5.98118163119793,5.97361,4.35594,4.1261
2.99421429011032,6.46241017498378,5.98217490092253,5.9879,4.35924,4.1261
3.00494092897735,6.47531209341051,5.98285153742614,5.9879,4.35924,4.1261
3.00229042743395,6.47278047891246,5.9840940644992,5.9879,4.35924,4.1261
2.99255523053949,6.47341578034601,5.98475329326329,5.9868,4.35484,4.1283
3.02521957669796,6.46946891062915,5.98512352835207,5.9868,4.35484,4.1283
3.0024288902001,6.43849514689476,5.98535624241509,5.9868,4.35484,4.1283
3.00521650278817,6.41121215805958,5.98556787183027,5.9868,4.35484,4.1283
2.99918104835488,6.38291196402192,5.98559062714882,5.97691,4.34714,4.1349
3.00541832939942,6.34359414382423,5.98534512669389,5.97691,4.34714,4.1349
2.98937966769201,6.32030455045273,5.98513271505254,5.97691,4.34714,4.1349
3.01262272978694,6.38667500627102,5.98446058359624,5.97691,4.34494,4.15359
3.00221456264978,6.41254413484673,5.98419890815141,5.97801,4.34494,4.15359
2.99559410181552,6.41716786006632,5.98348144182062,5.97801,4.34494,4.15359
3.01034222018418,6.44300299475956,5.98308610650116,5.97801,4.34494,4.15359
3.00261333572523,6.48335161207479,5.98209088409878,5.97471,4.34164,4.15909
3.00188053039731,6.49202250181218,5.98134584342445,5.97471,4.34164,4.15909
2.99816574807941,6.50405930974292,5.97996144509201,5.97471,4.34164,4.15909
3.01625676272576,6.55699362663974,5.97930562728318,5.97471,4.34164,4.15909
2.9923066828158,6.57466669902664,5.97847774055308,5.97471,4.34164,4.14809
3.00051989791827,6.56093982558428,5.97768055619054,5.97471,4.34164,4.14809
3.01427289463201,6.59120664985115,5.97662778117525,5.97471,4.34164,4.14809
3.01941464130082,6.58146113724827,5.97548805157968,5.97471,4.35374,4.1327
2.9869327127625,6.55761386368366,5.97473416529202,5.989,4.35374,4.1327
2.98223715419259,6.53461125122438,5.97352053386635,5.989,4.35374,4.1327
2.99730995562721,6.50925957819368,5.97240957991926,5.989,4.35374,4.1327
3.00998082995578,6.47013220003437,5.97109354428433,5.97691,4.35044,4.1272
3.01399951327235,6.48476552761257,5.97023485980511,5.97691,4.35044,4.1272
3.01507668080825,6.56103211406205,5.96872863782144,5.97691,4.35044,4.1272
2.99724749083979,6.5687306804002,5.96806876116392,5.97691,4.35044,4.1272
3.00295993302274,6.57446707220124,5.96680018934195,5.96371,4.35044,4.1107
3.01523144739335,6.61107223020368,5.96593910924075,5.96371,4.35044,4.1107
2.98984127356577,6.64353040573722,5.96472548065203,5.96371,4.35044,4.1107
3.00361071406053,6.64866004959229,5.96374162063368,5.96371,4.34824,4.1063
2.9875261066223,6.67574602794048,5.96241317527997,5.95271,4.34824,4.1063
3.00212286921946,6.71627055629304,5.96151361858059,5.95271,4.34824,4.1063
2.99476997403859,6.71612900586576,5.96056458336813,5.95271,4.34824,4.1063
3.0258389639915,6.70952771533178,5.95909789412522,5.94941,4.35264,4.10521
3.02008467512064,6.72971609376411,5.95802387925242,5.94941,4.35264,4.10521
2.99489392144397,6.69772095562395,5.95681062030534,5.94941,4.35264,4.10521
2.99455426805649,6.66493394572145,5.95575086822163,5.94941,4.35264,4.08981
2.99860806617945,6.62896506747507,5.95436407042919,5.94721,4.35484,4.08981
3.00143107160703,6.58523514172335,5.95343973828522,5.94721,4.35484,4.08981
2.99828326627002,6.53061925502087,5.95219996166134,5.94721,4.35484,4.08981
3.00447615806898,6.57521043100573,5.95106553721198,5.94501,4.35594,4.07661
2.99564648328066,6.60564618702592,5.94985732805008,5.94501,4.35594,4.07661
3.02371625812414,6.59467604049185,5.9494197326194,5.94501,4.35594,4.07661
2.99883668688798,6.59268191624096,5.9484482595703,5.94501,4.35594,4.08211
3.0148535615719,6.61867379483736,5.94753288334199,5.95381,4.35594,4.08211
2.98738256650638,6.63128471224596,5.94659406543255,5.95381,4.35594,4.08211
3.00982473183207,6.61628133282507,5.94583383292003,5.95381,4.35594,4.08211
2.99116899505297,6.64945992455229,5.94566037278369,5.95381,4.34934,4.09971
3.00346952360035,6.65785972962739,5.945374984531,5.95821,4.34934,4.09971
3.00594120825956,6.64761755210975,5.9449298531906,5.95821,4.34934,4.09971
3.01265947498677,6.64736888157242,5.94468624298821,5.95821,4.34934,4.09971
2.99949305543884,6.64316682087408,5.94474465396349,5.96481,4.34604,4.1162
2.98678663061815,6.60598983947429,5.94443200710768,5.96481,4.34604,4.1162
3.01050011068609,6.57074874256164,5.94461451585285,5.96481,4.34604,4.1162
3.00584639858863,6.53401819068244,5.94449517334158,5.96481,4.34604,4.1162
3.00986184840348,6.47745987698569,5.94478334557107,5.97141,4.34714,4.1261
2.99752281746687,6.45703158989312,5.94473504727707,5.97141,4.34714,4.1261
3.00678720529156,6.51570375677235,5.94530813143267,5.97141,4.34714,4.1261
3.00092985801859,6.52855984406888,5.9458839571831,5.97141,4.35264,4.1217
3.00565453054522,6.51058901009583,5.94666399888139,5.96811,4.35264,4.1217
2.99778087267408,6.5345006648412,5.94733071185242,5.96811,4.35264,4.1217
3.01591643786894,6.56145428316131,5.94803453025053,5.96811,4.35264,4.1217
2.98444993276521,6.56758528492736,5.94877971943898,5.95711,4.35264,4.1063
3.00005121112562,6.56294597893526,5.94953979046648,5.95711,4.35264,4.1063
2.99734646593258,6.60447657550957,5.9506326563838,5.95711,4.35264,4.1063
3.01389499052942,6.60466689669466,5.95103317566036,5.95711,4.35264,4.09091
3.02941267393205,6.59454932887432,5.95218507108801,5.95491,4.35594,4.09091
2.98953217201427,6.6158130048428,5.9525488018871,5.95491,4.35594,4.09091
2.99638207760875,6.58533571166227,5.95346359302856,5.95491,4.35594,4.09091
3.00561996987837,6.54924848027163,5.95375463150691,5.95491,4.36254,4.07991
2.99509194285963,6.51507411655423,5.95428330870626,5.96701,4.36254,4.07991
2.9948286445734,6.4732137820053,5.95437839025842,5.96701,4.36254,4.07991
3.00943588576005,6.42587252091042,5.95450222582849,5.96701,4.36254,4.07991
3.00026113178817,6.42550705020471,5.95428548943393,5.9813,4.36913,4.09421
3.00999805451064,6.48303160806944,5.95447473472184,5.9813,4.36913,4.09421
3.00223436593527,6.47797232451321,5.95433154384588,5.9813,4.36913,4.09421
3.01254499657132,6.47194528791727,5.95411827897236,5.9813,4.36913,4.1272
2.99871400567292,6.49682769619592,5.95402790377783,5.96811,4.35374,4.1272
3.01493291224693,6.51760725811013,5.95371745954476,5.96811,4.35374,4.1272
2.99288682899156,6.50840669754396,5.95391020974976,5.96811,4.35374,4.1272
2.99141032299332,6.53079914029442,5.95370596015046,5.96261,4.33944,4.15469
2.99569033115878,6.54982244800427,5.95365652938517,5.96261,4.33944,4.15469
3.00932868357393,6.54535648272697,5.95364613793305,5.96261,4.33944,4.15469
3.01305199539228,6.54157569226884,5.95373121787368,5.96261,4.33944,4.15579
2.99174408677801,6.54303312304423,5.95327221104455,5.9835,4.34824,4.15579
3.01721566872915,6.50806203441208,5.95368390844696,5.9835,4.34824,4.15579
2.99343192525282,6.47293049893584,5.95361885241774,5.9835,4.34824,4.15579
3.01621424149332,6.43707079383701,5.95384460758695,5.9835,4.35924,4.15249
3.00064416747252,6.39398438801929,5.95351357155298,6.0033,4.35924,4.15249
2.99935250863004,6.34939366938676,5.95372401504879,6.0033,4.35924,4.15249
2.9956199496329,6.38081169433407,5.95407517452308,6.0033,4.35924,4.15249
2.99899610645494,6.42145028885255,5.95427068959896,6.0165,4.37133,4.15799
2.99513349708275,6.41407235322802,5.95442488645565,6.0165,4.37133,4.15799
3.01792725682036,6.42063390737981,5.95456569401134,6.0165,4.37133,4.15799
3.00022973279354,6.45103557729453,5.95479585990658,6.0165,4.37133,4.15799
3.01471846245541,6.46763012514521,5.95467074642519,6.01979,4.37023,4.17669
2.99880288636448,6.45457007242143,5.95495673325261,6.01979,4.37023,4.17669
2.99827671207262,6.49653690714894,5.95478750842759,6.01979,4.37023,4.17669
3.01684728749374,6.50891825612293,5.95502380893711,6.01979,4.36913,4.19758
2.99213844152304,6.50691084574671,5.95485421282018,6.01979,4.36913,4.19758
2.99897763220232,6.51185244241923,5.95494581160809,6.01979,4.36913,4.19758
3.00293453473384,6.50546538119174,5.95465100100831,6.01979,4.36913,4.19758
2.99582347486941,6.47410971410213,5.95481527575899,6.0132,4.36254,4.21298
2.99026017653278,6.44553535387162,5.95460960210037,6.0132,4.36254,4.21298
3.02699479165802,6.41443922252376,5.9541301080238,6.0132,4.36254,4.21298
3.00574288399939,6.37482718753431,5.95359801513703,6.0132,4.36254,4.20858
3.0029798873729,6.35037845583957,5.95333018097848,6.0099,4.35484,4.20858
2.98615153364759,6.41054591021608,5.9531721352596,6.0099,4.35484,4.20858
3.02193447613634,6.43493613660041,5.95275351140953,6.0099,4.35484,4.20858
2.99758777598078,6.43633063292435,5.95274528610551,6.0099,4.34384,4.20968
3.01211961583968,6.45796519576568,5.95225081245833,6.0077,4.34384,4.20968
2.99890145990674,6.49479384279477,5.95236589671658,6.0077,4.34384,4.20968
2.99068973653849,6.49847397938029,5.95199533141722,6.0077,4.34384,4.20968
3.00337668124385,6.51049868064099,5.95185917366491,6.02089,4.35154,4.20968
2.99407321052446,6.55928006718295,5.95154346417248,6.02089,4.35154,4.20968
3.01170116943991,6.57351443894487,5.95142159628346,6.02089,4.35154,4.20968
2.9984650933528,6.56395690091985,5.95075926068742,6.02089,4.35154,4.22507
3.01937559354508,6.59027385841768,5.95061184395076,6.03849,4.36034,4.22507
3.00000470826369,6.57889078475838,5.95021685732772,6.03849,4.36034,4.22507
3.00924036266502,6.55486514455481,5.95001519526885,6.03849,4.36034,4.22507
3.00135343454802,6.53145179291966,5.94941726222186,6.03519,4.36144,4.23937
3.00493783988551,6.50432161161065,5.94877119975502,6.03519,4.36144,4.23937
2.98677497343665,6.46522611220686,5.94839410148266,6.03519,4.36144,4.23937
2.98647285275326,6.48548886627958,5.94773754159324,6.03519,4.36144,4.22837
3.00498655374778,6.55687671768879,5.94718830096858,6.02089,4.36694,4.22837
3.01900844828088,6.56361083019516,5.94653624183423,6.02089,4.36694,4.22837
3.00999604830839,6.57086700704123,5.94602291591614,6.02089,4.36694,4.22837
3.01310020522151,6.60773206458616,5.94515794909282,6.02089,4.37023,4.20968
3.00332045782801,6.63946669685688,5.94495661347105,6.0165,4.37023,4.20968
2.99587337629495,6.63997706976458,5.94428227073848,6.0165,4.37023,4.20968
3.00637611996664,6.66795136161517,5.94417250015103,6.0165,4.37023,4.20968
2.98295636687499,6.70567445103083,5.94334558071045,6.011,4.36144,4.20198
3.0067467302598,6.70455833740786,5.94315430749965,6.011,4.36144,4.20198
3.00026270490962,6.69732036918216,5.94262792715357,6.011,4.36144,4.20198
3.00841194692999,6.71513707000872,5.94243429112617,6.011,4.36144,4.20198
2.99515033552165,6.6822319497709,5.9423218275239,5.9989,4.34934,4.21518
3.01714660349692,6.64926776196581,5.94165379560943,5.9989,4.34934,4.21518
3.01167230275423,6.61411463321151,5.94137892948605,5.9989,4.34934,4.21518
3.00018107978721,6.56944363277428,5.94106069999759,5.9989,4.34384,4.23167
2.99041038233273,6.5196394789732,5.94101448466325,5.9912,4.34384,4.23167
3.00553406221117,6.56834675866705,5.94079173131614,5.9912,4.34384,4.23167
3.00197920460574,6.59713284814743,5.94110826581998,5.9912,4.34384,4.23167
3.00476573848129,6.58880393603414,5.94126511824508,6.0011,4.34054,4.23717
3.0059041404435,6.59235026399959,5.94181362689817,6.0011,4.34054,4.23717
2.99519979670713,6.6213147437185,5.94210759566789,6.0011,4.34054,4.23717
3.00871404314563,6.6355705725838,5.94297044939992,6.0011,4.34054,4.22397
3.00273425516611,6.62341386866294,5.94348439575885,6.02529,4.34824,4.22397
3.00580132408728,6.66123127825503,5.94421631359473,6.02529,4.34824,4.22397
2.9917127816916,6.67395999588213,5.94496561609892,6.02529,4.34824,4.22397
3.01946198648969,6.66881991105132,5.94591557854655,6.02529,4.35814,4.21957
2.9928474016032,6.67047765105363,5.94726394654472,6.03629,4.35814,4.21957
3.00671100539414,6.67155851969438,5.94835227387579,6.03629,4.35814,4.21957
3.0052374646411,6.63807118145468,5.94941839133651,6.03629,4.35814,4.21957
3.00697917939607,6.60705239267419,5.9503293794066,6.02309,4.35044,4.21298
2.99900571337291,6.57370130973592,5.95146417404758,6.02309,4.35044,4.21298
2.97928137564428,6.51904435569103,5.95215599691266,6.02309,4.35044,4.21298
3.00790583701797,6.50435756462281,5.95311911242462,6.02309,4.35044,4.20418
3.01383677065832,6.56426575497573,5.9536689712163,6.0033,4.34274,4.20418
3.00739433388714,6.58134286639331,5.95470584673007,6.0033,4.34274,4.20418
3.00877701625732,6.57095701656847,5.95513807445905,6.0033,4.34274,4.20418
3.01103698563294,6.59516720235657,5.95587448613821,5.9879,4.32955,4.20418
3.0012376635385,6.62592196317246,5.95630626846184,5.9879,4.32955,4.20418
3.00008769919999,6.63365315061221,5.95698942455486,5.9879,4.32955,4.20418
2.98377166252202,6.63135024890491,5.95697899482748,5.9879,4.32955,4.20308
3.00498279628443,6.67570383399344,5.95720320099494,5.97691,4.31305,4.20308
2.99152796570778,6.67815410342337,5.95718229886066,5.97691,4.31305,4.20308
3.01550258732341,6.67236266958008,5.95717543240188,5.97691,4.31305,4.20308
3.00516583925376,6.69771895367905,5.95726859971485,5.97691,4.30645,4.20088
3.01153530054781,6.66992766440719,5.95666791845027,5.97801,4.30645,4.20088
3.02404170090352,6.63788990567816,5.95637565024355,5.97801,4.30645,4.20088
2.98514719228534,6.60733552187271,5.95580594175936,5.97801,4.30645,4.20088
2.99286987552936,6.56966607475651,5.95552840639204,5.97801,4.31525,4.19098
2.99796109056067,6.52217825697503,5.95471934906441,5.97801,4.31525,4.19098
3.00096247302645,6.52979728190057,5.95443992933024,5.97801,4.31525,4.19098
3.00299365921426,6.59230805621168,5.95367388102863,5.97801,4.31525,4.19098
3.00760673419185,6.58648508042384,5.95306224803098,5.97471,4.32075,4.17119
3.0014047255271,6.58452706048561,5.95229347631712,5.97471,4.32075,4.17119
3.02308189561115,6.61058073326926,5.95181929660247,5.97471,4.32075,4.17119
2.99710162602409,6.63165485755213,5.95121432887708,5.97471,4.32405,4.1404
3.00328692598898,6.62202840040254,5.95036998189047,5.97581,4.32405,4.1404
2.99186711622245,6.64335343563825,5.94953864514162,5.97581,4.32405,4.1404
3.01244103478254,6.66034732296014,5.94885288756464,5.97581,4.32405,4.1404
2.98649887390003,6.65172443401619,5.94829322842013,5.97141,4.33174,4.1261
3.00766712489225,6.64524475495842,5.94738495837043,5.97141,4.33174,4.1261
3.0044816707162,6.64105507913841,5.94660602498375,5.97141,4.33174,4.1261
3.01164948552372,6.60029469000786,5.94570491423716,5.97141,4.33174,4.1228
3.00394439606732,6.55882547459954,5.94482042741719,5.95601,4.34274,4.1228
2.98310109185506,6.51572097523707,5.94333758834891,5.95601,4.34274,4.1228
3.01094088488132,6.46348262250584,5.94247502648389,5.95601,4.34274,4.1228
3.00540150047758,6.41084852397915,5.94120525272585,5.95601,4.36584,4.10301
3.01688279483821,6.43513626649019,5.94030561948054,5.95491,4.36584,4.10301
3.00022601548286,6.46824553240008,5.9390889789751,5.95491,4.36584,4.10301
3.00388076508916,6.45559995514666,5.938079584668,5.95491,4.36584,4.10301
2.99405035453222,6.45468517675192,5.93746067708125,5.95711,4.38673,4.07661
2.99874678090875,6.47849917865629,5.93658375795594,5.95711,4.38673,4.07661
2.99804087876008,6.48839110825005,5.93575424885208,5.95711,4.38673,4.07661
3.01218833737542,6.47105373425289,5.93491820711298,5.95711,4.38673,4.06672
2.99740174717731,6.51137163437489,5.9342476584187,5.96151,4.39663,4.06672
3.00932951668584,6.51914380632339,5.93361163443124,5.96151,4.39663,4.06672
2.99957617822633,6.5177027855111,5.9332500132596,5.96151,4.39663,4.06672
3.01121908027316,6.52045485159301,5.93252210556835,5.96041,4.39553,4.06672
3.01403874046385,6.51692060615204,5.93247662907103,5.96041,4.39553,4.06672
2.98969203283498,6.48682694236103,5.93206009199009,5.96041,4.39553,4.06672
3.00034797668997,6.46038061281324,5.93183069876422,5.96041,4.39553,4.07661
2.99864823707644,6.43108153871173,5.93139626119234,5.95161,4.38673,4.07661
2.99570341583423,6.3923904971114,5.93169182333774,5.95161,4.38673,4.07661
2.99445872831703,6.37118403079489,5.93144764639394,5.95161,4.38673,4.07661
3.02389237192216,6.43439274335527,5.93141952773268,5.95161,4.37793,4.09311
3.00698892512309,6.45766376925298,5.93144529690298,5.95491,4.37793,4.09311
3.00510758180744,6.46019922676884,5.93174544541715,5.95491,4.37793,4.09311
2.99548003876671,6.48303132107713,5.93234634038873,5.95491,4.37793,4.09311
3.01072446098207,6.5175412593299,5.93256034765603,5.96261,4.38453,4.09861
3.00107266032297,6.51780024091017,5.9330588018519,5.96261,4.38453,4.09861
3.00333043911002,6.52847735921486,5.93354833737302,5.96261,4.38453,4.09861
2.99603395006578,6.57239555472134,5.93465668501874,5.96261,4.38453,4.09861
2.99444078302808,6.58030442561265,5.93538266473398,5.97911,4.40103,4.09861
3.00494960906528,6.56557685918199,5.9362975212671,5.97911,4.40103,4.09861
3.00567680071798,6.58798227556962,5.93714905418675,5.97911,4.40103,4.09861
3.00950423903871,6.56579678651311,5.938251651836,5.97911,4.41532,4.09641
2.99707157250949,6.53534212763156,5.93872413784814,5.9956,4.41532,4.09641
3.01227295336411,6.50547240469533,5.93990625958017,5.9956,4.41532,4.09641
2.99744194075375,6.47212495288761,5.94091956223733,5.9956,4.41532,4.09641
3.00317565226716,6.42909807421729,5.94232436362743,5.9879,4.41642,4.10301
3.00644926970583,6.44497045576959,5.94308179004293,5.9879,4.41642,4.10301
3.01369911382757,6.51024970118466,5.94437894907665,5.9879,4.41642,4.10301
2.98830440867275,6.51262951364169,5.94574405964281,5.9879,4.41642,4.08761
2.99267115922548,6.5164729067928,5.94691432530361,5.97691,4.41972,4.08761
3.00409857642133,6.55129997127407,5.94822319628527,5.97691,4.41972,4.08761
3.01049197661078,6.5812116829632,5.94930496111492,5.97691,4.41972,4.08761
3.00944140401172,6.5801438240873,5.95043952395663,5.97691,4.41092,4.05792
2.9978680816519,6.60857762466952,5.95125683634716,5.94721,4.41092,4.05792
2.99940996189297,6.64445548412562,5.95251974143005,5.94721,4.41092,4.05792
3.01065607256205,6.6440919088435,5.95331694773572,5.94721,4.41092,4.05792
3.019202860305,6.63346278231543,5.95441511198178,5.92962,4.39003,4.03702
2.98987858459946,6.65190932529908,5.95501229290329,5.92962,4.39003,4.03702
2.9968602890079,6.61896279741909,5.95572921886821,5.92962,4.39003,4.03702
2.99852120491763,6.58486706622636,5.95608754085181,5.92962,4.39003,4.05132
2.99969239550905,6.54881137608159,5.95674848766793,5.93622,4.37353,4.05132
2.98072863072931,6.50221127653104,5.95710803053503,5.93622,4.37353,4.05132
3.02758707442514,6.45476640727232,5.95726951043981,5.93622,4.37353,4.05132
3.01710830028173,6.49851000398122,5.95742367490738,5.94941,4.36254,4.09531
3.00931654403299,6.52568611347293,5.95767014626683,5.94941,4.36254,4.09531
2.983348849461,6.51760601515177,5.95813344142137,5.94941,4.36254,4.09531
3.01812397198394,6.51627304312921,5.9584786246748,5.94941,4.36254,4.1415
2.99921927110534,6.54328420901017,5.95913024329413,5.96701,4.35374,4.1415
3.00368920876038,6.55577840531041,5.95955473014201,5.96701,4.35374,4.1415
2.99704472530812,6.54420384385236,5.96024069941216,5.96701,4.35374,4.1415
2.98759235638852,6.58020965405799,5.96073323310882,5.96701,4.35264,4.17119
3.0116698490797,6.59095748714045,5.96610855735389,5.9813,4.35264,4.17119
3.0059387687353,6.58955537772125,5.97205898198018,5.9813,4.35264,4.17119
2.98952728481768,6.58626236725556,5.97102150115821,5.9813,4.35264,4.17119
2.98296143183529,6.58331597661081,5.96889056760324,6.21334,4.34164,4.24817
3.02102753184755,6.5490003222588,5.96882016192,6.21334,4.34164,4.24817
3.00745394782929,6.51664004890981,5.96709235089981,6.21334,4.34164,4.24817
3.01674078765027,6.48236902677639,5.96274672874702,6.21334,4.34164,4.24817
3.02113105007328,6.42684852507226,5.95624065131096,6.31562,4.37793,4.39773
3.03734453981323,6.41593562519906,5.94750965730278,6.31562,4.37793,4.39773
3.0064983362455,6.47459582426957,5.93628168507655,6.31562,4.37793,4.39773
2.99124501471888,6.48457902867993,5.9219139772576,6.31562,4.45601,4.42962
2.97509295623778,6.47042162759852,5.9048236597296,6.16496,4.45601,4.42962
2.96847802408244,6.49091773566396,5.88480565933344,6.16496,4.45601,4.42962
2.95578350973373,6.51770810438489,5.86241204825905,6.16496,4.45601,4.42962
2.95363653417175,6.52065395277004,5.83701733653393,6.04069,4.37573,4.39663
2.96867417276879,6.51640000014024,5.80994003403454,6.04069,4.37573,4.39663
3.01277339797964,6.5537707099281,5.78106709594267,6.04069,4.37573,4.39663
3.09812266205264,6.55261470686065,5.75126150878662,6.04069,4.37573,4.39993
3.18053418184215,6.53875296221454,5.71997223745327,5.989,4.21738,4.39993
3.30450113636246,6.5531620177335,5.68925427521601,5.989,4.21738,4.39993
2.91046431059184,6.51765859460303,5.65881125480801,5.989,4.21738,4.39993
2.48094011646641,6.47838205863695,5.62952741247538,5.989,4.18548,4.43512
2.84411144273611,6.43999854152459,5.60190754284013,5.9824,4.18548,4.43512
3.18253379051621,6.39534828112943,5.57607141328716,5.9824,4.18548,4.43512
3.10094691952763,6.34463026704679,5.5531477225842,5.9824,4.18548,4.43512
3.04146298619331,6.34749315876833,5.53312279867101,5.9901,4.26686,4.41972
3.04893894901307,6.40195494067723,5.51641339510178,5.9901,4.26686,4.41972
3.03694621047753,6.39170695282717,5.50275528579521,5.9901,4.26686,4.41972
3.00199816984664,6.38322337757388,5.49281691020452,5.9901,4.26686,4.36254
2.98797423521467,6.40655728796661,5.48571417152939,5.9912,4.34934,4.36254
2.98388324646881,6.42618376774113,5.48147179969879,5.9912,4.34934,4.36254
2.97745760915738,6.41429768084979,5.47958364427392,5.9912,4.34934,4.36254
2.99287231244506,6.44008341946901,5.48047651084891,5.9978,4.37463,4.28776
2.991936587506,6.45586473303136,5.48309017529489,5.9978,4.37463,4.28776
2.99745186287049,6.45178006374408,5.48730006739953,5.9978,4.37463,4.28776
3.00705564737686,6.44204126310626,5.49243388138094,5.9978,4.37463,4.22837
3.01993747719697,6.44459469362672,5.49847177951763,6.0121,4.36694,4.22837
3.00732054819759,6.40860747380321,5.50530155876273,6.0121,4.36694,4.22837
3.02174933055275,6.37166024650532,5.51234915497783,6.0121,4.36694,4.22837
2.99107581717057,6.33423039235794,5.51901809935341,6.0121,4.34824,4.22067
2.98169939443913,6.28900652326285,5.5256048488675,6.0132,4.34824,4.22067
3.00044378550936,6.24637579536095,5.53221638194908,6.0132,4.34824,4.22067
3.00305925418513,6.28120392307797,5.53829058333482,6.0132,4.34824,4.22067
3.01539989721602,6.31600317834793,5.54842010105079,6.0022,4.33174,4.23387
3.0124494814732,6.31359339126611,5.55789755544475,6.0022,4.33174,4.23387
3.01256829668685,6.31568099649728,5.56098201734346,6.0022,4.33174,4.23387
3.00825048715047,6.34682648433556,5.56516322367099,6.0022,4.33174,4.23387
3.00318476170415,6.3663550382615,5.57353584388419,6.0,4.33724,4.21518
2.98657596245164,6.35476416861691,5.58213104759051,6.0,4.33724,4.21518
2.98260724756711,6.4028621527911,5.59116382487208,6.0,4.33724,4.21518
2.98968540403328,6.41791612648897,5.60118267108805,6.0,4.34274,4.18218
3.01296929234252,6.42120794083368,5.61205429449537,6.0132,4.34274,4.18218
3.0129692499266,6.42730141434856,5.62363449370557,6.0132,4.34274,4.18218
3.01358891684473,6.42144032360615,5.63591486485155,6.0132,4.34274,4.18218
3.00119438647156,6.39305907185723,5.64870875368979,6.01979,4.32955,4.14479
3.00864397847205,6.36684209478013,5.66125370897663,6.01979,4.32955,4.14479
3.01804715380005,6.33813287776877,5.6742237110156,6.01979,4.32955,4.14479
2.99589583398645,6.30033869052239,5.6867050454967,6.01979,4.32955,4.114
2.97693563109822,6.2822660160763,5.69879109571448,6.03189,4.34494,4.114
3.00150945597745,6.34450996525958,5.71007792536149,6.03189,4.34494,4.114
3.00385711505686,6.36102417589702,5.72085558284684,6.03189,4.34494,4.114
3.00224384871421,6.35890411836931,5.73027608068219,6.03189,4.39113,4.08871
3.01394901044357,6.37673246774658,5.73883841619124,6.04069,4.39113,4.08871
2.99761258832891,6.40889683144918,5.74623383507452,6.04069,4.39113,4.08871
3.01002575500328,6.40812233030821,5.75259597975598,6.04069,4.39113,4.08871
3.00627551593912,6.41475242560749,5.75706240262477,6.0187,4.41312,4.09641
3.00115767112457,6.45589062816372,5.76038197415508,6.0187,4.41312,4.09641
2.99627339437513,6.46263188177011,5.76273763853029,6.0187,4.41312,4.09641
3.01167764193531,6.44192507852276,5.76356433586197,6.0187,4.41312,4.15359
3.00048364573833,6.4586464200317,5.76372886213802,5.9989,4.41092,4.15359
2.99522265458314,6.43164823082604,5.76294199584571,5.9989,4.41092,4.15359
3.00925166639445,6.39716188587673,5.76173115300802,5.9989,4.41092,4.15359
3.00948246956451,6.36359586572908,5.76000490217793,5.96591,4.43842,4.22837
2.99561572775363,6.32669581190924,5.75790343912501,5.96591,4.43842,4.22837
2.98233684849143,6.27927026914176,5.75534495778397,5.96591,4.43842,4.22837
3.00822626839216,6.29555542207869,5.75325564643658,5.96591,4.43842,4.23167
2.99717268004467,6.35500214286927,5.75140364470591,5.96151,4.45161,4.23167
3.00883235876028,6.35478355711918,5.74967668679831,5.96151,4.45161,4.23167
3.00668712139097,6.35586305626078,5.7475888456047,5.96151,4.45161,4.23167
3.01649624321794,6.39063428535197,5.74560428748182,5.96151,4.35814,4.19318
3.00791518960371,6.42051701422424,5.74370554806052,5.9857,4.35814,4.19318
3.01165467169057,6.42306386130129,5.74170741390546,5.9857,4.35814,4.19318
3.01292022786694,6.45289631296196,5.73921195862819,5.9857,4.35814,4.19318
3.00339592310303,6.49200542938153,5.73633802162964,5.9956,4.26356,4.1404
2.96486863194417,6.4935124729477,5.73331930464771,5.9956,4.26356,4.1404
2.99747478773406,6.49165148698107,5.72914102203856,5.9956,4.26356,4.1404
2.99332152371348,6.50940632711812,5.724262367612,5.9956,4.26356,4.1404
2.98221272613974,6.48181529088582,5.71775453100598,5.9978,4.30095,4.1316
3.01679444819071,6.45464355378225,5.71018367726872,5.9978,4.30095,4.1316
3.01065839118787,6.42529663599548,5.70043835832649,5.9978,4.30095,4.1316
3.02173479318612,6.38799178496334,5.68902995793509,5.9978,4.40103,4.17009
3.01570135724934,6.34515517159642,5.675170034566,6.0,4.40103,4.17009
3.00658152594603,6.40346227138828,5.65941770970783,6.0,4.40103,4.17009
3.00057440533058,6.43192925908811,5.64126395010364,6.0,4.40103,4.17009
3.02147766552148,6.4269304244223,5.62042406863737,5.9967,4.44941,4.20968
3.0085681648578,6.43147402054846,5.59707669745418,5.9967,4.44941,4.20968
2.98124730323357,6.46296348209714,5.57166575080796,5.9967,4.44941,4.20968
2.96489819277257,6.48062137811694,5.54358320556517,5.9967,4.44941,4.20528
2.98369458261618,6.471185151413,5.51298891392263,5.9978,4.42082,4.20528
2.99300995220973,6.51118603724722,5.48044631710678,5.9978,4.42082,4.20528
3.01605685583452,6.52411002305719,5.44559174748396,5.9978,4.42082,4.20528
3.0242927175059,6.51830547165182,5.40896673244568,5.9978,4.38783,4.15579
3.01731571806955,6.51827473631406,5.37040809753813,6.0187,4.38783,4.15579
3.03140928543674,6.50829994649519,5.33068720695642,6.0187,4.38783,4.15579
2.9982360047991,6.47236862020568,5.289378773405,6.0187,4.38783,4.15579
2.99900656462599,6.43773094856718,5.24710959198514,6.03739,4.37243,4.1349
2.98958447063219,6.40191019046087,5.20371188946252,6.03739,4.37243,4.1349
3.00022494428075,6.34705288086575,5.16007462551938,6.03739,4.37243,4.1349
2.97438487721679,6.33379548234013,5.11554678488729,6.03739,4.37243,4.16789
3.00720098198751,6.39085792433107,5.07161011953851,6.03079,4.36144,4.16789
3.00137927185057,6.39759819265718,5.02796894728845,6.03079,4.36144,4.16789
3.01532476670738,6.38118135158879,4.98497340792485,6.03079,4.36144,4.16789
3.01033890852419,6.40136179005117,4.94339360414258,6.03079,4.37463,4.20418
3.00006004739457,6.42925219709601,4.90312885547473,6.03079,4.37463,4.20418
2.99754688463761,6.43530291102838,4.86456476886319,6.03079,4.37463,4.20418
3.01151454349037,6.43405854760804,4.82735467152624,6.03079,4.37463,4.22507
2.99301959112743,6.47402160555822,4.79226919326685,6.03519,4.37023,4.22507
3.00473698432124,6.47445326555857,4.75884555801505,6.03519,4.37023,4.22507
3.00146013054034,6.45990346079438,4.72794994478721,6.03519,4.37023,4.22507
3.00326636396497,6.47259483039713,4.69921823819715,6.03519,4.31745,4.24597
3.00960319607997,6.43666933016989,4.6728424524258,6.0187,4.31745,4.24597
3.0105032637487,6.39541452916902,4.64878327228455,6.0187,4.31745,4.24597
3.02032963646663,6.35455476267382,4.62818646664838,6.0187,4.31745,4.24597
2.99659447961568,6.30593031476483,4.61071843166,5.9956,4.30095,4.24817
2.99191277044701,6.25530525927975,4.59728259162653,5.9956,4.30095,4.24817
2.96923553009392,6.25263742467625,4.58739975475735,5.9956,4.30095,4.24817
2.99027081567849,6.29849136695131,4.580660243936,5.9956,4.30095,4.24817
2.99771354052423,6.27551663648044,4.57814782569703,5.9901,4.35044,4.25916
3.0132227916801,6.26037244801545,4.57898393704729,5.9901,4.35044,4.25916
3.01108510045701,6.27351556077437,4.58414149406071,5.9901,4.35044,4.25916
3.03177476990652,6.28617605578451,4.59246724705244,5.9901,4.35044,4.25806
3.02342861408299,6.26641323690945,4.6043695467206,5.9868,4.35044,4.25806
3.01808579738663,6.28025674345652,4.61925537439047,5.9868,4.35044,4.25806
3.00229449328652,6.28946524688752,4.63864736790357,5.9868,4.35044,4.25806
2.98072969504252,6.27464429305847,4.66107661319257,5.9923,4.31415,4.28226
3.00140292606856,6.25807713844456,4.68736383432393,5.9923,4.31415,4.28226
2.98324963315768,6.24503014245247,4.71682418262551,5.9923,4.31415,4.28226
2.98074023252501,6.20020884805528,4.74927502623435,5.9923,4.31415,4.27126
2.96765588213572,6.15634257359888,4.78426515770795,6.0066,4.32515,4.27126
2.98853478949343,6.11184818510056,4.82207908154431,6.0066,4.32515,4.27126
3.01253253713114,6.06271134664971,4.86222413525039,6.0066,4.32515,4.27126
3.05192358683789,6.01527456773448,4.90440518746437,6.0066,4.37353,4.15139
3.04522937657735,6.04862012450702,4.94847156184815,6.0165,4.37353,4.15139
3.04354935732644,6.0777736160801,4.99418590441536,6.0165,4.37353,4.15139
2.99096789347462,6.06817858416287,5.04083687893108,6.0165,4.37353,4.15139
2.96699564738321,6.07275442332329,5.08849076303887,6.0099,4.37023,4.1305
2.98839522339907,6.10423073292366,5.13733792738186,6.0099,4.37023,4.1305
2.9920616733969,6.12786792465462,5.18544964451377,6.0099,4.37023,4.1305
3.00597317728323,6.11641477994187,5.23367567660009,6.0099,4.37023,4.17669
2.96245667033876,6.16813922572922,5.28126429722144,6.0033,4.31085,4.17669
2.96780040152636,6.1881253284774,5.3284682467333,6.0033,4.31085,4.17669
3.01065209528456,6.19408222566211,5.3747682740159,6.0033,4.31085,4.17669
3.06022653078663,6.20364848445039,5.41984160053906,5.97471,4.27676,4.22397
3.02929821131155,6.20144080257018,5.46306097894704,5.97471,4.27676,4.22397
3.03428757717885,6.17861976257104,5.50471923439394,5.97471,4.27676,4.22397
3.00033958479408,6.15803550584121,5.54476685179263,5.97471,4.27676,4.21078
2.98286148845169,6.13606061983248,5.58287022177165,5.97031,4.28666,4.21078
2.96747144011751,6.10511412482416,5.61861609485501,5.97031,4.28666,4.21078
2.97863232335355,6.09414987068767,5.65098073422815,5.97031,4.28666,4.21078
3.00365116260804,6.16421240261892,5.68147641480912,5.97031,4.33944,4.1404
3.0028727403825,6.18710098724847,5.7095040929803,5.97691,4.33944,4.1404
3.02325250295611,6.19035996029483,5.73602796849137,5.97691,4.33944,4.1404
3.02349697672101,6.21433645430586,5.75996237362251,5.97691,4.33944,4.1404
3.00217493504308,6.25521537618296,5.78247954515255,5.9824,4.36144,4.19648
3.01617808930262,6.26307129061936,5.80328678628759,5.9824,4.36144,4.19648
3.00467148085135,6.2793621089525,5.82264089972691,5.9824,4.36144,4.19648
2.94822421031293,6.32971321354545,5.84023984173829,5.9824,4.36144,4.19648
2.99039131266804,6.34739609563182,5.85698501239354,5.9857,4.35154,4.22177
3.01343102924211,6.33510294939396,5.87174664191319,5.9857,4.35154,4.22177
3.02522250972349,6.35942391548469,5.88527168651624,5.9857,4.35154,4.22177
3.01811181251153,6.33877287852931,5.89756354721684,5.9857,4.34604,4.1063
3.00144501785754,6.31375606731723,5.90876374203917,5.9813,4.34604,4.1063
3.00019967060537,6.28862199117221,5.91980039107212,5.9813,4.34604,4.1063
3.01583658308654,6.26277593950143,5.92968607508111,5.9813,4.34604,4.1063
3.03076686358676,6.22439066394338,5.93886850726696,5.96921,4.33284,4.1184
2.99908738707636,6.24764872897316,5.94777557273291,5.96921,4.33284,4.1184
2.95788982219398,6.31521817805781,5.95706384581638,5.96921,4.33284,4.1184
2.93248082453325,6.32107697544549,5.96532457101831,5.96921,4.33284,4.20528
2.99038766348559,6.32582299673926,5.97351486452126,5.96591,4.31085,4.20528
3.02408590635476,6.36645659607961,5.98069580769576,5.96591,4.31085,4.20528
3.06137677332707,6.40350793031027,5.98705402193603,5.96591,4.31085,4.20528
3.03112642591205,6.40961572990345,5.99216613026445,5.96591,4.27896,4.17889
3.04367677874898,6.4469298327345,5.99618598685954,5.97361,4.27896,4.17889
3.01003387798069,6.48936875905139,5.99903648255644,5.97361,4.27896,4.17889
2.97186187386537,6.48730624644761,6.00061229363715,5.97361,4.27896,4.17889
2.96720149596361,6.48732098994623,6.00095356382674,5.96921,4.28336,4.1085
2.98675861088487,6.50362601627967,5.99973692379879,5.96921,4.28336,4.1085
2.97704638615146,6.4743796856224,5.99678536152962,5.96921,4.28336,4.1085
3.00772831569942,6.44528715331108,5.99249896362126,5.96921,4.28336,4.16679
2.98944407142725,6.41299439455628,5.98706279161085,5.96151,4.33394,4.16679
3.00340479505203,6.37456676023183,5.97917431554122,5.96151,4.33394,4.16679
3.02543162345445,6.3260642180754,5.9702855204023,5.96151,4.33394,4.16679
3.02389966668406,6.38264301580806,5.95998340682224,5.96371,4.39003,4.24597
3.02990454772087,6.40650062451896,5.94874496868602,5.96371,4.39003,4.24597
3.02390471116626,6.39592576282968,5.93633810038538,5.96371,4.39003,4.24597
3.00399017549063,6.39758094080143,5.92303134694007,5.96371,4.39003,4.22177
2.97733454260721,6.42710971573136,5.90866208172554,5.96811,4.40652,4.22177
2.98886792037017,6.44250247919568,5.89350129638965,5.96811,4.40652,4.22177
2.97942666812896,6.43012523366248,5.87818304566976,5.96811,4.40652,4.22177
2.99194109225578,6.47621423512,5.86279609426039,5.96811,4.36474,4.15909
2.99704093672138,6.4831466292025,5.8472622980351,5.9857,4.36474,4.15909
3.00989346415493,6.47780775030995,5.83122072817099,5.9857,4.36474,4.15909
3.00894649283235,6.48225444270527,5.81579785836621,5.9857,4.36474,4.15909
3.02494154168503,6.47465268953811,5.80061471221573,6.0011,4.32295,4.15689
3.01224569964951,6.44096288461215,5.78687714397567,6.0011,4.32295,4.15689
2.99474430074713,6.40952427382863,5.77319126543318,6.0011,4.32295,4.15689
3.00367325556356,6.37678060741186,5.76039617352758,6.0011,4.32295,4.15689
3.00289159486758,6.32502234647207,5.74832543461696,6.0022,4.31085,4.19318
3.00114145679787,6.3151521060009,5.73657332324867,6.0022,4.31085,4.19318
2.99565838181572,6.37996386687053,5.72516683958648,6.0022,4.31085,4.19318
3.01018171790814,6.38831772413655,5.71497831229749,6.0022,4.30645,4.23827
2.99621812568643,6.3749960105065,5.70517266543183,5.9934,4.30645,4.23827
3.01085642587562,6.40016705949069,5.69676800272728,5.9934,4.30645,4.23827
3.0030255955673,6.43066122830623,5.68829351280956,5.9934,4.30645,4.23827
3.00869279853058,6.43742156477451,5.68073040449534,5.9901,4.30865,4.26686
2.98693166636771,6.43619055405488,5.67393291193147,5.9901,4.30865,4.26686
2.98330422772354,6.48200089150391,5.66756796414832,5.9901,4.30865,4.26686
2.99844915591399,6.48095150515367,5.66202983744213,5.9901,4.30865,4.28116
3.0200858140009,6.4700212419593,5.65674804123461,5.9945,4.30535,4.28116
3.02055536345676,6.49041398781439,5.65199362154041,5.9945,4.30535,4.28116
3.01202796051072,6.45948318162457,5.64715441019452,5.9945,4.30535,4.28116
3.00538657840875,6.42478567088001,5.64295187620303,5.9945,4.29655,4.26686
2.99454347249005,6.39074924439443,5.63857641004221,6.0,4.29655,4.26686
3.01248646348119,6.35206314962502,5.63495539143477,6.0,4.29655,4.26686
2.98761052870321,6.30546814736129,5.63154836135575,6.0,4.29655,4.26686
2.98769961666131,6.31716720913285,5.62890715364304,5.9945,4.29326,4.24377
2.99923006374856,6.37785206355368,5.62682538640181,5.9945,4.29326,4.24377
2.99954142156254,6.36405939467039,5.62615544355654,5.9945,4.29326,4.24377
3.00276829362688,6.36598482817365,5.62612706967599,5.9945,4.31085,4.22507
3.02605391951398,6.39745560449083,5.62673872050492,5.9923,4.31085,4.22507
3.01558188757072,6.42544243279702,5.62853073033738,5.9923,4.31085,4.22507
3.00981751361397,6.41821841560173,5.63139087077086,5.9923,4.31085,4.22507
2.97568355874657,6.45175454119122,5.63555130421146,6.0022,4.31855,4.20748
3.00440017135421,6.47522907327786,5.64077591583955,6.0022,4.31855,4.20748
2.99901911383204,6.47315066552939,5.64725296766095,6.0022,4.31855,4.20748
3.00316823295048,6.47502587683101,5.65465740499283,6.0022,4.31855,4.20198
3.01507344975678,6.47471216328559,5.66344680465205,5.9978,4.30535,4.20198
2.99535472457821,6.44116339254877,5.67303442035824,5.9978,4.30535,4.20198
3.00789457173667,6.40774070303842,5.68417564498712,5.9978,4.30535,4.20198
2.99999332572841,6.37194248704682,5.69585755465829,5.9978,4.30095,4.19868
3.00387552745849,6.32810176875502,5.70854183237332,5.9824,4.30095,4.19868
2.98750974295002,6.28263295487959,5.72168624560012,5.9824,4.30095,4.19868
3.01239663496538,6.32655239312179,5.73594725477928,5.9824,4.30095,4.19868
2.99808036557361,6.35070749593218,5.75103222548336,5.97691,4.29435,4.19758
3.01136433864465,6.34030299094448,5.76640463205545,5.97691,4.29435,4.19758
3.01392109846417,6.34417787037696,5.78187691541625,5.97691,4.29435,4.19758
3.01756405875878,6.371659269468,5.79719478012027,5.97691,4.29435,4.19758
2.98280507027762,6.3879176952499,5.81259012962656,5.9824,4.29545,4.19868
2.98428255160822,6.37155449532211,5.82730002590042,5.9824,4.29545,4.19868
2.9988103184762,6.41399344328365,5.84167612532223,5.9824,4.29545,4.19868
3.00768158692625,6.42375424505328,5.8553230786753,5.9824,4.30755,4.19648
3.01758616821602,6.41902587503639,5.86823092426198,5.9912,4.30755,4.19648
3.01244693145939,6.42323921228777,5.87985946574445,5.9912,4.30755,4.19648
2.99933623759417,6.40836678539018,5.89094478555808,5.9912,4.30755,4.19648
3.00161202450536,6.37476070178931,5.90068856227332,5.9978,4.32075,4.19428
3.00244523454377,6.34366591113387,5.90967532862992,5.9978,4.32075,4.19428
2.99216838762701,6.31040553598167,5.9168532057489,5.9978,4.32075,4.19428
3.00747456615381,6.26796461603854,5.92324878316619,5.9978,4.32075,4.20198
2.98765773029046,6.24539590706205,5.92824946657286,5.9945,4.32955,4.20198
3.00576798740088,6.31067332005527,5.93232022139561,5.9945,4.32955,4.20198
2.99513931256436,6.31822348791608,5.93558644569364,5.9945,4.32955,4.20198
3.02375692459905,6.31217439091034,5.93722856461593,5.9945,4.32735,4.21298
3.02319983184261,6.33213410822032,5.93816977835973,5.989,4.32735,4.21298
3.00097829827204,6.36253708762509,5.93796802574539,5.989,4.32735,4.21298
2.99043957959221,6.3596644983816,5.93706863895897,5.989,4.32735,4.21298
2.9955121852768,6.36692280804292,5.93512536024199,5.9879,4.33504,4.21957
2.99198268279331,6.40797073168761,5.93271100479438,5.9879,4.33504,4.21957
3.00045313460738,6.40900563870864,5.92928889612578,5.9879,4.33504,4.21957
3.01970587056264,6.3889672215555,5.92528435090201,5.9879,4.35374,4.23057
3.00280785936442,6.40862234792665,5.92064108460692,5.9846,4.35374,4.23057
3.0057700154653,6.38014073307619,5.91614082644656,5.9846,4.35374,4.23057
2.99323679281495,6.34614290201115,5.91069735402338,5.9846,4.35374,4.23057
3.00633593302352,6.31336199707907,5.9049918227916,5.9846,4.37243,4.24817
2.99590935272093,6.27888990503679,5.89916912769197,5.9846,4.37243,4.24817
3.00944407781215,6.22905404005942,5.89331342509412,5.9846,4.37243,4.24817
3.00120876821311,6.25056449478137,5.88808414674125,5.9846,4.37243,4.25916
3.00733430454173,6.31246077215638,5.88302302999494,5.98021,4.39333,4.25916
3.00184065704976,6.3111828847329,5.87849310989801,5.98021,4.39333,4.25916
3.01784173726783,6.31558683619576,5.87490271399533,5.98021,4.39333,4.25916
3.00217061238176,6.35342185385034,5.87251915275904,5.98021,4.42082,4.25916
2.9846980999605,6.38355188572383,5.87129712061956,5.96921,4.42082,4.25916
3.00174131766459,6.38422831634994,5.87221841138769,5.96921,4.42082,4.25916
2.99779665827393,6.42031571533541,5.87409311426155,5.96921,4.42082,4.25916
3.00765353796806,6.46174681250701,5.87821373307851,5.97251,4.41752,4.24597
3.01092490172103,6.46381007508,5.88395742656072,5.97251,4.41752,4.24597
3.00014686036225,6.47094977986712,5.89116856081938,5.97251,4.41752,4.24597
2.99523680324623,6.49418439846889,5.89980440710439,5.97251,4.41752,4.24597
3.00206164576525,6.47366099563856,5.91010068951948,6.0055,4.33614,4.17449
3.01056463396096,6.45498833886499,5.92144231123509,6.0055,4.33614,4.17449
3.02567988885454,6.43560881576423,5.93397773333844,6.0055,4.33614,4.17449
3.00171224008692,6.41019739595229,5.94821991204383,6.0055,4.27236,4.1371
3.00554886530934,6.37542423578719,5.96354988590424,6.0077,4.27236,4.1371
2.99444808929148,6.45250327064296,5.98007310028661,6.0077,4.27236,4.1371
2.98945179527401,6.4933665109362,5.99645882954636,6.0077,4.27236,4.1371
2.99412031335333,6.50114622816523,6.01268087966347,6.0176,4.26796,4.22727
2.97248508673309,6.52320515571325,6.02822761416119,6.0176,4.26796,4.22727
2.99195611885101,6.57007788284123,6.04312374233372,6.0176,4.26796,4.22727
3.01132329540513,6.60214549095035,6.05657591467557,6.0176,4.26796,4.31525
3.02675687689998,6.60516382473553,6.06898758630736,6.02639,4.18658,4.31525
3.0393460847176,6.66126886135175,6.07961281127888,6.02639,4.18658,4.31525
3.04614554421205,6.6828301002582,6.08824919574035,6.02639,4.18658,4.31525
3.00753165634976,6.68680943895832,6.09434493319092,6.02639,4.16019,4.30755
3.01481206007065,6.70109484600822,6.09882987457297,6.0066,4.16019,4.30755
2.98120980935563,6.69658056117349,6.10072667984963,6.0066,4.16019,4.30755
2.92759518103086,6.66621386081971,6.09999292855592,6.0066,4.16019,4.30755
2.93627962173531,6.63516494205703,6.09706075656935,5.9934,4.24817,4.27896
2.98575508022932,6.60167792441669,6.09163602054381,5.9934,4.24817,4.27896
3.00198896081645,6.5447599456659,6.08440761302848,5.9934,4.24817,4.27896
3.04361093065254,6.53069997050324,6.07520416541469,5.9934,4.35264,4.25916
3.09741035702013,6.59102702471135,6.0643211889989,5.9978,4.35264,4.25916
3.07163336889438,6.58816692776262,6.05201746520071,5.9978,4.35264,4.25916
3.02380626868953,6.56739765978537,6.03854434779387,5.9978,4.35264,4.25916
2.95904401440924,6.58452205434015,6.02415491890544,6.0,4.39773,4.20858
2.94080796190581,6.60490901167084,6.00955879483039,6.0,4.39773,4.20858
2.95371532354446,6.59883973445494,5.99418491846451,6.0,4.39773,4.20858
2.97601436271432,6.58951502613941,5.97918409384463,6.0,4.39773,4.17449
3.00104725867036,6.62385977885442,5.96439729406439,5.9978,4.37793,4.17449
3.03199285915963,6.61465506964808,5.95014290875296,5.9978,4.37793,4.17449
3.02862595810222,6.59737595993316,5.93669983685855,5.9978,4.37793,4.17449
3.01333289737232,6.6159405888001,5.92388193437226,5.9978,4.34164,4.21408
3.00914812710382,6.58080308495206,5.9124191767477,5.9879,4.34164,4.21408
3.02804638958003,6.5439386016627,5.90172843649803,5.9879,4.34164,4.21408
2.9947092903116,6.50913625682241,5.89231459789395,5.9879,4.34164,4.21408
2.99247550173845,6.46812532720491,5.88419703533805,5.9868,4.31525,4.24817
2.98821799722859,6.42004075837307,5.87722536922167,5.9868,4.31525,4.24817
2.98921421564644,6.4365413181741,5.87037651698846,5.9868,4.31525,4.24817
3.00965737993144,6.50325074709503,5.86491885379518,5.9868,4.31525,4.24817
3.00202206002725,6.49699029744889,5.86024107278536,5.9868,4.30865,4.22617
3.0128673109187,6.50461095111911,5.85592358403746,5.9868,4.30865,4.22617
3.0121693744069,6.54122533561696,5.8516954245279,5.9868,4.30865,4.22617
3.0033359107015,6.56950439792219,5.84879150892795,5.9868,4.36804,4.17669
2.99527315205282,6.56400030316415,5.84636544464214,5.9857,4.36804,4.17669
2.99272495946283,6.60101829798569,5.84406140754869,5.9857,4.36804,4.17669
2.98918030556002,6.62596959898736,5.84298912145793,5.9857,4.36804,4.17669
3.01546864149393,6.62466669629717,5.84279342787572,5.9835,4.43622,4.16459
3.00894099288553,6.63780021121178,5.84269809476782,5.9835,4.43622,4.16459
3.00745412506724,6.64288672239986,5.84284430691705,5.9835,4.43622,4.16459
2.99756830794075,6.61386609420095,5.84277202948445,5.9835,4.43622,4.15909
3.01025688730137,6.5859259656564,5.84315109798659,5.9901,4.41972,4.15909
3.01683190525661,6.55509043740454,5.84364044603918,5.9901,4.41972,4.15909
2.99156220411508,6.51609442071874,5.84458238227392,5.9901,4.41972,4.15909
3.00979020899751,6.47291328817014,5.84659765646202,5.9901,4.34274,4.18328
3.00686460214015,6.5207764121518,5.84871308668649,5.9934,4.34274,4.18328
2.98217928389208,6.55880164864669,5.85144084370815,5.9934,4.34274,4.18328
2.97717225536492,6.55640641704431,5.85405549800554,5.9934,4.34274,4.18328
3.01365566288565,6.57031214919929,5.85717913060911,5.9945,4.28006,4.21848
3.01191273458545,6.60489653898049,5.86049277331324,5.9945,4.28006,4.21848
3.01817879719825,6.62176038603558,5.86396498097023,5.9945,4.28006,4.21848
3.00058754776759,6.61455902324912,5.86714207421466,5.9945,4.28666,4.21188
3.02052534578187,6.66207840847565,5.8704465338312,5.9835,4.28666,4.21188
2.999796042772,6.67784611971421,5.87419470613662,5.9835,4.28666,4.21188
2.97711634679512,6.68035861659053,5.87779329027976,5.9835,4.28666,4.21188
3.00086255462616,6.7030720539173,5.88073404210005,5.97031,4.35814,4.20088
3.01722791467075,6.6973862184972,5.88354151075892,5.97031,4.35814,4.20088
2.99254768766551,6.67453378971761,5.88570420526972,5.97031,4.35814,4.20088
3.01030398923527,6.65462333882706,5.88710923866439,5.97031,4.35814,4.17999
2.98901386438493,6.63197474254512,5.88783144961509,5.9824,4.36694,4.17999
3.00530881265615,6.59548288843057,5.88802336008866,5.9824,4.36694,4.17999
3.0026577803385,6.58359436978539,5.88814657047821,5.9824,4.36694,4.17999
3.02451093215439,6.6628415399992,5.88747370752561,5.9824,4.33724,4.1173
3.03194364254798,6.68508014883792,5.88595697207042,5.989,4.33724,4.1173
2.99371897676408,6.69063000341857,5.8843751444553,5.989,4.33724,4.1173
3.0012960460638,6.72401667127613,5.88310570153143,5.989,4.33724,4.1173
2.96788727255323,6.76157748726426,5.88176800007414,5.9868,4.33065,4.15689
2.97206783293619,6.76058021758911,5.87997616677072,5.9868,4.33065,4.15689
2.99920565617452,6.77739041432836,5.87850218201468,5.9868,4.33065,4.15689
2.99917127701602,6.82277160614007,5.87745327410685,5.9868,4.33065,4.15689
3.00394178573484,6.82809797008312,5.87668023957273,5.9868,4.31415,4.29985
3.04583988768149,6.81384353431389,5.8755752249077,5.9868,4.31415,4.29985
3.05124103580202,6.83949563604005,5.8754591827938,5.9868,4.31415,4.29985
3.02354979628493,6.81176587961848,5.8758631106525,5.9868,4.27126,4.29216
2.97775842717315,6.77862722311926,5.87661036460072,5.9901,4.27126,4.29216
2.98634981086114,6.74514657464286,5.87740566507435,5.9901,4.27126,4.29216
2.97297557521616,6.70569423134842,5.87931058098832,5.9901,4.27126,4.29216
2.97572263560692,6.65251085493726,5.88104856809034,6.0055,4.27346,4.16899
2.99523622920951,6.67057690575525,5.88275638034015,6.0055,4.27346,4.16899
3.02476467356823,6.72593111509352,5.88458705014706,6.0055,4.27346,4.16899
3.01768992758012,6.71963545619311,5.88729266311151,6.0055,4.27346,4.114
2.98732919158191,6.71815239146113,5.89008079930579,5.9912,4.34164,4.114
2.98828692332567,6.74735021686886,5.89331033776284,5.9912,4.34164,4.114
3.04093799472086,6.76422134524042,5.89650287879356,5.9912,4.34164,4.114
3.041046469594,6.75036701911816,5.90020672388348,5.9912,4.41862,4.15139
2.99200895780883,6.77571785384026,5.9040684288337,5.96921,4.41862,4.15139
2.98256352238116,6.79936324234067,5.90850524632039,5.96921,4.41862,4.15139
2.99000461467897,6.78343019599662,5.91383574723595,5.96921,4.41862,4.15139
2.99748760985357,6.77519153809116,5.91931935920748,5.97031,4.38673,4.20528
3.00345580654823,6.78573944560843,5.92612247274957,5.97031,4.38673,4.20528
2.99014737492634,6.74725656349955,5.93302327487702,5.97031,4.38673,4.20528
3.02010236853442,6.71050098960688,5.94055188169198,5.97031,4.30755,4.19318
3.01661136387378,6.67163932397394,5.94892675787462,5.9857,4.30755,4.19318
2.99508744331846,6.62180356912963,5.95821140155229,5.9857,4.30755,4.19318
3.00378818991386,6.57751050340485,5.96780325355434,5.9857,4.30755,4.19318
3.01313950791655,6.62974674711265,5.97809705524801,6.0077,4.22177,4.16349
2.97469385089982,6.65177821591762,5.98897077523903,6.0077,4.22177,4.16349
2.99415030142883,6.64097948593774,6.00029208469971,6.0077,4.22177,4.16349
3.00032298332902,6.65109779170744,6.01108719300849,6.0077,4.22177,4.15689
3.03059216097298,6.67831992971509,6.02151842905835,6.0099,4.19868,4.15689
3.0230096970398,6.68886661851657,6.03147499234955,6.0099,4.19868,4.15689
2.99790946085949,6.67408010672546,6.04049185377272,6.0099,4.19868,4.15689
2.99610989280684,6.71335643756498,6.04902168528206,6.0099,4.26246,4.18768
2.99490871817191,6.71465467933037,6.05650352851107,5.9945,4.26246,4.18768
2.99386973315457,6.70221031899746,6.06325959142869,5.9945,4.26246,4.18768
2.9986812603297,6.70525633874146,6.06863681232865,5.9945,4.26246,4.18768
3.0060046364152,6.68850273598038,6.07223118089152,5.98021,4.31195,4.23387
3.01095736545749,6.64589005471753,6.07473657346729,5.98021,4.31195,4.23387
3.02001393715062,6.60446490039629,6.07662496220787,5.98021,4.31195,4.23387
2.9875931103017,6.55930752634221,6.07646498666226,5.98021,4.31195,4.23387
2.99609184595085,6.49114994281475,6.07509019996644,5.9879,4.32185,4.24487
2.99577083670194,6.47522873234001,6.07234947723033,5.9879,4.32185,4.24487
3.01360310703059,6.52736757744067,6.06848449739154,5.9879,4.32185,4.24487
3.00394549459182,6.51994900836815,6.06411100654328,5.9879,4.30535,4.22947
2.998304930376,6.49579173162888,6.05827653398883,6.0055,4.30535,4.22947
3.00740382654672,6.50920096632582,6.0522373115708,6.0055,4.30535,4.22947
3.01745272550319,6.52453366536199,6.04582056253655,6.0055,4.30535,4.22947
3.00105804280253,6.51567767344794,6.03892990871912,6.0088,4.28996,4.22067
2.98493290186363,6.50583537079787,6.03170845133745,6.0088,4.28996,4.22067
3.00200649787558,6.53527681171172,6.02522059445637,6.0088,4.28996,4.22067
2.99999903808833,6.52522310911961,6.01804521479866,6.0088,4.28996,4.23277
3.01884975863062,6.506863167824,6.01142258693161,6.0044,4.27236,4.23277
2.99215683422547,6.51962415901678,6.00448872785142,6.0044,4.27236,4.23277
3.01458843897599,6.48252323043669,5.99821396200475,6.0044,4.27236,4.23277
3.00986467146712,6.44340935749593,5.99219591407287,6.0044,4.24817,4.25147
2.99204474516299,6.40619233571583,5.98601726704466,5.9934,4.24817,4.25147
2.98994352828878,6.36143384085715,5.98000518048372,5.9934,4.24817,4.25147
3.01416890190495,6.3134671766981,5.97372941495675,5.9934,4.24817,4.25147
2.99118118810873,6.33086487387192,5.967396479972,5.9901,4.24157,4.26026
3.01117924479996,6.38957266972581,5.96110142715382,5.9901,4.24157,4.26026
3.00045650077048,6.37903699302198,5.95459821467093,5.9901,4.24157,4.26026
3.00698567607295,6.38123661051174,5.94773130381993,5.9901,4.25696,4.27016
3.01742800305233,6.41243046839091,5.94118516227404,5.9978,4.25696,4.27016
2.99097533129393,6.43699446499236,5.93390931931376,5.9978,4.25696,4.27016
3.00321030136228,6.42900667200553,5.92649880186338,5.9978,4.25696,4.27016
2.99874403695491,6.46018456011454,5.91874577764636,6.0033,4.27676,4.27236
3.00260919035716,6.48007582186856,5.9112597401764,6.0033,4.27676,4.27236
2.99901761909241,6.47846276717005,5.90342477698491,6.0033,4.27676,4.27236
3.01860147093928,6.47821521816918,5.89527985943813,6.0033,4.27676,4.26576
2.99564596772641,6.47459993378829,5.8870595051766,6.0088,4.28666,4.26576
3.00942307654434,6.43971887265763,5.87903617560457,6.0088,4.28666,4.26576
2.98861003004061,6.40537528374025,5.87089019122078,6.0088,4.28666,4.26576
3.00623031500584,6.3685308074501,5.86240337538808,6.0088,4.28886,4.24927
3.00360814366118,6.32335307123075,5.85412060568427,6.0121,4.28886,4.24927
3.0023377903685,6.27946459936268,5.84553502902519,6.0121,4.28886,4.24927
3.00828296780397,6.32060157339006,5.83755436261177,6.0121,4.28886,4.24927
2.9933860619578,6.3491136818574,5.82920944674224,6.011,4.28776,4.23717
3.00744594463209,6.34097168341974,5.82125640902998,6.011,4.28776,4.23717
3.0148603766995,6.3466893301251,5.81348931845376,6.011,4.28776,4.23717
2.9998597963051,6.37633578536802,5.80591746998805,6.011,4.28776,4.23717
2.99446320381672,6.39132625818756,5.79793526981068,6.0077,4.29545,4.23167
3.00845599732334,6.37868052775617,5.79085130208025,6.0077,4.29545,4.23167
2.99453379575654,6.4231194592352,5.78389985497011,6.0077,4.29545,4.23167
3.00302292016695,6.43620058844655,5.77748924108681,6.0077,4.30425,4.22947
3.0070750428388,6.43742950967307,5.77112616650714,5.9934,4.30425,4.22947
3.01310288356653,6.45040129645611,5.76519195670768,5.9934,4.30425,4.22947
2.99620335758664,6.44055272223598,5.75989928186871,5.9934,4.30425,4.22947
2.99712438297284,6.41485362521616,5.75477376464562,6.0033,4.31965,4.20858
3.00312082944423,6.39213526973114,5.75028364424434,6.0033,4.31965,4.20858
3.00738517570074,6.36729012361237,5.74606499473524,6.0033,4.31965,4.20858
3.00120826568104,6.33116374118519,5.74239420001008,6.0033,4.31965,4.18988
3.00117231939858,6.32239686816088,5.73919544276253,5.9945,4.32845,4.18988
3.00227443887603,6.39531750654507,5.73668963786969,5.9945,4.32845,4.18988
2.9978794340162,6.41787891234011,5.73438015758564,5.9945,4.32845,4.18988
3.0143849190961,6.42408040848546,5.73295495270131,5.9945,4.33944,4.17999
3.00535612551606,6.45441659966536,5.7314918748373,5.9934,4.33944,4.17999
3.0046020379332,6.49443943913308,5.73082440184643,5.9934,4.33944,4.17999
2.99782938970082,6.49427500323159,5.73019148329315,5.9934,4.33944,4.17999
2.99969493734741,6.516394609968,5.73023738572682,5.9868,4.34274,4.19538
2.98474033712704,6.56483074848287,5.73082813098945,5.9868,4.34274,4.19538
3.01857910735313,6.57802691520441,5.7311926535027,5.9868,4.34274,4.19538
3.02026835931711,6.56776138473019,5.73219609687331,5.9868,4.33944,4.19868
3.0022524831348,6.59820543163759,5.73368913346718,5.9835,4.33944,4.19868
2.99095152346851,6.57761440563231,5.73557637603381,5.9835,4.33944,4.19868
2.99921595707859,6.55285227498706,5.73760120279086,5.9835,4.33944,4.19868
2.99834677836291,6.52888287840974,5.74019340857845,5.9901,4.34494,4.18548
3.00492041487436,6.50155410225501,5.74292566216775,5.9901,4.34494,4.18548
3.00387965614857,6.46135457472354,5.74613642392931,5.9901,4.34494,4.18548
2.99743643842543,6.48984737778469,5.74947681906745,5.9901,4.34494,4.19098
3.00728065032939,6.55810444414296,5.75377965349988,5.9846,4.34274,4.19098
3.01377289355911,6.56501511198874,5.75815666763445,5.9846,4.34274,4.19098
3.00258367756093,6.57497368571416,5.7633143678409,5.9846,4.34274,4.19098
3.00673397205402,6.61678503396817,5.76867222756409,5.9846,4.35044,4.19318
3.0090815062657,6.64583960295692,5.77482435931409,5.97691,4.35044,4.19318
2.99408811712861,6.64780928159513,5.78188000268771,5.97691,4.35044,4.19318
3.00140238649564,6.68701646804679,5.78958489098014,5.97691,4.35044,4.19318
2.98501433404897,6.72289752719612,5.79778100509054,5.97581,4.36364,4.18878
3.01310458424138,6.72307792839626,5.80683208135574,5.97581,4.36364,4.18878
2.99938057556002,6.72662651111377,5.81676438372413,5.97581,4.36364,4.18878
2.98825724677411,6.74618075223784,5.82729398482207,5.97581,4.36364,4.18988
3.01471904427888,6.71953985170439,5.83851430361025,5.9857,4.34164,4.18988
3.01346648078082,6.69389056240485,5.84997084878585,5.9857,4.34164,4.18988
3.01727862433392,6.66663594789971,5.86236967719829,5.9857,4.34164,4.18988
3.0032007329123,6.62953391145457,5.87442642368462,5.9857,4.27566,4.17669
2.9996038307851,6.59120187225532,5.8874851480907,5.9912,4.27566,4.17669
2.99589029916642,6.65518021260538,5.90060409586307,5.9912,4.27566,4.17669
2.99679000190267,6.68493612683915,5.9136650172706,5.9912,4.27566,4.17669
2.9899987864888,6.68360484918054,5.92629366392179,5.989,4.23277,4.17779
3.01463663054504,6.69728542608371,5.9383737689115,5.989,4.23277,4.17779
2.99678838359991,6.73109568428672,5.94982069678284,5.989,4.23277,4.17779
3.00934966815671,6.74736214907028,5.96059959182144,5.989,4.23277,4.20748
2.98681302584334,6.74182290653753,5.97040245264564,5.9934,4.22287,4.20748
3.01234127117565,6.78629842509609,5.97866688092771,5.9934,4.22287,4.20748
3.02421088199329,6.79082343427555,5.98556954894466,5.9934,4.22287,4.20748
3.0044615787894,6.78368325115221,5.99101047280739,5.9934,4.24927,4.22947
2.99153910421085,6.79352320144187,5.99483580093636,6.0022,4.24927,4.22947
3.01286399291368,6.78107503786446,5.99673547663912,6.0022,4.24927,4.22947
2.99828417553413,6.74303619962948,5.9969843758505,6.0022,4.24927,4.22947
2.99214547735771,6.70587288349182,5.99511384544927,6.0055,4.28996,4.25587
2.99195414380605,6.66586090891825,5.99148896967099,6.0055,4.28996,4.25587
2.98863027993173,6.60118003318117,5.98557012729477,6.0055,4.28996,4.25587
3.01790819900447,6.59090024258873,5.97868382513498,6.0055,4.30755,4.26026
3.00439291192476,6.64646674553552,5.96988058008969,6.0055,4.30755,4.26026
3.03125519900118,6.64378736868687,5.95967419653315,6.0055,4.30755,4.26026
3.00274223305133,6.62317438899649,5.94827168722711,6.0055,4.30755,4.26026
3.00169905012667,6.64236910615093,5.93575399411351,6.0077,4.31085,4.24487
2.99263361403477,6.66065164249156,5.92280144171973,6.0077,4.31085,4.24487
2.98679065361733,6.65336422445038,5.90884747051356,6.0077,4.31085,4.24487
3.0020552229598,6.64879316893463,5.89429382720612,6.0077,4.31085,4.23057
3.01051266470867,6.67917602642446,5.87957235023174,6.0099,4.32075,4.23057
3.00415565971513,6.67056932373558,5.86494556660132,6.0099,4.32075,4.23057
2.99517368602187,6.65342117540565,5.85005024918963,6.0099,4.32075,4.23057
3.00620504627408,6.67079847443476,5.83601949608173,6.0099,4.34054,4.22287
3.01075101989138,6.63461977212332,5.82227171318396,6.0033,4.34054,4.22287
3.01920617672502,6.59586283334367,5.80982732653872,6.0033,4.34054,4.22287
2.99895101586759,6.55860092356558,5.7976188929721,6.0033,4.34054,4.22287
2.99943997873798,6.51127092621307,5.78699438836728,6.0011,4.36804,4.22067
2.99064460768772,6.46017193879402,5.77763491618185,6.0011,4.36804,4.22067
2.98983771802385,6.47469312957113,5.76990558062678,6.0011,4.36804,4.22067
2.99835771960083,6.53146230193993,5.76357025778712,6.0011,4.36804,4.22617
3.02300218770541,6.52257382814778,5.75913365350243,5.9868,4.37793,4.22617
3.00153823455386,6.52592241250916,5.75694765146286,5.9868,4.37793,4.22617
3.01988408060848,6.55640143081051,5.75704982052868,5.9868,4.37793,4.22617
2.99690790430653,6.57616397230868,5.7593826067922,5.9868,4.37683,4.21628
3.00112670851374,6.56462204525813,5.76360575182355,5.97031,4.37683,4.21628
3.00938964473467,6.59974139889096,5.7706326512085,5.97031,4.37683,4.21628
2.98349661809114,6.61939703571918,5.77947264359821,5.97031,4.37683,4.21628
2.99069173975532,6.61862884831088,5.79124712285603,5.9824,4.33614,4.19428
3.00822447879424,6.62776426095931,5.80436749397725,5.9824,4.33614,4.19428
3.01015917106246,6.632674149756,5.81959130416086,5.9824,4.33614,4.19428
3.00239671353777,6.60588034126306,5.83619949739503,5.9824,4.33614,4.16239
3.01739957314844,6.58131152728654,5.85403866919719,5.9989,4.25587,4.16239
3.01366401548008,6.55477279468105,5.87286322882634,5.9989,4.25587,4.16239
3.01446739204821,6.52028756072683,5.89293673063527,5.9989,4.25587,4.16239
2.9852774049933,6.48996947932261,5.91319240544024,5.9989,4.24927,4.1404
2.99893804183239,6.5446122497201,5.9336601842521,6.0154,4.24927,4.1404
2.97809463580954,6.58488404649782,5.95397169354983,6.0154,4.24927,4.1404
2.99889462738465,6.59003426802451,5.97369907149975,6.0154,4.24927,4.1404
2.99704606505921,6.61390047132323,5.99303484686337,6.02529,4.29875,4.16239
2.99913662122132,6.65365788358027,6.01089245301023,6.02529,4.29875,4.16239
3.03082633878025,6.67487488249668,6.02738331735289,6.02529,4.29875,4.16239
3.02720539068585,6.67170735722985,6.04223402082684,6.02529,4.31305,4.19098
3.0053482575697,6.72170097553586,6.05545038826789,6.0165,4.31305,4.19098
2.99296556990305,6.73842147308236,6.06630601589198,6.0165,4.31305,4.19098
3.00469983563691,6.73902652173971,6.07578797633188,6.0165,4.31305,4.19098
2.99784523810447,6.7537974458071,6.08296653791985,6.0121,4.29216,4.18328
3.00810735434724,6.74196030270784,6.08844635916706,6.0121,4.29216,4.18328
2.97869351979244,6.71151362525556,6.09155191499055,6.0121,4.29216,4.18328
2.99939903562067,6.68241996801129,6.09278158161756,6.0121,4.29216,4.19428
2.9916368028992,6.64812532077837,6.09250461254408,5.9967,4.25587,4.19428
3.00367634988424,6.602673931952,6.09034781758571,5.9967,4.25587,4.19428
3.00604982755924,6.58461955774144,6.08695742993713,5.9967,4.25587,4.19428
3.02595278804984,6.64520664705134,6.08220374446454,5.989,4.25477,4.22507
3.00320548930934,6.65254238473492,6.07687789687484,5.989,4.25477,4.22507
3.01802207136383,6.64490247895425,6.0704665365042,5.989,4.25477,4.22507
3.00405134059354,6.66287372103052,6.06371649613043,5.989,4.25477,4.22507
2.99775260552302,6.68664612279463,6.05617340497644,5.9978,4.29545,4.24047
3.00208099455354,6.67042673609897,6.0489465064548,5.9978,4.29545,4.24047
2.98428519871204,6.68019107280237,6.04115048812446,5.9978,4.29545,4.24047
2.99162535900633,6.71123905280306,6.0336997305644,5.9978,4.29545,4.22837
3.00402080731722,6.70405706169007,6.02599913481795,6.0033,4.33284,4.22837
3.01394434849069,6.68268557466317,6.01920732327555,6.0033,4.33284,4.22837
2.99767291973261,6.70109139633852,6.01281702247262,6.0033,4.33284,4.22837
3.02132616019783,6.66962418548743,6.00669109072121,6.0033,4.34714,4.21957
3.01338301689344,6.63260781494868,6.00167857950663,6.0033,4.34714,4.21957
2.99965958130801,6.59720523097078,5.99771427120729,6.0033,4.34714,4.21957
2.98523925158547,6.55558721931293,5.99469565437584,6.0033,4.34714,4.21957
2.99352744424451,6.50418995546538,5.99229954195631,5.989,4.34054,4.23277
2.99791282637662,6.52720161671852,5.99117767637056,5.989,4.34054,4.23277
3.00668171094382,6.58533686897562,5.99097456722323,5.989,4.34054,4.23277
3.01760136265642,6.58448384896308,5.99231245612339,5.989,4.34054,4.22617
3.00024985222022,6.59022145815452,5.99431196369753,5.98021,4.33065,4.22617
3.02212832979726,6.62711075840551,5.99808211428969,5.98021,4.33065,4.22617
3.00279594331661,6.6477900138004,6.00276790846884,5.98021,4.33065,4.22617
2.99951288227689,6.64424831786213,6.00893171445383,5.98021,4.32075,4.21408
2.98478575258043,6.68292413315907,6.01580991531852,5.97031,4.32075,4.21408
3.0116384177407,6.71268619673226,6.02424126692514,5.97031,4.32075,4.21408
2.99498980349189,6.70800734657948,6.03358231369362,5.97031,4.32075,4.21408
2.99722275388218,6.71181366947021,6.04394147007842,5.97251,4.30645,4.20638
3.00041751426793,6.73149666586194,6.05489620296605,5.97251,4.30645,4.20638
3.02017019273083,6.70475784966698,6.06664294817136,5.97251,4.30645,4.20638
3.00033589705737,6.67966209464377,6.07863946797197,5.97251,4.29985,4.20638
2.99500664514081,6.65304193900271,6.09069560084114,5.97581,4.29985,4.20638
3.00685171269787,6.61536882342508,6.10298062418344,5.97581,4.29985,4.20638
3.01216340478685,6.58099877802981,6.11490113700526,5.97581,4.29985,4.20638
3.00875590112075,6.64627780552469,6.12687328403355,5.989,4.28446,4.21957
2.99262361496504,6.67782526972488,6.13792890162492,5.989,4.28446,4.21957
3.00000890480132,6.67732966838293,6.14872618749227,5.989,4.28446,4.21957
2.99897374036684,6.69469106852108,6.15854699915383,5.989,4.28446,4.22617
3.00682280618482,6.72968283823505,6.16770748811267,6.0022,4.25477,4.22617
3.00429663600909,6.74355698761046,6.1752985742851,6.0022,4.25477,4.22617
3.01800763525343,6.74011054982845,6.18182703121926,6.0022,4.25477,4.22617
2.99600079847013,6.78473322375052,6.18698074927172,5.9989,4.25477,4.20198
2.99907514071534,6.79134607839778,6.19125519066835,5.9989,4.25477,4.20198
2.98257032205922,6.78412429656029,6.19438976992827,5.9989,4.25477,4.20198
3.0060383758549,6.79482075717521,6.19552235016217,5.9989,4.25477,4.20198
3.01709052139531,6.78102465103961,6.19599729766461,5.9846,4.26906,4.20638
3.00334673255594,6.74428164102552,6.1948957402477,5.9846,4.26906,4.20638
3.00425872339886,6.70859470547179,6.1929541233612,5.9846,4.26906,4.20638
3.01313849786424,6.6691037231242,6.1894359302521,5.9846,4.26906,4.24047
2.98778114058627,6.60468343024189,6.18555554396731,5.98021,4.28006,4.24047
3.00382468206112,6.60035421586798,6.18085509829163,5.98021,4.28006,4.24047
3.0124414762194,6.65543779029174,6.17554268300979,5.98021,4.28006,4.24047
2.99358961165614,6.65360393270119,6.16957225423625,5.98021,4.30535,4.26246
3.00808476121192,6.63914395799177,6.16383347163455,5.989,4.30535,4.26246
3.00084016476414,6.65940745338618,6.15761324340889,5.989,4.30535,4.26246
3.00706615909886,6.68041946866152,6.15154424832109,5.989,4.30535,4.26246
2.99592343777714,6.67324416366738,6.14533219786297,5.9956,4.30975,4.25916
3.0097889418107,6.67342634199475,6.13938540205168,5.9956,4.30975,4.25916
2.98742552170915,6.7052948116421,6.13405905293756,5.9956,4.30975,4.25916
3.00375173374579,6.69956950008665,6.12878307200906,5.9956,4.30975,4.24267
3.00904733773641,6.68317291857413,6.12364989393702,5.9956,4.29655,4.24267
3.02833707493876,6.70297827009184,6.11875036911013,5.9956,4.29655,4.24267
2.99892114195622,6.66861774286981,6.11443230399812,5.9956,4.29655,4.24267
2.98095057312022,6.63164534848267,6.11007335319865,5.9923,4.27456,4.24597
3.00670990389923,6.59596983183447,6.10662017887523,5.9923,4.27456,4.24597
2.99566470252501,6.54851249554943,6.10302757273801,5.9923,4.27456,4.24597
3.01017045815575,6.50202642065277,6.10018350801812,5.9923,4.27456,4.24597
2.99744505603612,6.52268355733339,6.09702794241199,5.9967,4.26136,4.24927
3.01296739841459,6.57666474888653,6.09428695047976,5.9967,4.26136,4.24927
3.01090655567376,6.56545313699889,6.09196449171144,5.9967,4.26136,4.24927
3.00089398787796,6.56885430155914,6.09007099498364,5.9967,4.25037,4.25257
2.99486951261684,6.59801656992107,6.08804412783317,5.9978,4.25037,4.25257
3.00585357335246,6.61571950960652,6.08641041265391,5.9978,4.25037,4.25257
2.99419949148883,6.60346379462129,6.08445941975039,5.9978,4.25037,4.25257
3.01187553871095,6.63459959355119,6.0828408562622,5.9934,4.25147,4.25257
2.99254324474558,6.65052254545587,6.08165878124879,5.9934,4.25147,4.25257
3.00832039985307,6.64647651177181,6.07971356975416,5.9934,4.25147,4.25257
3.02193113070414,6.6464994848152,6.07842860420375,5.9934,4.25147,4.24927
3.00032551186585,6.64485635938342,6.07675659831139,5.9967,4.27676,4.24927
2.98513825310429,6.61062938270308,6.07546118573542,5.9967,4.27676,4.24927
2.99654072882864,6.57708030606896,6.07353612618003,5.9967,4.27676,4.24927
3.00850919620762,6.54154871899372,6.07209354023477,5.9978,4.28556,4.24157
2.99851988372405,6.49459045328212,6.0702161698995,5.9978,4.28556,4.24157
3.01866870409754,6.4577600851519,6.06812215227062,5.9978,4.28556,4.24157
2.9999127545079,6.50263293275871,6.06570859536211,5.9978,4.28556,4.24157
3.01372820292984,6.53305808528982,6.06393747296946,5.9857,4.27566,4.22727
2.98913236674456,6.5290648440121,6.06174851934339,5.9857,4.27566,4.22727
3.00066293532394,6.54325095985195,6.05911436911411,5.9857,4.27566,4.22727
3.00734727170231,6.57437768710273,6.05643439523447,5.9857,4.27566,4.20748
3.01709707905067,6.58778916665064,6.05332590057144,5.9846,4.26796,4.20748
2.9887067428182,6.58060722480242,6.0503804752348,5.9846,4.26796,4.20748
2.9925152917505,6.62520844576102,6.04679517569638,5.9846,4.26796,4.20748
2.9985652949062,6.63611916082793,6.04296575127228,5.9846,4.27016,4.19098
3.01537010404049,6.63831922167565,6.03892766109537,5.9868,4.27016,4.19098
3.00952854879396,6.65318490446882,6.03455664634319,5.9868,4.27016,4.19098
2.98643677078353,6.64359095668242,6.02940700960059,5.9868,4.27016,4.19098
3.0242833002122,6.61654483932147,6.02430225702528,5.9956,4.27016,4.19428
3.00018710976345,6.59232712163666,6.01830250077182,5.9956,4.27016,4.19428
3.01113492917604,6.5644330281855,6.01244223965488,5.9956,4.27016,4.19428
2.98717149218597,6.52313607172686,6.00576382131743,5.9956,4.27016,4.20748
3.00792081799695,6.51540809023053,5.99877643904018,5.9923,4.27346,4.20748
2.99527919023942,6.58470997370201,5.99151067517737,5.9923,4.27346,4.20748
2.98774315139672,6.60154781220129,5.98405788073507,5.9923,4.27346,4.20748
3.00267029252793,6.60285030105212,5.97614968923958,5.9813,4.29875,4.18988
3.02808584161579,6.63113830013884,5.96768818335602,5.9813,4.29875,4.18988
3.00657068211409,6.66257196918748,5.95934256790276,5.9813,4.29875,4.18988
3.00504760673926,6.65551210348092,5.95065565749186,5.9813,4.29875,4.18988
2.99401785436945,6.67231891015319,5.94218385275687,5.9912,4.31085,4.16349
3.00163590331719,6.71031126597028,5.93331147704574,5.9912,4.31085,4.16349
3.00957017103121,6.71347513692717,5.92498237200004,5.9912,4.31085,4.16349
2.99456690422314,6.69862479565558,5.91633515003552,5.9912,4.31635,4.16129
2.99576147472766,6.72418053246253,5.90792937491344,5.9989,4.31635,4.16129
3.0073357046772,6.6964914687376,5.8998029266257,5.9989,4.31635,4.16129
3.0063531491458,6.66622570819762,5.8924107023305,5.9989,4.31635,4.16129
2.99375971378911,6.63702633827973,5.88510900935243,5.989,4.32955,4.16899
3.01327861567085,6.6012563213422,5.87801562055084,5.989,4.32955,4.16899
2.99836150534884,6.55647112512577,5.87152836129064,5.989,4.32955,4.16899
3.01514798360443,6.58512305037578,5.86586270972239,5.989,4.32955,4.18109
2.99998474443729,6.64954536354071,5.86107791432776,5.97581,4.34054,4.18109
3.00088954181207,6.65637109427772,5.85660329106785,5.97581,4.34054,4.18109
2.99591864637205,6.66466262280042,5.85324453802305,5.97581,4.34054,4.18109
3.01373710569732,6.70719525584494,5.85029606254503,5.97911,4.35924,4.19098
3.00363521873757,6.73249899952096,5.84837875863091,5.97911,4.35924,4.19098
2.98590601453873,6.73323455793382,5.84673705872974,5.97911,4.35924,4.19098
3.00509433738126,6.77342787604588,5.84621895552258,5.97911,4.35924,4.19098
3.00753064615742,6.80810362609997,5.84628425237751,5.97251,4.35264,4.19538
3.00483327351845,6.80819832777825,5.84725997131906,5.97251,4.35264,4.19538
3.00230620845116,6.81659130588057,5.84840398173183,5.97251,4.35264,4.19538
3.01494527491949,6.83842105433379,5.85117386098585,5.97251,4.35264,4.19208
3.00053252820535,6.81409383356787,5.85477111686538,5.97251,4.33834,4.19208
3.00270677751098,6.79130700315997,5.85911623230777,5.97251,4.33834,4.19208
3.00322942390858,6.76560043135211,5.86406589039305,5.97251,4.33834,4.19208
3.00163484946774,6.72807747281394,5.87028410018196,5.97251,4.32735,4.17339
2.98963494647638,6.69589403660192,5.8773691305333,5.9956,4.32735,4.17339
2.98551610080455,6.76459932462807,5.88564596079329,5.9956,4.32735,4.17339
3.00969136134128,6.79309037049395,5.89494567474587,5.9956,4.32735,4.17339
3.01766299028981,6.79448022500581,5.9052641304708,5.9978,4.30095,4.18218
3.0206705449175,6.81152775340858,5.91683804702436,5.9978,4.30095,4.18218
3.01280217101262,6.84496691570122,5.92895658726208,5.9978,4.30095,4.18218
2.99531063797079,6.85535698119664,5.94247439552686,5.9978,4.30095,4.20748
2.99234083041403,6.85088207078922,5.95607236127753,5.9901,4.28226,4.20748
2.99563812723197,6.89533304633647,5.97117610393962,5.9901,4.28226,4.20748
2.99487320570236,6.89731340388996,5.98619377982746,5.9901,4.28226,4.20748
3.00672221734182,6.88960745844018,6.0019848259975,5.97581,4.26686,4.24377
3.00280444613733,6.90104638881299,6.01758802156189,5.97581,4.26686,4.24377
3.01498472338266,6.88594259339562,6.03392593409241,5.97581,4.26686,4.24377
2.98653230778362,6.84785923351323,6.05014196899442,5.97581,4.26686,4.24377
3.02550002342661,6.81113294032101,6.06572406620486,5.96261,4.27456,4.28446
3.01240543346868,6.77014791089767,6.08137478141995,5.96261,4.27456,4.28446
2.98610442594443,6.70574203448362,6.09669789395855,5.96261,4.27456,4.28446
2.98795822707978,6.69679715830994,6.11188633957353,5.96261,4.29875,4.31195
3.00833475158995,6.75447693673367,6.12645624752476,5.94721,4.29875,4.31195
2.99522941490561,6.7549662336475,6.14116456892567,5.94721,4.29875,4.31195
3.02216108947892,6.74046920925987,6.15555790583325,5.94721,4.29875,4.31195
3.01308433891206,6.76410580581606,6.17015969629003,5.93402,4.31085,4.29326
2.99807463093297,6.78234120654694,6.18422712824645,5.93402,4.31085,4.29326
3.00290450152695,6.7753411875213,6.1986448873326,5.93402,4.31085,4.29326
2.98974357687822,6.77931641671126,6.21260052215191,5.93402,4.31085,4.22727
2.99973460639176,6.8114485109866,6.22614821594841,5.96811,4.26906,4.22727
2.98364821051935,6.8069940353252,6.23891831141279,5.96811,4.26906,4.22727
3.02399776801427,6.7965054725004,6.25100479036279,5.96811,4.26906,4.22727
2.99531154114557,6.82122001740156,6.26256241641156,6.0176,4.17669,4.1305
3.02558539292413,6.7911769188658,6.27340722827389,6.0176,4.17669,4.1305
3.00947971653549,6.75878886115919,6.28282857582608,6.0176,4.17669,4.1305
3.02418416347352,6.72830491342886,6.2908370518417,6.0176,4.17669,4.1305
2.99172642571669,6.68532936583953,6.29745874436077,6.0187,4.1437,4.1129
2.97952082111645,6.64657199018479,6.30194254461581,6.0187,4.1437,4.1129
2.98905525639865,6.6701435309857,6.30461085264267,6.0187,4.1437,4.1129
2.98577916142556,6.73039716784065,6.30507529229239,6.0187,4.1437,4.16239
2.99930405334025,6.72318244485284,6.30383872758259,5.9989,4.20088,4.16239
2.99568669285259,6.7315535098436,6.29996235893085,5.9989,4.20088,4.16239
3.02207073847861,6.76252317108248,6.29435221376375,5.9989,4.20088,4.16239
3.03071221578129,6.77885425963423,6.28708770814789,5.9989,4.27896,4.25477
3.03508622728295,6.76473814432855,6.27813862057168,5.95381,4.27896,4.25477
3.00060354868161,6.79880526084706,6.26777052886649,5.95381,4.27896,4.25477
3.01587846546961,6.80698910405826,6.25563657575035,5.95381,4.27896,4.25477
2.98092381949371,6.79682671283975,6.24211063088143,5.96261,4.32405,4.25916
2.97383566604646,6.79528565258294,6.22800888798547,5.96261,4.32405,4.25916
2.95124708153147,6.78329527628864,6.21274062103186,5.96261,4.32405,4.25916
2.98926532890495,6.73997250777479,6.19670382417262,5.96261,4.32405,4.14589
3.03093613373354,6.69729164239842,6.18040972792545,6.03189,4.34604,4.14589
3.04449721059664,6.65083364099501,6.1631853538823,6.03189,4.34604,4.14589
3.02926508716675,6.59265921216042,6.14668023064607,6.03189,4.34604,4.14589
3.02151497212016,6.54588335631015,6.12975642687309,6.04289,4.30975,4.1294
3.00718123704326,6.58298094534825,6.11385988394821,6.04289,4.30975,4.1294
2.97281792871264,6.59747732109679,6.09796104171561,6.04289,4.30975,4.1294
2.97530478462891,6.58407236347906,6.08289446351061,6.04289,4.30975,4.1294
2.97880552246155,6.58849054212798,6.06813231648185,6.0033,4.27896,4.23607
2.99262303932807,6.60881909696908,6.05509347496615,6.0033,4.27896,4.23607
2.99789122077928,6.60916980731959,6.04240248750715,6.0033,4.27896,4.23607
3.0098224033898,6.59553548738061,6.03078263196012,6.0033,4.25257,4.34494
3.03939667757602,6.6319624991035,6.01971040146202,5.96481,4.25257,4.34494
3.04897676333211,6.63355657122508,6.00916645336895,5.96481,4.25257,4.34494
3.02338957755038,6.62504706705121,5.99975388478585,5.96481,4.25257,4.34494
2.96805095253087,6.64062260062905,5.99036880295924,5.989,4.22837,4.31085
2.99170988575944,6.62749487106628,5.98142718203986,5.989,4.22837,4.31085
2.99460731575586,6.59757775661711,5.97277039126975,5.989,4.22837,4.31085
2.97754062260069,6.57169461652239,5.96464648617423,5.989,4.22837,4.22947
2.995932066333,6.54029709555231,5.95583517333592,6.0143,4.19978,4.22947
3.00283560954259,6.50068795174124,5.94782784385549,6.0143,4.19978,4.22947
2.99420537378105,6.49637257513804,5.93934278177879,6.0143,4.19978,4.22947
3.0386870240537,6.56700498100023,5.93120429748782,6.0044,4.19538,4.23497
3.01229093498082,6.58474821676538,5.92248643197658,6.0044,4.19538,4.23497
3.00488324820906,6.59075957313657,5.91370483661732,6.0044,4.19538,4.23497
2.98938914822154,6.62140774110439,5.90511119185228,6.0044,4.19538,4.23497
2.98235414538664,6.65398411887718,5.89664117915142,5.97691,4.22617,4.28666
3.00007962636564,6.64566353153349,5.88814319715906,5.97691,4.22617,4.28666
3.03717550942366,6.66618149959386,5.87939902461984,5.97691,4.22617,4.28666
3.01040285368523,6.70511255951466,5.87090224928642,5.97691,4.22617,4.32295
3.02326634011634,6.71191631693658,5.86243598769533,5.95601,4.26246,4.32295
2.98658956616138,6.70061810314404,5.8542499030767,5.95601,4.26246,4.32295
2.99453233963239,6.72927705537684,5.84613978985047,5.95601,4.26246,4.32295
3.00896505038374,6.70480355849198,5.83895373930229,5.95601,4.30205,4.31745
2.97853457044095,6.67917509967642,5.83223858101014,5.95491,4.30205,4.31745
2.98073357240712,6.65528801406344,5.82632143105872,5.95491,4.30205,4.31745
2.99334889917752,6.62328562172097,5.82150952605579,5.95491,4.30205,4.31745
3.00322212918158,6.58298538170287,5.81810529806159,5.96701,4.31525,4.27786
3.0021842847584,6.62399302386898,5.81606070526917,5.96701,4.31525,4.27786
3.0348624693261,6.69177411297718,5.8147406191727,5.96701,4.31525,4.27786
3.01890124499093,6.70493250181527,5.81444765827798,5.96701,4.31525,4.19098
3.0300996815685,6.72278144019415,5.81554582981595,5.9967,4.28886,4.19098
3.00494234277991,6.7720062989511,5.81739415522661,5.9967,4.28886,4.19098
2.99298020389627,6.8022568086526,5.82009230561424,5.9967,4.28886,4.19098
2.9866448904177,6.81196296931795,5.82358089219223,6.03409,4.24817,4.07881
2.98690767458736,6.86188037309994,5.82703020770546,6.03409,4.24817,4.07881
2.99501873219954,6.90200984434198,5.83147005201078,6.03409,4.24817,4.07881
2.98929898474489,6.90699207237726,5.83580117220151,6.03409,4.24817,4.07881
3.01030712898734,6.92114053576536,5.84001026761615,6.03959,4.25147,4.07111
3.0220165378286,6.94357071528357,5.8437632191889,6.03959,4.25147,4.07111
3.0058086832909,6.9219786211896,5.84673976177413,6.03959,4.25147,4.07111
2.99103467274386,6.90029085152625,5.84843696083075,6.03959,4.28996,4.17339
3.01022140275912,6.8744087246681,5.8498406677417,6.0099,4.28996,4.17339
2.99246150824389,6.83323702653568,5.85000330592954,6.0099,4.28996,4.17339
3.0036465274761,6.80097835383098,5.84951968928325,6.0099,4.28996,4.17339
3.00403204984776,6.86478994149571,5.84729475049255,5.98021,4.33724,4.25037
3.01492321196958,6.88601040744587,5.84464085135333,5.98021,4.33724,4.25037
3.01739647075216,6.87926370482237,5.8416121417134,5.98021,4.33724,4.25037
3.01706967298134,6.89114835881735,5.8382534903898,5.98021,4.33724,4.24487
2.98749847028727,6.91401151923144,5.83513608809289,5.96261,4.37353,4.24487
2.9998048048801,6.91269428899235,5.83233576966197,5.96261,4.37353,4.24487
2.99414267876642,6.90008435098145,5.83070448623663,5.96261,4.37353,4.24487
2.98530818304427,6.93165545476435,5.83000509916063,5.96261,4.37793,4.21188
2.99218327907208,6.92920342053076,5.83145021831968,5.96261,4.37793,4.21188
2.997452765041,6.9120894205182,5.83419081509383,5.96261,4.37793,4.21188
3.01581863489695,6.92045705416835,5.83908841065412,5.96261,4.37793,4.21188
3.01668016529137,6.89997543313914,5.8452911046117,5.97141,4.33504,4.18109
3.0156519947459,6.86067696694962,5.85335152712334,5.97141,4.33504,4.18109
3.01050294335349,6.82378435583709,5.86269246222633,5.97141,4.33504,4.18109
3.00186830929155,6.78451188867417,5.87376034007634,5.97141,4.33504,4.15799
2.98648326614469,6.7225256680709,5.88602401121243,5.9835,4.25806,4.15799
3.00855848263757,6.72564140836618,5.89858001180604,5.9835,4.25806,4.15799
3.01082183670235,6.78861019230213,5.91193367321272,5.9835,4.25806,4.15799
2.99703350359382,6.79659478969196,5.92585267415444,5.9835,4.22397,4.1349
2.98253200126738,6.79345145016178,5.93969067056815,6.0011,4.22397,4.1349
3.01268243414998,6.8268359075576,5.9527566072782,6.0011,4.22397,4.1349
2.99698822521118,6.85474814195402,5.96547395209017,6.0011,4.22397,4.1349
3.008921832705,6.8552921915286,5.97699455976235,5.9956,4.24267,4.15139
3.00714589973142,6.86543481539529,5.98755887306831,5.9956,4.24267,4.15139
2.99084099513482,6.90209608107594,5.996519855473,5.9956,4.24267,4.15139
3.01029956956096,6.90042255506089,6.00440336004862,5.9956,4.24267,4.21518
3.010658953147,6.89110169418911,6.01045425820911,5.97911,4.27896,4.21518
3.01781682944148,6.91725840660896,6.01524377299839,5.97911,4.27896,4.21518
2.99655323229591,6.88458013025444,6.01814734715459,5.97911,4.27896,4.21518
2.99724976980887,6.84842438485695,6.01979875948017,5.96811,4.29875,4.26246
2.98351642796177,6.81169508033046,6.02065836599102,5.96811,4.29875,4.26246
3.00792749998856,6.7595705025133,6.02033640896441,5.96811,4.29875,4.26246
3.00373418264491,6.70964704251587,6.01926470903483,5.96811,4.29875,4.26246
3.02587253341787,6.72668791734331,6.01786665525878,5.97361,4.30095,4.25037
2.99940074537335,6.77573827169854,6.01658165597683,5.97361,4.30095,4.25037
2.98284922829085,6.75818089977604,6.01537180227724,5.97361,4.30095,4.25037
3.00627544369756,6.75642607986583,6.01494544360501,5.97361,4.29985,4.21518
3.00966303766675,6.77825007539353,6.01455259373135,5.9813,4.29985,4.21518
3.00292621900735,6.78566333603376,6.01515473915628,5.9813,4.29985,4.21518
2.99595128083721,6.76550496801765,6.01596099497664,5.9813,4.29985,4.21518
3.00196569233933,6.79296496450394,6.01749092429109,6.0022,4.30645,4.16899
3.00618866268724,6.79941349716007,6.01977326923557,6.0022,4.30645,4.16899
3.01200553859821,6.78903481491058,6.02281577903318,6.0022,4.30645,4.16899
3.00248657770009,6.79022394320041,6.0259779085109,6.0022,4.30645,4.15359
3.01536680320899,6.78305353550621,6.02984841348901,6.0033,4.29875,4.15359
2.98724758405552,6.74572041495161,6.0337248297459,6.0033,4.29875,4.15359
2.99869030180371,6.71132431666998,6.03793936285793,6.0033,4.29875,4.15359
2.99817545743626,6.67309883697762,6.04245858199688,5.9945,4.25696,4.18109
3.003217795098,6.62361321319002,6.0463050285996,5.9945,4.25696,4.18109
3.01640580663645,6.59090759084788,6.05028276841839,5.9945,4.25696,4.18109
2.99277441968455,6.63792535994987,6.05351594615882,5.9945,4.25696,4.18109
2.99199921212857,6.66665490200475,6.05645037699724,5.97691,4.21078,4.22067
3.00921985871996,6.66342624935421,6.05851469235534,5.97691,4.21078,4.22067
3.01142923190284,6.67967843331607,6.05999736383436,5.97691,4.21078,4.22067
3.00975846376079,6.70733846320958,6.06033915677119,5.97691,4.21078,4.24267
3.02177969811502,6.71289495198875,6.0599528543285,5.96701,4.21298,4.24267
2.9845248018658,6.70637697791937,6.05840903543698,5.96701,4.21298,4.24267
3.0090124153031,6.74506614026989,6.05687757431807,5.96701,4.21298,4.24267
2.98838058674847,6.74836654773322,6.05426950034737,5.96701,4.25367,4.24817
2.98804159735463,6.74452591784118,6.05058750942222,5.96811,4.25367,4.24817
3.00151900084273,6.75566128734298,6.04630703940389,5.96811,4.25367,4.24817
3.01491257844582,6.73905037341462,6.04111302870366,5.96811,4.25367,4.24817
3.00513561737658,6.70576545596502,6.03545359852236,5.9978,4.30535,4.18988
3.00007721658996,6.6752810673472,6.02892653448006,5.9978,4.30535,4.18988
3.00426102892563,6.63952542827643,6.02148970384121,5.9978,4.30535,4.18988
3.0156797126286,6.5924290429841,6.01352853673284,5.9978,4.30535,4.15249
3.01676167066129,6.5823746669899,6.00503999674019,6.0132,4.30095,4.15249
2.99713047856868,6.64685800731815,5.9956976924337,6.0132,4.30095,4.15249
3.00697840613582,6.65870595500119,5.9863426302876,6.0132,4.30095,4.15249
2.98478284351529,6.6576805883721,5.9764628884813,5.9879,4.27126,4.18988
2.9962027650935,6.68431600679405,5.96661518198455,5.9879,4.27126,4.18988
2.99944608661571,6.70839989643729,5.95662598712,5.9879,4.27126,4.18988
3.00108660321272,6.69597912573595,5.9466358579045,5.9879,4.27126,4.18988
2.99574498946406,6.71739247920162,5.93703397006105,5.95381,4.28006,4.26576
2.99466896739657,6.75021517922615,5.92777739385864,5.95381,4.28006,4.26576
3.00924902557838,6.74999987134662,5.91876510838436,5.95381,4.28006,4.26576
3.0374365271732,6.74047845199669,5.91050513053608,5.95381,4.28556,4.29106
3.00980587324968,6.76975651732956,5.90274907534388,5.94501,4.28556,4.29106
3.00560668903597,6.7451701144711,5.89549702898966,5.94501,4.28556,4.29106
2.99790359334159,6.71914541237652,5.88947935564268,5.94501,4.28556,4.29106
2.98876235591676,6.69520564142377,5.88312808111462,5.96811,4.25257,4.23497
3.00994918824101,6.66308750286202,5.8777888639622,5.96811,4.25257,4.23497
2.9955986077692,6.62651822909641,5.87285085125872,5.96811,4.25257,4.23497
2.98585534721539,6.66633816591575,5.86889034063429,5.96811,4.25257,4.18988
3.00191694888445,6.73508242622479,5.86519339755523,5.9934,4.22067,4.18988
2.99832360131426,6.74982961986593,5.86234446228969,5.9934,4.22067,4.18988
2.99824718252134,6.76853690560404,5.8596991799665,5.9934,4.22067,4.18988
3.01544432105803,6.81778399033871,5.85702172926895,6.0044,4.22947,4.19208
3.01955861589905,6.84320763605865,5.85426839092788,6.0044,4.22947,4.19208
3.01341071538982,6.85226882735185,5.8516820820206,6.0044,4.22947,4.19208
2.99729207822772,6.90334790163713,5.84880477115048,6.0044,4.22947,4.19208
2.99348132986468,6.93733585628702,5.84536997741111,5.9989,4.26356,4.17339
2.99706379208315,6.94300307409117,5.84150530733222,5.9989,4.26356,4.17339
3.01681057311656,6.95572321899277,5.83691345886837,5.9989,4.26356,4.17339
3.01012911264049,6.97499291340733,5.8321389847023,5.9989,4.26356,4.17999
3.00995644022377,6.95147945533956,5.82716115069434,5.97471,4.29545,4.17999
2.99363565750721,6.92800337501724,5.82168898714232,5.97471,4.29545,4.17999
2.99285161309363,6.90037199092302,5.8159697144027,5.97471,4.29545,4.17999
2.99235287101788,6.8575198749404,5.81030462175338,5.97471,4.31305,4.21848
2.96640006237187,6.82734252725769,5.80433850338539,5.96261,4.31305,4.21848
2.99829494066973,6.89010623149993,5.79944806333933,5.96261,4.31305,4.21848
3.02258972795519,6.91227815857172,5.79516881056052,5.96261,4.31305,4.21848
3.04716468878763,6.90859923291856,5.7916035708198,5.96261,4.32955,4.22397
3.01287833256328,6.92108302565083,5.7889029865613,5.96261,4.32955,4.22397
3.01496299428827,6.94600409430462,5.78715818652791,5.96261,4.32955,4.22397
2.99412306578749,6.94610131764678,5.78680986143049,5.96261,4.32955,4.19098
2.98466631275509,6.93724704607408,5.78770290237496,5.98021,4.30865,4.19098
2.98986065804931,6.97387699258867,5.78965385364217,5.98021,4.30865,4.19098
3.00276869709201,6.97044883640712,5.79312238741857,5.98021,4.30865,4.19098
2.99013634872192,6.95928044643781,5.79801621796036,6.0121,4.26136,4.1382
2.99851706338327,6.96788593909687,5.80375057886073,6.0121,4.26136,4.1382
2.99722041943216,6.94842681276225,5.81067735177675,6.0121,4.26136,4.1382
3.01890453602768,6.90937431740264,5.81826920393685,6.0121,4.26136,4.1382
3.03204433288412,6.87219220321307,5.82689828844889,6.01979,4.22287,4.1437
3.01753715581977,6.82886944456723,5.83559427569027,6.01979,4.22287,4.1437
2.98409293418201,6.76772536222909,5.84429455883998,6.01979,4.22287,4.1437
2.98544358320086,6.77130379010782,5.85271069776153,6.01979,4.22727,4.20748
2.99475150165699,6.82735905113,5.86147209118935,5.989,4.22727,4.20748
2.98211210522283,6.82795706455035,5.86962674541015,5.989,4.22727,4.20748
3.02186462219874,6.82061412560603,5.87720680901376,5.989,4.22727,4.20748
3.02780031133898,6.84673513669056,5.88398627981969,5.96701,4.27786,4.25367
3.007843696275,6.8659857375822,5.89035449327574,5.96701,4.27786,4.25367
2.9988064672821,6.85713088440676,5.89630154920637,5.96701,4.27786,4.25367
3.00101526903719,6.86132972853303,5.90152894554417,5.96701,4.27786,4.26136
2.99073508884014,6.88914977202424,5.9063213022772,5.96591,4.31745,4.26136
2.99683846175248,6.88257365737516,5.91095280250896,5.96591,4.31745,4.26136
3.00241217630463,6.86548533331141,5.91610368569341,5.96591,4.31745,4.26136
3.00975198139821,6.88593758780729,5.92062624585724,5.97691,4.30645,4.23937
3.01342060071873,6.84921424139813,5.92573806257264,5.97691,4.30645,4.23937
2.99357916518344,6.81005171468752,5.93069788787702,5.97691,4.30645,4.23937
2.99883517756951,6.77214401418651,5.93599994448536,5.97691,4.30645,4.23937
2.99511799931234,6.71660902246678,5.94116779855313,5.9835,4.25147,4.19978
3.01948424045668,6.67322712547825,5.94663749592068,5.9835,4.25147,4.19978
2.99718894069681,6.69565793027037,5.95243377113477,5.9835,4.25147,4.19978
2.99857637229479,6.74290146413552,5.95843305393207,5.9835,4.25147,4.17779
3.00766448637687,6.73241147281085,5.96408988810196,5.9813,4.19758,4.17779
3.02667209438415,6.73550289842415,5.97029707411189,5.9813,4.19758,4.17779
2.9982829173529,6.76221363243028,5.97682541301679,5.9813,4.19758,4.17779
2.98723742389777,6.77641981171241,5.98340533413443,5.9813,4.21408,4.18218
2.99217047268373,6.76096922370476,5.98972579852611,5.97801,4.21408,4.18218
3.00603410565614,6.79329671006747,5.99549965059352,5.97801,4.21408,4.18218
3.00165230524306,6.80389170902091,6.00139804975256,5.97801,4.21408,4.18218
3.00681855942688,6.79697473896363,6.00626903738994,5.97361,4.24267,4.21957
2.99360847984378,6.79941827973488,6.01115245838572,5.97361,4.24267,4.21957
3.00510751823343,6.79359140939464,6.01557640545945,5.97361,4.24267,4.21957
3.01238307776846,6.75608047990068,6.01934548118102,5.97361,4.24267,4.23057
3.00137880455074,6.71987690757555,6.02199037159686,5.95601,4.23167,4.23057
3.02510750486407,6.67882470899623,6.02452441808294,5.95601,4.23167,4.23057
3.00472636779384,6.6243486797399,6.02617497494393,5.95601,4.23167,4.23057
3.0080552607051,6.58916696431701,6.02736353706286,5.96811,4.25587,4.19318
2.97787966585104,6.63211247728321,6.02783023499665,5.96811,4.25587,4.19318
2.98598688032222,6.65126669369356,6.02760621767227,5.96811,4.25587,4.19318
3.0072125811861,6.6432235220358,6.027059007033,5.96811,4.25587,4.19318
2.99462998228254,6.65064447753335,6.02592092110453,5.95601,4.27236,4.17999
2.99476183600811,6.67229847286361,6.02510056609076,5.95601,4.27236,4.17999
3.03018483725306,6.67101113144098,6.02428194620439,5.95601,4.27236,4.17999
3.02019174316111,6.66094845358009,6.02410825503481,5.95601,4.31085,4.14699
3.00560235639834,6.69299440865712,6.02328779518498,5.96041,4.31085,4.14699
3.00077391703023,6.6979252935268,6.02228334960494,5.96041,4.31085,4.14699
2.98126498158811,6.68912172362826,6.02053593663453,5.96041,4.31085,4.14699
3.00131165513127,6.69796031816774,6.01903107300982,5.9923,4.31855,4.09641
2.99213122995755,6.6787207081287,6.01684446332542,5.9923,4.31855,4.09641
3.01159293191201,6.64550931928505,6.01403632754656,5.9923,4.31855,4.09641
3.00692397119634,6.61538743434597,6.01023233764806,5.9923,4.31855,4.08651
3.01295494552788,6.57955930795289,6.00585345148447,6.0132,4.24157,4.08651
3.00550298568041,6.5343157918484,6.00135419908118,6.0132,4.24157,4.08651
3.03663015766324,6.52971928501302,5.99622949919242,6.0132,4.24157,4.08651
3.00398393603707,6.59424169159696,5.99006645860137,5.9945,4.24927,4.14699
2.9879690653983,6.60626439221935,5.98378305203138,5.9945,4.24927,4.14699
2.95853434216097,6.60592265952791,5.97763721862211,5.9945,4.24927,4.14699
2.95273479244576,6.6335549513451,5.97079233645387,5.9945,4.24927,4.14699
2.98117219994688,6.65822200932307,5.96464075178442,5.94501,4.31965,4.25806
3.02155405975242,6.6448582678442,5.95865200540021,5.94501,4.31965,4.25806
3.07058840184169,6.66504902528865,5.95302230375413,5.94501,4.31965,4.25806
3.06988280485165,6.69463569297962,5.94766780237227,5.94501,4.31965,4.27566
3.03527382369997,6.69561485280614,5.94290129134482,5.94391,4.31085,4.27566
2.97372540845343,6.67837474695453,5.93901530881506,5.94391,4.31085,4.27566
2.9631157278614,6.70051340060387,5.93572272101048,5.94391,4.31085,4.27566
2.95294385212592,6.6707403765458,5.93244501785229,5.94391,4.25037,4.15139
2.99504186692873,6.63937037492169,5.93014832217547,5.9989,4.25037,4.15139
3.00115128124845,6.60942392014681,5.92829384011933,5.9989,4.25037,4.15139
3.00867614587044,6.5727498802623,5.92705780381676,5.9989,4.25037,4.15139
2.99829994023178,6.53333871002583,5.92620978820402,6.02199,4.20638,4.1085
3.01843391819582,6.56968414651748,5.92479155298065,6.02199,4.20638,4.1085
3.044543505711,6.62727118375796,5.92382011898264,6.02199,4.20638,4.1085
2.99808769187504,6.63619864274083,5.92225032814358,6.02199,4.20638,4.20638
2.98000761430893,6.64904155762629,5.92076593269859,6.0022,4.21078,4.20638
3.00548767411106,6.69249965639335,5.91874929133452,6.0022,4.21078,4.20638
3.00742410833034,6.71268485790607,5.91649111659241,6.0022,4.21078,4.20638
2.98773604206107,6.71850264628723,5.91316513375567,5.96261,4.22727,4.32515
3.01543485469859,6.76483893738958,5.90974582367076,5.96261,4.22727,4.32515
3.01221396152419,6.79484250944529,5.90552426324091,5.96261,4.22727,4.32515
2.99717370229695,6.79880457265161,5.9013204345742,5.96261,4.22727,4.32515
3.01050052701087,6.80782390115209,5.89640067181089,5.95161,4.20638,4.34164
3.0085675119704,6.82451625089506,5.89122955589836,5.95161,4.20638,4.34164
2.99339326404222,6.7993279472317,5.88561819789807,5.95161,4.20638,4.34164
2.98814902966423,6.77548883783461,5.88016077598066,5.95161,4.17779,4.26246
2.97566516381383,6.74811534195022,5.87512441153063,5.97471,4.17779,4.26246
3.00070812542718,6.7077046812286,5.86984360241314,5.97471,4.17779,4.26246
3.01538373614811,6.68455731906084,5.86448057588997,5.97471,4.17779,4.26246
3.0338236665396,6.74656689809625,5.85856161887001,6.0132,4.21628,4.1316
3.01234125595932,6.77098043584336,5.85261949666505,6.0132,4.21628,4.1316
2.98955951191126,6.76831694767498,5.84575830052386,6.0132,4.21628,4.1316
3.01152260504449,6.78218561025233,5.83952563775461,6.0132,4.21628,4.10411
3.00039546342198,6.80981117910627,5.83313191246922,6.02419,4.30205,4.10411
3.01304508879209,6.81359839077803,5.82706955969767,6.02419,4.30205,4.10411
3.00170060549344,6.80891663392776,5.82045403246859,6.02419,4.30205,4.10411
2.99478307798303,6.84692641472638,5.81411655164794,6.011,4.33394,4.19978
2.97375930280173,6.84512137934024,5.80816769509542,6.011,4.33394,4.19978
2.98348770309946,6.83339052346414,5.80221403947416,6.011,4.33394,4.19978
2.9989990003293,6.84018215339495,5.79617915130733,6.011,4.33394,4.19978
3.03021668884994,6.81699797445443,5.79033641676512,5.9857,4.27676,4.28226
3.01809796464042,6.77562152100243,5.78495662123581,5.9857,4.27676,4.28226
3.02717379743216,6.73528567685014,5.77984145548333,5.9857,4.27676,4.28226
3.0074727482463,6.68910895385956,5.77539466851719,5.9857,4.27676,4.28666
3.01552400319581,6.62566688227862,5.77151020546797,5.97361,4.20638,4.28666
2.99210906031898,6.6260642901196,5.76837835655442,5.97361,4.20638,4.28666
2.96379638133758,6.67703971488231,5.76607366181562,5.97361,4.20638,4.28666
2.97908799381492,6.67210244875078,5.76501359604977,5.97361,4.18658,4.27236
3.00071123835749,6.65781964846047,5.76491668749376,5.96261,4.18658,4.27236
3.00959462265896,6.67970655411328,5.76615110580709,5.96261,4.18658,4.27236
3.00030993769623,6.69456893251325,5.76839372615235,5.96261,4.18658,4.27236
3.03638026811627,6.68438640175407,5.77174650939696,5.94611,4.20198,4.26246
3.0203468267558,6.69136893246503,5.77651879659252,5.94611,4.20198,4.26246
3.01831939843623,6.71637844491926,5.78292816699993,5.94611,4.20198,4.26246
2.98895115777809,6.71289422785963,5.79041066596471,5.94611,4.20198,4.21848
2.99966978595787,6.69837481223444,5.79855864489067,5.94721,4.25696,4.21848
2.98210993202648,6.7134152089448,5.80759280559242,5.94721,4.25696,4.21848
3.00037409185034,6.67929421516703,5.81695645479856,5.94721,4.25696,4.21848
2.99833071565639,6.64417042149347,5.82687083150377,5.97801,4.32405,4.15249
2.98627556875272,6.6096775612754,5.83649397830922,5.97801,4.32405,4.15249
3.00470681011574,6.5582713285895,5.84620853940922,5.97801,4.32405,4.15249
3.0219505277708,6.52349563509866,5.85522158782178,5.97801,4.32405,4.15249
3.00784615354035,6.5507019747118,5.86380474775248,6.01979,4.32625,4.1162
3.00653254940467,6.59997127817015,5.87148979080258,6.01979,4.32625,4.1162
3.01966355276459,6.59350465281717,5.87898557271537,6.01979,4.32625,4.1162
3.00070934363077,6.59954074016196,5.88600119221498,6.01979,4.26576,4.1261
3.00501457413266,6.62964667500206,5.89221975426061,6.02639,4.26576,4.1261
2.99291548559575,6.64725407646094,5.89747516567525,6.02639,4.26576,4.1261
2.99359059308143,6.6334707556425,5.90237176444845,6.02639,4.26576,4.1261
2.98792884569871,6.67152366940581,5.90691145183082,5.9989,4.23167,4.17669
2.98227250086103,6.68213484049043,5.91047742391023,5.9989,4.23167,4.17669
3.01152741160822,6.67750354505424,5.91381935040177,5.9989,4.23167,4.17669
3.02170932245902,6.67855537019653,5.91670341836871,5.9989,4.23167,4.24927
3.01954250035724,6.66836971761921,5.91979621386931,5.97471,4.23607,4.24927
3.01693615399945,6.63096807771479,5.92231141557822,5.97471,4.23607,4.24927
3.00187471206778,6.59480960633382,5.92527772646391,5.97471,4.23607,4.24927
3.00025241938891,6.55382009417889,5.92818709568333,5.95821,4.23607,4.29435
2.99671615386048,6.50125782666935,5.93145678874431,5.95821,4.23607,4.29435
2.98217676450134,6.4681083094416,5.9343804898879,5.95821,4.23607,4.29435
3.00075618854752,6.51310806208518,5.93751754461352,5.95821,4.23607,4.29435
2.99631259877665,6.52850391107565,5.94047541261537,5.95931,4.25037,4.27786
3.00464225877645,6.52015164482996,5.94399278097604,5.95931,4.25037,4.27786
3.0003300163962,6.52840222214408,5.9476565494222,5.95931,4.25037,4.27786
3.01929749351855,6.55147885962665,5.95087094359316,5.95931,4.25037,4.19648
3.02615997131766,6.55237375731675,5.95413939140515,5.9835,4.29106,4.19648
2.9901149636309,6.54361497782379,5.95794253226001,5.9835,4.29106,4.19648
2.99489841084825,6.57903037318923,5.96183049372434,5.9835,4.29106,4.19648
3.00519126847989,6.58431489741874,5.96576133503104,5.9835,4.28556,4.16349
3.01206192447956,6.57726821974939,5.96995661985101,5.9835,4.28556,4.16349
2.99703261432596,6.58992350314332,5.97405191384107,5.9835,4.28556,4.16349
3.0014745974932,6.57110827419708,5.97867122521036,5.9835,4.28556,4.16349
2.98449319309788,6.54136047969585,5.9831790932498,5.96261,4.19318,4.20198
3.00571987561524,6.51499069876505,5.98803219904446,5.96261,4.19318,4.20198
2.99833125553007,6.48243626840307,5.99290099344329,5.96261,4.19318,4.20198
3.00539548598036,6.44552642203854,5.99653290715257,5.96261,4.19318,4.14809
3.01075388060999,6.45107497586952,5.99970036027233,6.0022,4.1437,4.14809
3.01270343030416,6.51865261684013,6.00249988117526,6.0022,4.1437,4.14809
3.00294159079492,6.53228540789432,6.00476678357164,6.0022,4.1437,4.14809
3.00395204737549,6.53781465459753,6.00605617321196,6.04509,4.24817,4.03922
3.01475648713842,6.56892956436629,6.00627565207781,6.04509,4.24817,4.03922
3.02191364977787,6.60061677412604,6.00559791608834,6.04509,4.24817,4.03922
2.99370351084443,6.59238154419018,6.00395727256636,6.04509,4.24817,4.03922
2.97050549214386,6.61742238343585,6.00094338615723,6.0099,4.34164,4.136
2.98309992825221,6.65069755168119,5.99741652654347,6.0099,4.34164,4.136
3.00162820178239,6.65520458268628,5.99240614725089,6.0099,4.34164,4.136
3.00371129120805,6.63624499303019,5.98667517913625,6.0099,4.28006,4.28776
3.00038410742089,6.6537013212587,5.97990486215712,5.97031,4.28006,4.28776
2.99895195961099,6.62067075168069,5.97222188310764,5.97031,4.28006,4.28776
3.01875437019402,6.58479443906885,5.96404258144766,5.97031,4.28006,4.28776
3.04390019166978,6.54914808687305,5.95564793458922,5.94721,4.1393,4.31085
3.03228642893135,6.5059459496418,5.94695368016862,5.94721,4.1393,4.31085
3.0283198855669,6.45920402242093,5.93821618132216,5.94721,4.1393,4.31085
2.98590061160874,6.48884642682586,5.929485145888,5.94721,4.1393,4.26246
2.93122787499948,6.5314619828641,5.9207112430973,5.95051,4.1415,4.26246
2.95732552922918,6.52860502628253,5.91238989176568,5.95051,4.1415,4.26246
2.99967402619336,6.5316956823216,5.90407030785632,5.95051,4.1415,4.26246
3.01904836457606,6.56480468605221,5.89629811045855,5.93292,4.24267,4.24047
3.01151516057248,6.57961226550827,5.88931813161313,5.93292,4.24267,4.24047
3.02431908665752,6.57622766414502,5.88329686838184,5.93292,4.24267,4.24047
3.03104076146086,6.61510811408475,5.8778578931524,5.93292,4.24267,4.24047
3.0203289154613,6.63912066330349,5.87285029900231,5.95931,4.31855,4.17999
3.01009408026004,6.63604800673006,5.86800867820369,5.95931,4.31855,4.17999
3.00872530051968,6.64012775556628,5.86332326071003,5.95931,4.31855,4.17999
2.97138814030328,6.64896519382334,5.85876812354485,5.95931,4.31855,4.06562
2.98287722934096,6.62152483414625,5.85469865001525,6.02199,4.37353,4.06562
2.98059558625706,6.59501758071232,5.85035539227206,6.02199,4.37353,4.06562
2.98070948848043,6.56619335537547,5.84617296670392,6.02199,4.37353,4.06562
3.01125902036863,6.52602347939359,5.84184608223624,6.02199,4.27676,4.1074
3.0597915590709,6.5054022341193,5.83708186483974,5.9989,4.27676,4.1074
3.03169314532669,6.56835043735459,5.83252074159619,5.9989,4.27676,4.1074
3.00468529564203,6.58708779647797,5.82832259337669,5.9989,4.27676,4.1074
2.97385973233522,6.5840516331494,5.82401228112619,5.9857,4.21188,4.17669
2.97290030472569,6.59991889275817,5.82031911325212,5.9857,4.21188,4.17669
2.98151198968228,6.6282278208869,5.81718919674503,5.9857,4.21188,4.17669
2.98944264307885,6.63436121197292,5.81412121163562,5.9857,4.21188,4.22947
3.01009864880288,6.62823851436254,5.81207429192814,5.96041,4.31855,4.22947
3.05051398948169,6.66427106994655,5.8105758520739,5.96041,4.31855,4.22947
3.04704509468804,6.66416330326767,5.80927714982944,5.96041,4.31855,4.22947
3.00795652278895,6.65000581873772,5.80861323740286,5.96591,4.36364,4.23607
2.9788214074498,6.65117461792644,5.80903809781334,5.96591,4.36364,4.23607
2.97220790830721,6.62138625288546,5.81023225156865,5.96591,4.36364,4.23607
2.9834945203612,6.57712748790177,5.81254883374064,5.96591,4.36364,4.23607
2.99693225956218,6.5331168570531,5.81628375356904,5.9868,4.32845,4.15469
3.0164418315888,6.48535932831379,5.82113663069519,5.9868,4.32845,4.15469
3.01354590260769,6.41967185064283,5.82736800009735,5.9868,4.32845,4.15469
3.0305812771189,6.41989550284198,5.83471862506861,5.9868,4.33504,4.1206
2.98836091337773,6.4669735597539,5.84341597178068,5.9846,4.33504,4.1206
2.95904825714266,6.45693244055772,5.85253580416705,5.9846,4.33504,4.1206
3.00120864002298,6.43826034541549,5.86292293291302,5.9846,4.33504,4.1206
3.02407966262438,6.45829468883399,5.87375392326011,5.97801,4.31525,4.19868
3.01527133109586,6.4740546468675,5.88498146701955,5.97801,4.31525,4.19868
3.02679485872256,6.46441044674475,5.89636809085431,5.97801,4.31525,4.19868
3.00239363555545,6.47328947418344,5.90894622489254,5.97801,4.31525,4.27786
2.99152111932193,6.49787383645982,5.92176291693664,5.95931,4.18658,4.27786
3.01453317686465,6.4954616400851,5.93448942717634,5.95931,4.18658,4.27786
3.00491359511187,6.48123169268167,5.94654272562837,5.95931,4.18658,4.27786
3.00515596189479,6.49446282478842,5.9585443917765,5.94391,4.09531,4.26576
2.98237276844704,6.46134378266774,5.97038332445897,5.94391,4.09531,4.26576
2.9715489525819,6.42727077644652,5.98167989256781,5.94391,4.09531,4.26576
2.96758000855446,6.39397081008397,5.99223321564852,5.94391,4.09531,4.26576
3.01547843440694,6.34828057637563,6.00206733853866,5.93842,4.1162,4.22397
3.03208843231023,6.31605197327163,6.01146155481015,5.93842,4.1162,4.22397
3.01844248935721,6.34468508619772,6.0191753249948,5.93842,4.1162,4.22397
3.02926143669373,6.39239182717355,6.02553082936033,5.93842,4.1162,4.16899
3.01781163366143,6.38587373195956,6.03091178266108,5.92852,4.17229,4.16899
3.00250792682659,6.39209855639835,6.03541438221186,5.92852,4.17229,4.16899
2.99024089568281,6.42441696467521,6.03812257199825,5.92852,4.17229,4.16899
2.99813200673782,6.44194146900219,6.03897986479663,5.92852,4.28556,4.07111
2.9759652131286,6.43313348213233,6.03866152596007,5.95381,4.28556,4.07111
2.98896339813022,6.47376623706103,6.03761359967025,5.95381,4.28556,4.07111
2.9954659652646,6.4872137605182,6.03519377270308,5.95381,4.28556,4.07111
3.01963861296949,6.48867218728538,6.03115806306859,5.9901,4.41422,4.01943
3.01453788526483,6.49133266897872,6.02626641562489,5.9901,4.41422,4.01943
2.99722842339512,6.48248894985594,6.02072564125358,5.9901,4.41422,4.01943
2.99149623387925,6.44993667242502,6.01415440615032,5.9901,4.41422,4.07991
3.02361831613193,6.41951771395651,6.00718622679847,5.9989,4.43952,4.07991
3.02538568258193,6.38623995908431,5.99985070513691,5.9989,4.43952,4.07991
3.00668827414965,6.34665270519087,5.99169241901016,5.9989,4.43952,4.07991
2.98929098520875,6.31973329679089,5.98346931121799,5.96371,4.31415,4.16789
2.97414109568034,6.37266311441661,5.97491054587683,5.96371,4.31415,4.16789
2.99872155953743,6.39673906366521,5.96791546599624,5.96371,4.31415,4.16789
2.98701788470642,6.39681947559098,5.9615974721485,5.96371,4.31415,4.16789
3.0275266477357,6.41241886849451,5.95678431340903,5.91972,4.20968,4.20308
3.05178312108765,6.44478449017234,5.95285318120891,5.91972,4.20968,4.20308
3.02261793154681,6.45459100220019,5.94987252507765,5.91972,4.20968,4.20308
2.95050238377532,6.45838974983624,5.94829318688185,5.91972,4.29106,4.1349
2.9383896051214,6.50256367590431,5.9473336895468,5.97031,4.29106,4.1349
3.00582317607597,6.51507899743859,5.94762341328765,5.97031,4.29106,4.1349
3.027184332566,6.51756793552227,5.94835707095068,5.97031,4.29106,4.1349
3.03312440298874,6.53260154447194,5.94920568573814,6.02419,4.36584,4.06012
3.03562538016814,6.51581209968267,5.95049371006125,6.02419,4.36584,4.06012
3.01978477549476,6.48860774466765,5.95200240817219,6.02419,4.36584,4.06012
3.00594214635212,6.46365768922377,5.9530781464551,6.02419,4.36584,4.1151
2.99158146397124,6.43310104718084,5.95387099581824,6.0066,4.32515,4.1151
2.98322633608072,6.39656340111927,5.95351854482649,6.0066,4.32515,4.1151
2.97931700266614,6.39977241637708,5.9534227631587,6.0066,4.32515,4.1151
2.94557578567706,6.4631564629683,5.95220746854224,5.97251,4.26466,4.21408
2.95261799586296,6.47441417748284,5.95037464119389,5.97251,4.26466,4.21408
2.996882532011,6.47819270611616,5.94728376448096,5.97251,4.26466,4.21408
3.09315120934971,6.50614917406747,5.9436598122849,5.97251,4.26466,4.21408
3.08006390853383,6.53533527439393,5.93949330929551,5.95381,4.23277,4.27346
3.0731531343048,6.52559849317687,5.9348268682157,5.95381,4.23277,4.27346
3.00580976590964,6.55190132053999,5.92915136595112,5.95381,4.23277,4.27346
2.93778849953474,6.58553061995746,5.92288659248042,5.95381,4.23277,4.29765
2.94615592863382,6.59351987304816,5.91668705915705,5.96041,4.22067,4.29765
2.95611073991356,6.57838555758631,5.90980493430961,5.96041,4.22067,4.29765
2.98908558682289,6.59806465681721,5.90293905601284,5.96041,4.22067,4.29765
2.99029535927876,6.57084806422727,5.89638833848898,5.96041,4.23167,4.25477
3.00999416979315,6.5423529313054,5.89026756044665,5.989,4.23167,4.25477
3.05046180155237,6.5148436307934,5.88346198642216,5.989,4.23167,4.25477
3.03720292480451,6.47890338669357,5.87642641134115,5.989,4.23167,4.25477
3.02381968184468,6.44460429869434,5.86971451315835,6.011,4.25916,4.20418
3.00295622022665,6.48599294045774,5.86353924830989,6.011,4.25916,4.20418
2.9813777707376,6.53759782542716,5.85754809131739,6.011,4.25916,4.20418
3.01647227998618,6.54498410986978,5.85143333540477,6.011,4.25916,4.20858
2.97649105091237,6.55814015179646,5.84538759611628,5.9989,4.27676,4.20858
2.99877921612751,6.60097865460487,5.83921108547423,5.9989,4.27676,4.20858
2.98792383976798,6.6232707088959,5.83279102469889,5.9989,4.27676,4.20858
2.99871316951047,6.62779961910725,5.8258433952917,5.9945,4.28556,4.20198
3.00848146235051,6.67440873277721,5.8190444575898,5.9945,4.28556,4.20198
3.01188715354642,6.70612058926963,5.81154873536167,5.9945,4.28556,4.20198
2.9906889443751,6.70547623543531,5.80371224082998,5.9945,4.28556,4.20198
3.01793132055517,6.71427343380345,5.79540403369893,5.9879,4.28996,4.19978
3.02060804489534,6.72397977333786,5.78793994301224,5.9879,4.28996,4.19978
3.00624571042217,6.69787414707249,5.78028103247516,5.9879,4.28996,4.19978
2.99871787758506,6.67234956738819,5.77304294884,5.9879,4.28116,4.20308
2.99198090570935,6.64300032310129,5.76567575064398,5.9857,4.28116,4.20308
2.99620755531257,6.60112939139078,5.75815411635036,5.9857,4.28116,4.20308
2.98909017417541,6.58142990508812,5.75100824249406,5.9857,4.28116,4.20308
3.00815440915387,6.64453271556427,5.74443048345643,5.9967,4.26576,4.20198
2.99799718959826,6.65887097564024,5.73878885401312,5.9967,4.26576,4.20198
3.02052440865731,6.65470504397217,5.73363723642944,5.9967,4.26576,4.20198
3.01156883363392,6.66727714967979,5.72951002167193,5.9967,4.26576,4.20968
2.99695241672334,6.69344082621839,5.72634894769805,5.9956,4.20968,4.20968
3.01073904720441,6.69600688704018,5.72401449022498,5.9956,4.20968,4.20968
3.00556459010851,6.69182774481257,5.72280425044436,5.9956,4.20968,4.20968
2.99681882721181,6.72640507735948,5.72249635808021,5.9835,4.16679,4.20858
2.98681265037138,6.72398030458433,5.72217285078519,5.9835,4.16679,4.20858
3.00758420915397,6.70669087771289,5.72341934985914,5.9835,4.16679,4.20858
3.0008073530584,6.7074828338465,5.72414791761592,5.9835,4.16679,4.20858
3.00988429018789,6.67814697473711,5.72551453807401,5.97471,4.22177,4.21408
3.00424470803398,6.63224452123799,5.72675962700237,5.97471,4.22177,4.21408
2.99925582787376,6.58690103638246,5.72883093156473,5.97471,4.22177,4.21408
2.99345264841793,6.5358927761257,5.73136319498503,5.97471,4.22177,4.22287
2.9969143766592,6.46835317846969,5.73429810151582,5.95381,4.32955,4.22287
3.00103893414215,6.46842330090742,5.73693821700163,5.95381,4.32955,4.22287
3.02372134064104,6.51204001963738,5.74009942457584,5.95381,4.32955,4.22287
3.01597076715611,6.49631622387771,5.74433388749352,5.95381,4.34384,4.21518
3.01441124372971,6.47532707262687,5.74819462023328,5.92412,4.34384,4.21518
2.99761934902079,6.49088864704515,5.75277732724968,5.92412,4.34384,4.21518
2.98835449595018,6.50444033504176,5.75828494613661,5.92412,4.34384,4.21518
2.99902431137522,6.49139693031873,5.76498850946684,5.89003,4.17669,4.19318
2.97262766041038,6.49039720783335,5.77075921414337,5.89003,4.17669,4.19318
2.99953772691968,6.509133381713,5.77710224723101,5.89003,4.17669,4.19318
3.0280622367101,6.49788366613351,5.78438483231432,5.89003,4.17669,4.05682
3.02243940944775,6.47545892814399,5.79165028477531,5.9835,4.19428,4.05682
3.00068315738362,6.48049280644921,5.79917042309514,5.9835,4.19428,4.05682
3.00624492144143,6.43829120559094,5.80571976935659,5.9835,4.19428,4.05682
2.96940710939558,6.39635129635647,5.81204410957329,6.03189,4.45821,3.98314
2.99137747432996,6.35449111406557,5.81814393801205,6.03189,4.45821,3.98314
3.00941888135979,6.29830802786427,5.8234686903994,6.03189,4.45821,3.98314
3.0507133026339,6.25738664942525,5.82781268516483,6.03189,4.45821,3.98314
3.02300483883701,6.28226746498091,5.83115908746409,6.0088,4.52089,4.07661
2.98762860053913,6.31909054260384,5.8330319967804,6.0088,4.52089,4.07661
2.96990688777936,6.30413041136102,5.83416563527616,6.0088,4.52089,4.07661
2.98526900668297,6.3058765366026,5.83480871186227,6.0088,4.35484,4.1393
3.00810363819809,6.33201860676342,5.83417118000249,5.9868,4.35484,4.1393
2.97244720630885,6.34862029963506,5.83289506924644,5.9868,4.35484,4.1393
3.02975907967833,6.33623311351935,5.83101389783451,5.9868,4.35484,4.1393
3.05236683782264,6.37513790609219,5.82809248356556,5.9945,4.22287,4.1327
3.02125444313569,6.38558321807746,5.82464724355937,5.9945,4.22287,4.1327
2.93162891938541,6.38373343223603,5.82052699311822,5.9945,4.22287,4.1327
2.99297175052949,6.38596639438092,5.81620243763314,5.9945,4.22287,4.09311
3.05161407977785,6.37459521878099,5.810687390061,6.02749,4.28996,4.09311
3.0003144626518,6.3409712951176,5.80521590510508,6.02749,4.28996,4.09311
3.00397156120336,6.30938520159254,5.79988698943373,6.02749,4.28996,4.09311
2.97638357012696,6.27461270820413,5.79410491598959,6.0099,4.38233,4.16459
3.0052918801724,6.2318029891839,5.78838189704912,6.0099,4.38233,4.16459
3.02872777789008,6.20780252025153,5.78242158843371,6.0099,4.38233,4.16459
3.00733661753286,6.25678307543884,5.77688353748052,6.0099,4.38233,4.16459
2.99182254588368,6.27430090670516,5.77119700613521,5.9813,4.36584,4.28886
2.9638043432097,6.27011158980396,5.76619263058911,5.9813,4.36584,4.28886
2.97107309226746,6.28185803512267,5.76054915315075,5.9813,4.36584,4.28886
3.02051457892949,6.31007151494277,5.75529850311836,5.9813,4.36584,4.33065
3.04956646344579,6.31571756657739,5.75011266996478,5.96261,4.26576,4.33065
3.01907006595552,6.31672632499922,5.74586392949162,5.96261,4.26576,4.33065
3.03027139042871,6.35756371393351,5.74148133435146,5.96261,4.26576,4.33065
3.01109744654585,6.36442952459842,5.73683860142585,5.96261,4.15909,4.28666
2.9735130881179,6.36253821327503,5.73121190850479,5.97691,4.15909,4.28666
2.9650532163453,6.37010104038344,5.72446238459029,5.97691,4.15909,4.28666
2.97891844153622,6.34658986695308,5.71785210397426,5.97691,4.15909,4.28666
2.99783866631466,6.31556877614636,5.7100206458378,5.989,4.04582,4.21738
2.98996984394849,6.28676347977002,5.70221280229861,5.989,4.04582,4.21738
3.05335589791179,6.25525865950995,5.69397632431401,5.989,4.04582,4.21738
3.04446908343494,6.22274339558304,5.68617419769302,5.989,4.04582,4.16129
3.01829844717158,6.22028264838204,5.67654859736743,6.0055,4.07661,4.16129
2.9865931627707,6.27951012029068,5.6664078482336,6.0055,4.07661,4.16129
2.9521724783674,6.28448895037415,5.65683241970599,6.0055,4.07661,4.16129
2.98409579777077,6.28442227177786,5.64682489098585,6.0154,4.28886,4.15469
2.99019440582185,6.31041111503873,5.63666877732673,6.0154,4.28886,4.15469
3.0052973869311,6.33801998039141,5.62652803774575,6.0154,4.28886,4.15469
3.00200275985562,6.32562904891419,5.61648451695561,6.0154,4.28886,4.15469
3.04032816654622,6.34956967820716,5.6073605444033,6.0,4.4813,4.15689
3.0512139415789,6.37752085807715,5.59893385652974,6.0,4.4813,4.15689
3.0462636013229,6.3788731022959,5.59148251384321,6.0,4.4813,4.15689
3.00289052776786,6.35696442751036,5.58448841206304,6.0,4.4923,4.15029
2.97132071851561,6.3655587492858,5.57880066599291,5.9857,4.4923,4.15029
2.92873433777707,6.32934285026356,5.57506750328815,5.9857,4.4923,4.15029
2.9330452287818,6.29270351636278,5.57366276001689,5.9857,4.4923,4.15029
3.00256167043082,6.2561055661982,5.57447583144812,5.96481,4.42632,4.1426
3.0358657114081,6.21529285938522,5.57766909591277,5.96481,4.42632,4.1426
3.0488098736644,6.1735743504827,5.58371162259675,5.96481,4.42632,4.1426
3.02855263109712,6.20911948367588,5.59176274342572,5.96481,4.42632,4.16239
3.04268355096057,6.25088038278105,5.60230863192542,5.95161,4.40543,4.16239
2.99454914291717,6.25177543711181,5.61532896045534,5.95161,4.40543,4.16239
2.97102546077313,6.26025819582199,5.63092926272708,5.95161,4.40543,4.16239
2.98053138981568,6.30173032679404,5.64777207685677,5.97911,4.34054,4.15579
3.0024293590393,6.33002680207889,5.66647212913351,5.97911,4.34054,4.15579
2.99483292022573,6.33617329015785,5.68650776915902,5.97911,4.34054,4.15579
3.0264801703496,6.38975643345079,5.70764072707709,5.97911,4.34054,4.15579
3.00583740816985,6.42780627430454,5.72939918026894,6.0033,4.19318,4.09861
3.01401663851055,6.43357277645102,5.75055957561146,6.0033,4.19318,4.09861
3.00675946569294,6.44245906883429,5.77168678477315,6.0033,4.19318,4.09861
2.98474790165721,6.45627859759009,5.79181456495702,6.0033,4.19318,4.07001
2.96360607387805,6.43547392297436,5.81104566890766,6.0033,4.1283,4.07001
2.9915556142624,6.41380160503159,5.82794291053219,6.0033,4.1283,4.07001
3.00055980257225,6.38841390890898,5.84260841381235,6.0033,4.1283,4.07001
3.01219134137152,6.35580160342474,5.85472795759352,6.0033,4.15579,4.06891
3.03957017576916,6.34361533863918,5.86424849306973,6.0011,4.15579,4.06891
3.015410398947,6.40291216934363,5.86967239914865,6.0011,4.15579,4.06891
3.0287944371952,6.4082085884562,5.87299836879767,6.0011,4.15579,4.06891
3.00694316207487,6.39907920392493,5.87365270854724,5.9868,4.27566,4.08211
3.01493786759386,6.40261294001272,5.87199441436164,5.9868,4.27566,4.08211
3.00092601949744,6.42308667535139,5.86878704009234,5.9868,4.27566,4.08211
2.98307194888646,6.42087586173599,5.86409752307917,5.9868,4.27566,4.14809
2.95049420540881,6.4044676968781,5.85834117407834,5.98021,4.5132,4.14809
2.9391625345651,6.43153342809808,5.85124690255752,5.98021,4.5132,4.14809
2.98263224133153,6.42268034022317,5.84351977073943,5.98021,4.5132,4.14809
3.0274692573735,6.38815011532763,5.83449588314932,5.989,4.54839,4.18218
3.04631534252899,6.37056085528944,5.82458230852637,5.989,4.54839,4.18218
3.04621300076129,6.32505013362195,5.814425796217,5.989,4.54839,4.18218
3.05576401558339,6.26660486366765,5.80539756110958,5.989,4.54839,4.18218
3.04166459204792,6.20902700089412,5.79692810537516,5.97251,4.38123,4.15139
3.02899869194512,6.14927249074908,5.79042146910743,5.97251,4.38123,4.15139
2.97329986683097,6.07674117751892,5.78522795547361,5.97251,4.38123,4.15139
2.93641766761381,6.07191728659656,5.78202207347832,5.97251,4.38563,4.18878
2.92422348419354,6.10666598507851,5.78080798129532,5.95931,4.38563,4.18878
2.92119938355548,6.0847732937462,5.78155685794417,5.95931,4.38563,4.18878
2.92887767524139,6.05909179348484,5.78339293483703,5.95931,4.38563,4.18878
3.06183649480086,6.07496141986722,5.78695650306157,5.9945,4.41642,4.19648
3.1065481700013,6.092589803968,5.79196888257277,5.9945,4.41642,4.19648
3.11494675512059,6.08538788662346,5.79816804801311,5.9945,4.41642,4.19648
3.0731192514054,6.09667927776851,5.80606165739083,5.9945,4.41642,4.07221
3.02835175560916,6.12576905701737,5.81418130346778,6.0132,4.24487,4.07221
2.9897161767731,6.12675097051249,5.82238857061674,6.0132,4.24487,4.07221
2.95254477182765,6.11028671129881,5.8309040554318,6.0132,4.24487,4.07221
2.9059487446281,6.11845449813041,5.83856651989074,6.0132,4.14479,3.99523
2.8935758845049,6.08408927625655,5.84519985944217,6.0132,4.14479,3.99523
2.93384504225617,6.04968518092384,5.85201977018322,6.0132,4.14479,3.99523
3.00007899626484,6.01381864641169,5.85875142865005,6.0132,4.14479,3.99523
3.07713621200196,5.96740362869478,5.8652547840654,5.9868,4.37793,4.14589
3.08635831426911,5.93036524474184,5.87173765247398,5.9868,4.37793,4.14589
3.08682082961873,5.95772169942317,5.87864791792913,5.9868,4.37793,4.14589
3.04693722716499,5.99371992575616,5.88574065875551,5.9868,4.37793,4.35044
3.01065229748635,5.9760195969251,5.8925074399982,5.94721,4.60227,4.35044
2.97229412047906,5.97107633597429,5.89874046437898,5.94721,4.60227,4.35044
2.94932764630563,5.99623607039992,5.90472470638389,5.94721,4.60227,4.35044
2.93284035964779,6.01354958982331,5.91120923557923,5.94721,4.36254,4.26576
2.96831783161848,5.99979059336228,5.9174245808134,5.93072,4.36254,4.26576
3.01101227395954,6.03699272150025,5.92197337783655,5.93072,4.36254,4.26576
3.05396686632759,6.0527994576287,5.92781338772848,5.93072,4.36254,4.26576
3.0667598537357,6.05303092686309,5.93340213055495,5.96041,4.09091,4.05572
3.0201311653708,6.04581102304555,5.9384113216417,5.96041,4.09091,4.05572
2.97439829360925,6.03094083249453,5.94453618400676,5.96041,4.09091,4.05572
2.97449538546569,6.00023143414047,5.95110657055871,5.96041,4.09091,4.10191
2.90554745584989,5.97275493517049,5.95828061576747,5.94831,4.23167,4.10191
2.93441366231048,5.94478275136599,5.96467957951488,5.94831,4.23167,4.10191
3.04448989916262,5.91417518221187,5.97022559561685,5.94831,4.23167,4.10191
3.09458618077842,5.89639557408009,5.97522512960628,5.93512,4.43072,4.22617
3.09539455065115,5.95908997263457,5.9792392755271,5.93512,4.43072,4.22617
3.05455528754381,5.98174870597037,5.98200639161735,5.93512,4.43072,4.22617
3.02263961807668,5.98366889449762,5.98305626917232,5.93512,4.43072,4.22617
2.97537465976885,6.0045225266823,5.98320769386992,5.97361,4.44721,4.1338
2.93376904071892,6.04472151011277,5.98258922402252,5.97361,4.44721,4.1338
2.91907422003548,6.06256355734183,5.982695022118,5.97361,4.44721,4.1338
2.96610560181502,6.07261749914611,5.98243246574602,5.97361,4.44501,4.03262
3.00583889045805,6.12022267482289,5.98245688171947,5.9879,4.44501,4.03262
2.99131415620479,6.14015898800166,5.98170084947612,5.9879,4.44501,4.03262
2.96318184002124,6.14573852731318,5.98064512783448,5.9879,4.44501,4.03262
3.08738931140925,6.15442284152427,5.97863346139796,5.95931,4.40103,4.08541
3.04291556602165,6.13416879674766,5.97560382787772,5.95931,4.40103,4.08541
3.03973243571881,6.1071069235647,5.97062938906198,5.95931,4.40103,4.08541
3.03030192329758,6.08118998185433,5.96442786104557,5.95931,4.40103,4.1074
3.02049018666335,6.05385222533747,5.95762225905317,5.95381,4.18768,4.1074
3.01165590276345,6.02480648615612,5.95118658850221,5.95381,4.18768,4.1074
2.96865970646012,6.02969045224885,5.9448691318748,5.95381,4.18768,4.1074
2.97138153681356,6.09202179788117,5.93795671640766,5.9879,4.26136,4.08211
2.98533943822282,6.09922094932164,5.93024800923562,5.9879,4.26136,4.08211
2.96509543929284,6.09794597333595,5.92270673134536,5.9879,4.26136,4.08211
2.95794078541856,6.12641038957061,5.91411893749619,5.9879,4.26136,4.08211
2.95234218563414,6.162581280749,5.90414410485003,6.0077,4.4967,4.17559
3.00148510554592,6.15813416418386,5.89450912943061,6.0077,4.4967,4.17559
3.04466344798514,6.19508329209793,5.88469213114251,6.0077,4.4967,4.17559
3.09944116344982,6.23258423354859,5.87431060638146,6.0077,4.4967,4.24157
3.077020379677,6.24609471900098,5.86255543394838,6.0132,4.4978,4.24157
3.05955385928713,6.2273318801335,5.84959879427596,6.0132,4.4978,4.24157
2.9991714237026,6.24350467012755,5.83522097709434,6.0132,4.4978,4.24157
2.97665669567164,6.21474812520032,5.81832927049579,6.0132,4.25367,4.23607
2.93314152041709,6.18388593235488,5.79963621259011,5.9989,4.25367,4.23607
2.9102807193136,6.15237208872451,5.7819577348387,5.9989,4.25367,4.23607
2.90866610381015,6.11749167781913,5.76487005406951,5.9989,4.25367,4.23607
2.97782583889462,6.07962199176307,5.74858628243808,5.97471,4.19428,4.26246
3.06254105027539,6.11330424520679,5.73201836455498,5.97471,4.19428,4.26246
3.11800036288427,6.15304274406999,5.71810055815859,5.97471,4.19428,4.26246
3.06926367044989,6.15075517008911,5.70489486895566,5.97471,4.19428,4.34714
3.00904372844153,6.1517310584539,5.69284876322719,5.97141,4.4857,4.34714
2.97579940444986,6.18893729461439,5.68200455833669,5.97141,4.4857,4.34714
2.96232881322199,6.21010849990888,5.67177003919889,5.97141,4.4857,4.34714
2.9726692385821,6.21390175662295,5.66251758556776,6.0044,4.54839,4.32075
2.97977456695522,6.26446104669074,5.65299605091147,6.0044,4.54839,4.32075
3.0392502253116,6.29508252237264,5.6431056330296,6.0044,4.54839,4.32075
3.05502617788308,6.29530093039888,5.63313662140509,6.0044,4.54839,4.32075
3.04382422831935,6.30081722970508,5.62414076828795,6.02529,4.27236,4.1338
3.00180226030274,6.30610408285459,5.61545335871534,6.02529,4.27236,4.1338
2.95941766999528,6.28286041231006,5.60596011475046,6.02529,4.27236,4.1338
2.91541644868899,6.26012065269954,5.59737750362978,6.02529,4.1206,4.02933
2.87856756443525,6.23568596213607,5.58842792534732,6.02859,4.1206,4.02933
2.97355754227991,6.21029888030394,5.57925223047022,6.02859,4.1206,4.02933
3.11266260659731,6.20218256320269,5.56918565295698,6.02859,4.1206,4.02933
3.09026790601224,6.26262592475635,5.55748967076658,6.0011,4.07221,4.07661
3.07290954075635,6.27171305852129,5.54345351345014,6.0011,4.07221,4.07661
3.04359525995808,6.26840572866673,5.52829687363355,6.0011,4.07221,4.07661
3.02053651805245,6.2758506789774,5.51337111185144,6.0011,4.07221,4.06452
2.98814497213979,6.30171347698184,5.4981160822094,6.0088,4.17559,4.06452
2.97297636547326,6.3013995936307,5.48250424912475,6.0088,4.17559,4.06452
2.96898664088873,6.29115058892778,5.46767690598042,6.0088,4.17559,4.06452
2.94477636151284,6.32062906596141,5.45415490930418,5.989,4.59897,4.19208
2.94320484101085,6.31247954632396,5.44291655999838,5.989,4.59897,4.19208
2.92660478299825,6.28125611642586,5.43303123714413,5.989,4.59897,4.19208
2.94286461326875,6.26817150361104,5.42438215623373,5.989,4.59897,4.19208
3.01387410914842,6.22315839782253,5.41691999234963,5.97251,4.82111,4.27566
3.1352418801969,6.16678457779726,5.41197837172259,5.97251,4.82111,4.27566
3.12608098448895,6.11129936904455,5.40922725216686,5.97251,4.82111,4.27566
3.08765566557693,6.05543872594618,5.4081145894145,5.97251,4.82111,4.1327
3.09694741494993,5.98657281177754,5.40968120699852,5.9857,4.59457,4.1327
2.99614191897004,5.99100543187838,5.41213044242914,5.9857,4.59457,4.1327
2.91485942011629,6.02830705930249,5.41654289934288,5.9857,4.59457,4.1327
2.87491041089724,6.01129842976249,5.42297278993571,5.9857,4.26576,3.98314
2.82722252721832,5.98901393283576,5.43144549038155,6.0044,4.26576,3.98314
2.88096849547955,6.01382855960129,5.44124771406711,6.0044,4.26576,3.98314
3.01687596083952,6.03959669998271,5.45126624078615,6.0044,4.26576,3.98314
3.15806992853601,6.04217696236319,5.46177057165195,5.9923,4.22287,4.04252
3.13661557742691,6.06548997523448,5.47352557695906,5.9923,4.22287,4.04252
3.09226841710023,6.10154132010305,5.48397962697681,5.9923,4.22287,4.04252
3.05257501570291,6.10993168236063,5.49513007647255,5.9923,4.22287,4.19318
2.99515729762995,6.10415363515394,5.50561935524446,5.95271,4.30865,4.19318
2.95649393042721,6.12544075143583,5.51591002125954,5.95271,4.30865,4.19318
2.9172972583414,6.10185182912906,5.52511989543065,5.95271,4.30865,4.19318
2.92221777515804,6.07808398164337,5.53373255250973,5.94172,4.47911,4.24047
2.95836009759831,6.05268421224598,5.54136118591784,5.94172,4.47911,4.24047
3.0466364977046,6.01413142287063,5.54781913089748,5.94172,4.47911,4.24047
3.0376227715786,5.98910059129653,5.55421895639405,5.94172,4.47911,4.24047
3.01365418974138,6.02898570599298,5.56004800712448,6.0088,4.69355,4.08651
2.99135989664659,6.06953154782106,5.56508332163916,6.0088,4.69355,4.08651
2.93465391446994,6.06030074476662,5.570111933063,6.0088,4.69355,4.08651
3.02468877339057,6.06558583816816,5.57657337377233,6.0088,4.66496,3.99304
3.09612089462262,6.09907346745062,5.5840880998841,6.02089,4.66496,3.99304
3.10408799015705,6.122720197406,5.59260635068862,6.02089,4.66496,3.99304
3.04371193239625,6.11749418427313,5.6017514266572,6.02089,4.66496,3.99304
2.98029530210467,6.16566428001631,5.61101939982227,6.0055,4.45601,4.05792
2.90466608407685,6.19205097809134,5.61941956463064,6.0055,4.45601,4.05792
2.85364766642204,6.19820031737149,5.62678827647663,6.0055,4.45601,4.05792
2.88288860874503,6.19320722833979,5.63248765513922,6.0055,4.45601,4.04912
3.05678841181797,6.17879469717055,5.63789354960387,6.0143,4.27016,4.04912
3.09838082211205,6.15138470385696,5.643834288144,6.0143,4.27016,4.04912
3.12675972646705,6.12545966423805,5.65105004834927,6.0143,4.27016,4.04912
3.07778995927205,6.09732470231735,5.65786722208757,5.9912,4.30645,4.09201
3.03730465440354,6.06259240222324,5.66443063748001,5.9912,4.30645,4.09201
2.95883062587382,6.0433069957439,5.67059584621852,5.9912,4.30645,4.09201
2.92832158646912,6.10228432394313,5.67531656989418,5.9912,4.30645,4.09201
2.94122431013866,6.11308267133411,5.67979167886735,5.96811,4.44391,4.24597
2.92781379007279,6.10731953716175,5.68285699754125,5.96811,4.44391,4.24597
2.94072531049281,6.11960360817912,5.68560288847735,5.96811,4.44391,4.24597
3.00743272508134,6.14599585361643,5.68729348778705,5.96811,4.44391,4.25037
3.07292264391551,6.14797133899997,5.6893658061778,5.98021,4.55828,4.25037
3.1359046157165,6.14493686267571,5.69188654683435,5.98021,4.55828,4.25037
3.13234864676609,6.17733814205836,5.69381802882541,5.98021,4.55828,4.25037
3.00871085373836,6.18085461844649,5.69603136290368,5.98021,4.60227,4.19758
2.95416695980605,6.16749032838374,5.6971821518558,5.9901,4.60227,4.19758
2.88220986943316,6.17029091255005,5.70021874451535,5.9901,4.60227,4.19758
2.8609227953178,6.13873085683529,5.70399939518838,5.9901,4.60227,4.19758
2.93571268591891,6.1045984383317,5.70873837446997,5.97031,4.5132,4.24707
3.06614751881244,6.07311606159277,5.71388314854511,5.97031,4.5132,4.24707
3.11026745865742,6.04233154234454,5.71923549710461,5.97031,4.5132,4.24707
3.07229074458503,6.01392241815595,5.72376702860335,5.97031,4.5132,4.21628
3.02375795466986,6.02478946503201,5.7273965157052,5.9978,4.36804,4.21628
3.00938347726063,6.09054802115372,5.72988493653182,5.9978,4.36804,4.21628
2.97715927853869,6.1002345327302,5.73363479946166,5.9978,4.36804,4.21628
2.94739883260436,6.11235539245727,5.73618437879425,6.03299,4.25477,4.04692
2.9989873207447,6.15511654189743,5.73855246888354,6.03299,4.25477,4.04692
2.98977658806498,6.2028071687893,5.73896980165006,6.03299,4.25477,4.04692
3.02686141714122,6.21086225488007,5.73746624066778,6.03299,4.25477,3.98754
3.0059091156892,6.25562517998581,5.73554255669113,6.04289,4.24047,3.98754
3.00368312282416,6.30301427277835,5.73157874262126,6.04289,4.24047,3.98754
3.00886364067295,6.32158735915843,5.72572382285921,6.04289,4.24047,3.98754
2.95442673989215,6.30914299103735,5.71809639286407,6.04289,4.34824,4.10301
2.97201128539014,6.33042135385041,5.70813832970075,6.02859,4.34824,4.10301
3.01279073407215,6.30341094006685,5.69705679719613,6.02859,4.34824,4.10301
3.08207919271386,6.27252242137143,5.68519697205564,6.02859,4.34824,4.10301
3.02332991048852,6.23820417383902,5.67410104032178,6.011,4.52859,4.22507
3.01351671919015,6.19924077529376,5.66399709537062,6.011,4.52859,4.22507
3.00154024935806,6.16297529403985,5.65238827493717,6.011,4.52859,4.22507
2.97331958830436,6.19651947631064,5.63998543663674,6.011,4.52859,4.23387
2.94426744160337,6.21217521811457,5.62616691218448,6.02529,4.5022,4.23387
2.9810049368107,6.19438222569624,5.61051356434721,6.02529,4.5022,4.23387
3.03203271610505,6.17851497641232,5.59510833514403,6.02529,4.5022,4.23387
3.05139905249348,6.19758874044008,5.58197095273773,6.02749,4.29875,4.05572
2.99914793002383,6.20320808750655,5.5713250656492,6.02749,4.29875,4.05572
3.00483940043749,6.18362832991762,5.56112364481188,6.02749,4.29875,4.05572
2.97260676990103,6.20923156499302,5.55246824509539,6.02749,4.29875,4.05572
2.99814790146115,6.21676179724573,5.54448436117454,6.0044,4.38123,4.20418
3.09240731146449,6.19335149500926,5.5384139743479,6.0044,4.38123,4.20418
2.9872949465065,6.18347467959117,5.53127082296891,6.0044,4.38123,4.20418
2.91774922113671,6.16561091477874,5.52710379016229,6.0044,4.38123,4.41422
2.92268172403918,6.1237074405635,5.52304134618577,5.9912,4.63856,4.41422
2.94410905532577,6.08447322097224,5.51718360783292,5.9912,4.63856,4.41422
3.04371785217041,6.04573668931481,5.51267500036449,5.9912,4.63856,4.41422
3.13382100093346,6.00026334377372,5.50777482937358,6.03959,4.65396,4.26136
3.18466573637788,5.98187101181118,5.50306752478666,6.03959,4.65396,4.26136
3.10723009259247,6.04566645404176,5.49867871706758,6.03959,4.65396,4.26136
2.94810194515654,6.05356573477177,5.49596496820833,6.03959,4.65396,4.26136
2.8366907461485,6.04983237553998,5.49419353429872,6.03739,4.43402,4.08211
2.79848481871574,6.07510251026785,5.49599877235067,6.03739,4.43402,4.08211
2.84497534895786,6.11433494509349,5.49795605017662,6.03739,4.43402,4.08211
3.01539943096672,6.14105011963158,5.50091728930149,6.03739,4.43402,4.01723
3.13936403901234,6.1481897281515,5.50607997470835,6.03519,4.34054,4.01723
3.14416364971792,6.1976538425062,5.50993749026913,6.03519,4.34054,4.01723
3.0602091514752,6.21702329431973,5.51393100197278,6.03519,4.34054,4.01723
3.07745842811921,6.21385536410434,5.52162896941306,6.03519,4.29216,3.95125
3.0266374381246,6.22126044274665,5.53498780856617,6.03519,4.29216,3.95125
3.04115880915521,6.19744909021621,5.55003126072848,6.03519,4.29216,3.95125
2.94730645102961,6.16302583407606,5.56706811875834,6.03519,4.29216,4.14589
3.01805690304418,6.12596672452913,5.586395843327,6.0,4.24047,4.14589
2.8844255236601,6.08526005609095,5.60934163694365,6.0,4.24047,4.14589
2.77016171935525,6.03327960372458,5.63567742867414,6.0,4.24047,4.14589
2.96045433774249,6.04190903081914,5.66529540914647,6.0,4.44831,4.23497
2.96294329127102,6.07483025015112,5.69404629525342,5.989,4.44831,4.23497
3.0315656856619,6.04849829498125,5.72336618966976,5.989,4.44831,4.23497
3.15727407998511,6.01357355965648,5.75269159148615,5.989,4.44831,4.23497
3.22366466816671,6.02261122928072,5.78254646773077,5.97471,4.63636,4.34824
3.16898552440901,6.02604858590387,5.81132965874132,5.97471,4.63636,4.34824
3.11654033717289,5.99910940147904,5.840927826393,5.97471,4.63636,4.34824
2.92270320787571,6.00070566081612,5.87021074288728,5.97471,4.63636,4.44282
2.82674679751499,6.01209315114528,5.89474784178105,5.9945,4.67265,4.44282
2.78784476823596,5.99736918461289,5.91624153307156,5.9945,4.67265,4.44282
2.68565813680042,5.95568314949451,5.93672324891865,5.9945,4.67265,4.44282
2.89953616771467,5.93311437904275,5.94613692114694,6.03629,4.52639,4.04802
3.2292831795789,5.88236509015465,5.95056843702042,6.03629,4.52639,4.04802
3.33396721741364,5.83415601648698,5.95605813820616,6.03629,4.52639,4.04802
3.08160121238713,5.78737548341595,5.9606356154553,6.03629,4.52639,4.04802
3.02525094631807,5.73511154377781,5.96408242155776,6.02969,4.45601,4.00513
3.00850627411869,5.69392827557657,5.96622739598434,6.02969,4.45601,4.00513
3.07727597811017,5.72565056715,5.96738350659737,6.02969,4.45601,4.00513
2.99294445973475,5.75801609019472,5.96471603828127,6.02969,4.45601,4.38123
2.8032264351796,5.74687138344731,5.96372658283568,5.96921,4.5143,4.38123
2.70634030466496,5.75835892012874,5.96122272723377,5.96921,4.5143,4.38123
2.88992815635628,5.79673361962257,5.96168883671428,5.96921,4.5143,4.38123
3.03558169545731,5.83386381607562,5.96236018542853,5.97031,4.5099,4.23937
3.20450625597482,5.8369059594144,5.96319042221922,5.97031,4.5099,4.23937
3.21232483805055,5.8938938069747,5.96682397524962,5.97031,4.5099,4.23937
3.26619192046264,5.91890180190694,5.97385926446224,5.97031,4.5099,4.23937
3.07709708418072,5.93560723461726,5.98042061075671,6.0099,4.4835,3.77529
2.83567754888878,5.95321252974434,5.98964969701245,6.0099,4.4835,3.77529
2.90352451968491,5.95015044308874,6.00155319823076,6.0099,4.4835,3.77529
2.8705052189047,5.93191029856494,6.01576892442425,6.0099,4.4835,3.93805
2.4980105320086,5.91448662005265,6.03270299249222,6.03739,4.5099,3.93805
2.93072694773702,5.89503785500304,6.0487468058036,6.03739,4.5099,3.93805
3.35980356369015,5.88840046798616,6.06582826757804,6.03739,4.5099,3.93805
3.31031217897961,5.86356462073876,6.08331832319157,5.97141,4.511,4.46371
3.197165935269,5.92470115936754,6.09844501698311,5.97141,4.511,4.46371
3.07764679635525,5.94044310159264,6.11223711582131,5.97141,4.511,4.46371
2.86536057845139,5.9396266338989,6.12809254658527,5.97141,4.511,4.40872
2.73857116258044,5.94976036921966,6.14477345556682,5.95381,4.45381,4.40872
2.92255639079105,5.98125508912185,6.15946890521722,5.95381,4.45381,4.40872
2.9683005875171,5.99138655735774,6.1721764649717,5.95381,4.45381,4.40872
3.06246845733568,5.99462783725123,6.18405811748592,5.95381,4.32845,4.1129
3.06552984145655,6.03314132163162,6.19727649458927,5.97471,4.32845,4.1129
3.1146413486499,6.03841249917823,6.20938177658217,5.97471,4.32845,4.1129
3.01580818393953,6.01980207033073,6.21757923325921,5.97471,4.32845,4.1129
3.01854435816943,6.005482473391,6.22336801157022,5.9857,4.28226,4.03482
2.81794586467156,5.96391971852883,6.22767137554426,5.9857,4.28226,4.03482
2.91369562581566,5.91759644547277,6.23126486055029,5.9857,4.28226,4.03482
3.01553691370753,5.87134081665266,6.23653668204215,5.9857,4.28226,4.07441
3.11275980772707,5.82246273250875,6.24201295364798,5.9813,4.40982,4.07441
3.09880082463328,5.76433438004184,6.24928229555692,5.9813,4.40982,4.07441
3.04674254615096,5.75831678380718,6.25397878897124,5.9813,4.40982,4.07441
3.07547144127085,5.80962941772493,6.25671340022479,5.95821,4.59348,4.22507
2.97527588947413,5.79550824454169,6.25961337791157,5.95821,4.59348,4.22507
2.93432648748507,5.77752585591528,6.26405005325451,5.95821,4.59348,4.22507
2.87808281217103,5.80023729444868,6.26244253585118,5.95821,4.59348,4.22507
2.92118849579465,5.82974311334502,6.26151363367685,5.94282,4.57148,4.31745
2.93206880150855,5.8162101774337,6.26289694003392,5.94282,4.57148,4.31745
3.08624709327452,5.85495015511219,6.26552309191121,5.94282,4.57148,4.31745
3.10032629800092,5.89798471001172,6.26639188435749,5.94282,4.57148,4.26796
3.17352767353067,5.91684267493379,6.2676179642311,5.95821,4.43842,4.26796
3.10390374653985,5.91883814790713,6.26767800333793,5.95821,4.43842,4.26796
2.90232456434459,5.95065773253645,6.26473547850592,5.95821,4.43842,4.26796
2.81060315527671,5.94395912176242,6.26361049773759,5.97471,4.32075,4.23277
2.92331184248016,5.94076719127575,6.26225600012134,5.97471,4.32075,4.23277
2.92106261607346,5.93945985438276,6.26115372134195,5.97471,4.32075,4.23277
3.05608863748205,5.9410848862932,6.25964975937622,5.97471,4.32075,4.23277
3.16474418230048,5.93554663664314,6.25974713070287,5.9967,4.37463,4.1129
3.15030774272419,6.01552398569614,6.25862704906972,5.9967,4.37463,4.1129
3.01884859526486,6.07968872432226,6.25880926946688,5.9967,4.37463,4.1129
2.85998566805164,6.11426421294745,6.25713103308591,5.9967,4.37463,3.97214
2.99023614725356,6.15240384331275,6.25600801401667,6.02529,4.41752,3.97214
2.96738285456766,6.22186367318256,6.25484259329528,6.02529,4.41752,3.97214
2.9785105570803,6.27783588489199,6.25297279305258,6.02529,4.41752,3.97214
3.06171699809589,6.30152273256307,6.25083616430697,6.02419,4.33724,4.00403
3.01970240048238,6.37718029554202,6.24672880500096,6.02419,4.33724,4.00403
2.93189241387928,6.42980248141796,6.24199517343524,6.02419,4.33724,4.00403
3.02095155051627,6.4246411061327,6.2347387317167,6.02419,4.33724,4.22177
2.95693757473586,6.4441482270234,6.22610614745837,5.9934,4.29545,4.22177
3.02489882504481,6.44498787347331,6.21493601962565,5.9934,4.29545,4.22177
3.04651242344344,6.41925730210338,6.20417233418863,5.9934,4.29545,4.22177
3.0317889562454,6.39012379218614,6.19200522389454,5.9934,4.39113,4.42632
3.04976436177675,6.3567468823814,6.1797169792498,5.97251,4.39113,4.42632
2.99850923083481,6.3102623134957,6.16552042571466,5.97251,4.39113,4.42632
2.9458689497738,6.285418292693,6.15091726419105,5.97251,4.39113,4.42632
2.96417316347329,6.34816588689872,6.13396113956462,5.9978,4.41312,4.40652
2.99018695730225,6.33556579601436,6.11297276696309,5.9978,4.41312,4.40652
2.97683485848044,6.31205052158109,6.08847508902176,5.9978,4.41312,4.40652
3.02289198865408,6.31438466631777,6.06313091712055,5.9978,4.41312,4.16459
3.08857659285492,6.33482627868934,6.03333225085682,6.03409,4.34164,4.16459
3.08928505741171,6.33071989789857,6.00331381614348,6.03409,4.34164,4.16459
3.01389972605088,6.31842316525907,5.97097722552674,6.03409,4.34164,4.16459
2.92448780552997,6.35893944724864,5.93848622797605,6.06048,4.38453,4.02383
2.94972011120733,6.34944538444668,5.90402614756078,6.06048,4.38453,4.02383
2.93425708235064,6.32711321211592,5.86561921084538,6.06048,4.38453,4.02383
2.92448861330446,6.34327913454209,5.82777888850661,6.06048,4.38453,4.02383
2.9379728846377,6.31257723204459,5.7884950525247,6.02529,4.5066,4.19648
3.01419970806707,6.27643874543028,5.74948021027846,6.02529,4.5066,4.19648
3.09757312123419,6.24172281919539,5.71235134799019,6.02529,4.5066,4.19648
3.20934290942196,6.20776180099481,5.67665440657531,6.02529,4.5066,4.35154
3.16079365313506,6.14911434300346,5.64117790304637,5.9868,4.45271,4.35154
3.03830775139934,6.17963531350126,5.60892803793124,5.9868,4.45271,4.35154
2.93875126103869,6.24341489031246,5.57837009460592,5.9868,4.45271,4.35154
2.8688016372364,6.24150551876401,5.55167375738911,5.97911,4.33394,4.33614
2.79868685266069,6.23892985487674,5.52950292228536,5.97911,4.33394,4.33614
2.87879714851641,6.27884760489885,5.51156708567805,5.97911,4.33394,4.33614
3.01880304998429,6.31508161433251,5.4996372106626,5.97911,4.33394,4.33614
3.07395179062874,6.31645436856619,5.49227681971207,5.9967,4.39333,4.32075
3.04893849968522,6.3468270928663,5.48974664775704,5.9967,4.39333,4.32075
3.14057991565815,6.38501848139785,5.49134264904678,5.9967,4.39333,4.32075
3.01987322368509,6.38923662899339,5.4973542483447,5.9967,4.39333,4.23387
3.05324071095149,6.38978259756282,5.50682568635957,6.01979,4.5011,4.23387
2.98084378267589,6.40561401693406,5.52005910598631,6.01979,4.5011,4.23387
2.95914571152593,6.37886935204868,5.53668586636688,6.01979,4.5011,4.23387
2.97433167207288,6.35274504367015,5.55629070240098,6.02639,4.46811,4.1118
2.97366760387946,6.32454237855158,5.57814753091674,6.02639,4.46811,4.1118
3.0548312865984,6.28983630974585,5.60084699925947,6.02639,4.46811,4.1118
3.03831798672574,6.25669555551982,5.62484337686356,6.02639,4.46811,4.07551
2.99659403146259,6.30952228180768,5.64991650010526,6.03519,4.40103,4.07551
2.95135865077123,6.3418574573765,5.67572582874794,6.03519,4.40103,4.07551
2.92126992001731,6.3301537645601,5.70132353504285,6.03519,4.40103,4.07551
2.94314365953058,6.34662651488153,5.72685571039923,6.03519,4.4879,4.04802
2.98642452135563,6.38378056882855,5.75021562158733,6.04069,4.4879,4.04802
3.04427294940011,6.41417209917869,5.77376659361152,6.04069,4.4879,4.04802
3.07869474145468,6.40382707757572,5.7953082473245,6.04069,4.4879,4.04802
3.10683789128114,6.45601863976522,5.81330847625305,6.03739,4.47251,4.17779
3.0554609533032,6.46846853674603,5.82977682833378,6.03739,4.47251,4.17779
3.03057722090366,6.46581437974769,5.84334407671812,6.03739,4.47251,4.17779
2.95342846019252,6.48007378025477,5.85574505893146,6.03739,4.47251,4.44941
2.93351436653221,6.4579897412357,5.86627300266616,5.9945,4.39113,4.44941
2.95348144465155,6.42120801967722,5.8759987288694,5.9945,4.39113,4.44941
2.97081175606039,6.38461375484975,5.8846646802037,5.9945,4.39113,4.44941
2.95722503072859,6.34466857320401,5.89191200910817,5.97911,4.4989,4.42192
2.98738789772768,6.29100810438418,5.90088186278207,5.97911,4.4989,4.42192
3.01730356232058,6.25414558739938,5.90842723379032,5.97911,4.4989,4.42192
3.03738266139491,6.31146086576164,5.91638556287293,5.97911,4.4989,4.42192
3.03630958093499,6.30352774638201,5.92375918015703,5.9978,4.52969,4.24817
3.07044062079684,6.28258916671249,5.92923010651604,5.9978,4.52969,4.24817
3.08084711742016,6.29031006497461,5.9342486393403,5.9978,4.52969,4.24817
3.04563041360225,6.30762929635136,5.93910957354421,5.9978,4.52969,4.02603
2.98392615437333,6.30268983936596,5.94403670535366,6.02419,4.57148,4.02603
2.88870436031497,6.29505904234746,5.94738283205936,6.02419,4.57148,4.02603
2.92363167156237,6.32542681403545,5.9519344556976,6.02419,4.57148,4.02603
2.90604299146051,6.31690457409652,5.95684072365473,6.04069,4.59457,3.94025
2.94450627633658,6.30245303767731,5.96015033690246,6.04069,4.59457,3.94025
3.08963040045344,6.31070314201105,5.96546956220355,6.04069,4.59457,3.94025
3.09747621736963,6.27721545938615,5.97549556231543,6.04069,4.59457,3.94025
3.16322882277926,6.24176521688934,5.98308164336352,6.0,4.55389,3.96224
3.02088736154729,6.2091793618268,5.99152556729371,6.0,4.55389,3.96224
2.9197004346793,6.17619556005652,6.00245285197869,6.0,4.55389,3.96224
2.89575586972509,6.13347225513399,6.01361378177764,6.0,4.55389,4.28776
2.98199509681015,6.14398660605413,6.02579706199407,6.0099,4.34054,4.28776
3.04054610142784,6.2121453098697,6.03647414455651,6.0099,4.34054,4.28776
3.04370881922658,6.20793264094493,6.04552056711842,6.0099,4.34054,4.28776
3.02035960958854,6.21338266985075,6.05493661863679,5.96261,4.21848,4.31525
3.00574339414324,6.25023534546083,6.06473757149564,5.96261,4.21848,4.31525
2.94011713153096,6.28381428653475,6.07207457997582,5.96261,4.21848,4.31525
2.9991269609405,6.27038819830314,6.07820189092031,5.96261,4.21848,4.03812
3.04567161057075,6.30510943881257,6.08341542532543,5.87353,4.55499,4.03812
2.96761159153564,6.33291131916281,6.0886741619135,5.87353,4.55499,4.03812
2.93377323362918,6.33298899000279,6.09566649700146,5.87353,4.55499,4.03812
3.07030996381305,6.33280832665053,6.1083047170724,5.87353,4.83211,3.93475
3.01895157009407,6.34261332091368,6.12101252210525,5.72067,4.83211,3.93475
2.95890820263113,6.31494514099128,6.13553452795093,5.72067,4.83211,3.93475
3.12164134253093,6.28901320514262,6.15141294982538,5.72067,4.83211,3.93475
3.13455423992161,6.26383294403506,6.16776535375932,5.87573,4.55279,4.20418
2.76767144941985,6.23784366252974,6.18623727021056,5.87573,4.55279,4.20418
2.9034467186779,6.1949829773343,6.20679280442418,5.87573,4.55279,4.20418
3.05975570363607,6.25849930305166,6.22838235803955,5.87573,4.55279,4.57038
3.07756705518676,6.31015396951781,6.25200149925363,6.13416,4.1338,4.57038
3.07900867109803,6.32124900023404,6.27551522638254,6.13416,4.1338,4.57038
3.0081684763068,6.34925239443751,6.30016821420606,6.13416,4.1338,4.57038
2.99832749737672,6.40645706050973,6.32333049648638,6.17045,4.20198,4.52859
3.06075678130819,6.44460876565295,6.34356094865784,6.17045,4.20198,4.52859
2.98029466901501,6.46299242513427,6.36089646170389,6.17045,4.20198,4.52859
2.80832364588048,6.53603887730262,6.37540780696976,6.17045,4.20198,4.52859
2.82285431168407,6.57932751124922,6.38678520073681,6.09018,4.44172,4.19318
2.91838839547695,6.58849949439978,6.39438877473281,6.09018,4.44172,4.19318
3.09830083095395,6.63361993288927,6.39703961738994,6.09018,4.44172,4.19318
3.30681382205822,6.65134299073161,6.39532481009661,6.09018,4.44172,4.03922
3.35774152267901,6.6441629373393,6.38785871618964,6.0066,4.47361,4.03922
2.95009791400206,6.63580168410159,6.37620001802121,6.0066,4.47361,4.03922
2.84499317492876,6.62495443647409,6.36113827082094,6.0066,4.47361,4.03922
2.80199028516293,6.59879339548561,6.34218963492011,5.97361,4.40323,4.125
2.85698874054748,6.59278048849167,6.31844098460016,5.97361,4.40323,4.125
2.95986706086688,6.68330755082561,6.29371544037115,5.97361,4.40323,4.125
3.08896733728115,6.69580708329313,6.26698403156928,5.97361,4.40323,4.125
3.09182070633049,6.69525076831518,6.23739723724466,5.9901,4.39223,4.24487
3.04455631936982,6.72460623129942,6.20831008400788,5.9901,4.39223,4.24487
3.01951768000397,6.75933076632805,6.18172633965999,5.9901,4.39223,4.24487
2.97733025782328,6.76247361780879,6.15081180620298,5.9901,4.39223,4.31195
2.98065083511364,6.76342183939008,6.12037464379742,6.0088,4.40872,4.31195
2.9835879465376,6.80784818583241,6.09184582695885,6.0088,4.40872,4.31195
3.02838153371977,6.798231884816,6.06430151045334,6.0088,4.40872,4.31195
3.01821176586012,6.77973575848529,6.03760430928569,6.02529,4.38123,4.34714
3.02132981825108,6.79401883297316,6.01087191882946,6.02529,4.38123,4.34714
3.0159324688011,6.75383647062779,5.98398244887229,6.02529,4.38123,4.34714
2.99054621775403,6.71163357834187,5.95825461221709,6.02529,4.38123,4.36913
2.99815967265193,6.66796047530411,5.93303037956155,6.03739,4.32625,4.36913
2.9921496037977,6.62355192172258,5.90550230540642,6.03739,4.32625,4.36913
2.98364309371416,6.55163160563129,5.87686178086671,6.03739,4.32625,4.36913
2.97705789554459,6.57226388052182,5.84659835854217,6.03739,4.29545,4.38233
3.00003568195416,6.61779164876082,5.81525490803321,6.02309,4.29545,4.38233
2.99339654954439,6.60137582463186,5.78390602041421,6.02309,4.29545,4.38233
3.02194584833394,6.5969842844845,5.75441864553447,6.02309,4.29545,4.38233
3.0225293521232,6.62261296987652,5.72016189181038,6.0088,4.31635,4.38673
3.0286712159398,6.6446846030225,5.68389875368027,6.0088,4.31635,4.38673
3.0055809561038,6.63030528999466,5.64563773399019,6.0088,4.31635,4.38673
2.99141428733254,6.64939838057296,5.60658009659645,6.0088,4.33944,4.39773
2.9914363993488,6.67067256705454,5.56773497669762,6.0033,4.33944,4.39773
3.00093379622251,6.65630386925984,5.53074893260472,6.0033,4.33944,4.39773
3.00972672318176,6.64856794243589,5.49579216720589,6.0033,4.33944,4.39773
3.01250828029899,6.65954220583888,5.46294031749503,6.0132,4.35704,4.38453
2.99146259809843,6.62040774568464,5.43312059270755,6.0132,4.35704,4.38453
3.00283631584475,6.58250749454154,5.40656907764003,6.0132,4.35704,4.38453
3.00567494452546,6.54272613492969,5.38423691709407,6.0132,4.35704,4.38453
2.99531090084461,6.48888460342457,5.36580563990914,6.02749,4.37353,4.35374
3.00003780541357,6.44182025845055,5.35235399851715,6.02749,4.37353,4.35374
2.99127654853186,6.48698736679298,5.34353017467234,6.02749,4.37353,4.35374
3.01129541465678,6.51236444755057,5.33914907771126,6.02749,4.37353,4.31855
3.00609198869806,6.48802445586181,5.33919810067406,6.04069,4.39553,4.31855
3.01473586588052,6.50191655152249,5.34245186903419,6.04069,4.39553,4.31855
3.01082298055595,6.52791455925568,5.34960401319104,6.04069,4.39553,4.31855
3.00416227930726,6.5423171378539,5.3599242619416,6.03299,4.40652,4.28446
2.98762357380827,6.52145363652242,5.37363872203453,6.03299,4.40652,4.28446
2.99825971594929,6.56923917205626,5.39002285511388,6.03299,4.40652,4.28446
3.00112664209451,6.572836421452,5.40944535449892,6.03299,4.40652,4.28446
3.00682242039812,6.56026662466089,5.43120489708357,6.02089,4.41202,4.26136
3.00708341926922,6.5834508280141,5.45555253610252,6.02089,4.41202,4.26136
3.00744476858744,6.56288423640106,5.48181183432784,6.02089,4.41202,4.26136
3.01141791610007,6.52974793572496,5.51068418442297,6.02089,4.41202,4.23387
2.9999096194992,6.49902414349675,5.54107699524042,6.0165,4.42082,4.23387
2.99143648229333,6.46587786876787,5.57315763321331,6.0165,4.42082,4.23387
2.99706485634836,6.41400440535791,5.60652594986472,6.0165,4.42082,4.23387
3.00234431484994,6.38830959615652,5.64084106014849,6.02419,4.43512,4.20638
2.99682193057917,6.46149247819185,5.67640016811601,6.02419,4.43512,4.20638
3.00765391872126,6.46733627154233,5.71255500856947,6.02419,4.43512,4.20638
3.02009935102963,6.46628696427072,5.74866613019199,6.02419,4.43512,4.19758
3.01191478068695,6.49198892421236,5.78463403853242,6.02199,4.43182,4.19758
3.00342610883015,6.5238212959637,5.82043410875053,6.02199,4.43182,4.19758
2.98051878628301,6.53349121919728,5.85518095470545,6.02199,4.43182,4.19758
3.00365236837177,6.53954329941232,5.88924167736523,6.02199,4.42742,4.19648
2.99707667693201,6.58353969894134,5.92161412523611,6.0165,4.42742,4.19648
3.01184354107974,6.58510613982661,5.95284073333121,6.0165,4.42742,4.19648
3.00869245728142,6.58325728495737,5.98191146540704,6.0165,4.42742,4.19648
3.00682959224602,6.60478760543955,6.00844075580427,6.0121,4.43292,4.19978
3.00573287473934,6.57978478909015,6.03336485564214,6.0121,4.43292,4.19978
3.00370407746674,6.55168215109901,6.06032325863559,6.0121,4.43292,4.19978
2.99595640411833,6.52399915097242,6.08744025654961,6.0121,4.43292,4.17229
3.0034306013664,6.49393181346049,6.11149616841147,6.0,4.45711,4.17229
2.97325668728985,6.44067785467729,6.1317811865822,6.0,4.45711,4.17229
2.98686490892186,6.45426913408607,6.14966762201037,6.0,4.45711,4.17229
2.98923645693077,6.52410054830667,6.16533594651924,6.02199,4.46371,4.18658
3.0040798505768,6.51906768644221,6.17833823106431,6.02199,4.46371,4.18658
3.0441510582172,6.52168542800565,6.18893709987373,6.02199,4.46371,4.18658
3.03895379478805,6.55430747413105,6.19612396014551,6.02199,4.46371,4.18658
3.04072037781787,6.58182187574675,6.19996100253942,6.02419,4.46041,4.24817
3.03007685961209,6.56289495896181,6.20030861676754,6.02419,4.46041,4.24817
3.01941020317033,6.59808254268178,6.19714232949598,6.02419,4.46041,4.24817
2.97675591760548,6.62290985312632,6.18980916860355,6.02419,4.46041,4.25257
2.95451744721187,6.61737562737413,6.1786645350723,6.02859,4.4857,4.25257
2.90721030205407,6.61174322800304,6.16377901235782,6.02859,4.4857,4.25257
2.89905524387503,6.61843119527909,6.14543001734464,6.02859,4.4857,4.25257
2.9001310439348,6.58511406336492,6.12345993937534,6.02859,4.5099,4.24597
2.98065659290945,6.55354976444687,6.09797321895213,6.02859,4.5099,4.24597
3.19106040064465,6.52101497374208,6.06992835666699,6.02859,4.5099,4.24597
3.39499106865396,6.48209448575365,6.03925106185398,6.02859,4.5099,4.24597
3.19608916637358,6.42585350244639,6.00724864921734,6.04729,4.56818,4.23937
2.83099655242571,6.48344880985967,5.97397775387151,6.04729,4.56818,4.23937
2.70314282451117,6.52294062315244,5.94029374807646,6.04729,4.56818,4.23937
2.81904478190879,6.5188031149627,5.90709783382921,6.04729,4.64956,4.26136
2.95240236710579,6.53657091330431,5.87475952216334,6.06048,4.64956,4.26136
3.03646137165691,6.5761108461582,5.84368464086788,6.06048,4.64956,4.26136
3.09226817211665,6.59332262754516,5.81553444747675,6.06048,4.64956,4.26136
3.07562748985892,6.5928495961057,5.79007683142559,6.06928,4.64516,4.28996
3.0719503099923,6.65240249795097,5.76807615711202,6.06928,4.64516,4.28996
3.043105982079,6.67030531537558,5.74924462309427,6.06928,4.64516,4.28996
3.00906336314024,6.66131178646853,5.73404647551475,6.06928,4.64516,4.26246
2.97055662330709,6.69588003491568,5.72234552409746,6.08468,4.52859,4.26246
2.96873147738897,6.7030398391904,5.71262169525228,6.08468,4.52859,4.26246
2.97390481885621,6.68292169096559,5.70596337636386,6.08468,4.52859,4.26246
2.99560188842463,6.66447616635727,5.70081641218189,6.08468,4.4956,4.18548
2.98996452910378,6.6449408588771,5.69724871526162,6.08908,4.4956,4.18548
3.01422952726292,6.61127845187533,5.69544927528209,6.08908,4.4956,4.18548
3.02267896611122,6.59436897495981,5.69391605470573,6.08908,4.4956,4.18548
3.01935114928425,6.68890739443533,5.69189039761771,6.02969,4.5044,4.23937
3.01895784320021,6.70442733359367,5.69115922587556,6.02969,4.5044,4.23937
2.98521380418488,6.70710944873806,5.69034303485961,6.02969,4.5044,4.23937
2.98328986449641,6.74581792250329,5.69024986899768,6.02969,4.5044,4.24487
2.98609198125978,6.78347585510271,5.69071447521708,5.93292,4.68475,4.24487
2.97237682670151,6.78717556391181,5.69318025001209,5.93292,4.68475,4.24487
2.9840541454069,6.79830554855065,5.69645230054447,5.93292,4.68475,4.24487
3.03717306505517,6.8529756611944,5.70255839775574,5.93622,4.69355,4.23717
3.04010842346072,6.84939266430676,5.70567464733605,5.93622,4.69355,4.23717
3.03205700290101,6.84801569835113,5.70765349537691,5.93622,4.69355,4.23717
3.02805633624388,6.88993301576669,5.71403806704897,5.93622,4.69355,4.23717
3.03397974713959,6.8671630040446,5.72290472035546,5.9967,4.23167,4.35374
2.98676149727313,6.84308768889978,5.73511070300223,5.9967,4.23167,4.35374
2.95225690338349,6.81984632215062,5.75193761839256,5.9967,4.23167,4.35374
3.00051693662682,6.79546121536891,5.77284350717069,5.9967,4.23167,4.46371
2.96901367570922,6.74203101002946,5.79775146499062,5.9824,3.84897,4.46371
2.98244002922492,6.78804807962206,5.82654708374839,5.9824,3.84897,4.46371
3.00821909435398,6.86308940777692,5.8581082978129,5.9824,3.84897,4.46371
2.94109319163603,6.87208393269746,5.89341077692992,5.95161,4.01833,4.35704
2.96731514477433,6.88629568397271,5.93052106087981,5.95161,4.01833,4.35704
3.0849774266012,6.93715560475984,5.97018570654677,5.95161,4.01833,4.35704
3.09301713237947,6.97869749633866,6.01176338747843,5.95161,4.01833,4.35704
3.10098872896994,6.97985424827332,6.05547445654906,5.94062,4.42852,4.21738
2.98040306855957,7.01879522960257,6.10086124982448,5.94062,4.42852,4.21738
2.8947932595417,7.05974121892606,6.14554570593033,5.94062,4.42852,4.21738
3.01412455860281,7.05686764812768,6.1894605367397,5.94062,4.42852,4.21628
3.18294383696417,7.06860598926,6.23153661673291,5.97251,4.65506,4.21628
2.83182401811344,7.09304930883939,6.27200198870492,5.97251,4.65506,4.21628
2.77060949923216,7.06186088157521,6.31048919912915,5.97251,4.65506,4.21628
3.02401114007812,7.02961954836314,6.3468434045425,6.0165,4.47141,4.22287
3.03559827782704,6.99293847125059,6.38008573798733,6.0165,4.47141,4.22287
3.08730864152836,6.93748290937068,6.41083981975257,6.0165,4.47141,4.22287
3.16309175466087,6.88093113507717,6.43846838785866,6.0165,4.47141,4.1437
3.08507654661949,6.92536532155848,6.46283171951769,6.0165,4.32515,4.1437
3.00259279658049,6.95184015060611,6.48279314716374,6.0165,4.32515,4.1437
2.93551361726888,6.92585141401848,6.49951842242022,6.0165,4.32515,4.1437
2.88369397788844,6.93402088786524,6.51168779201865,6.0165,4.31965,4.1151
2.91650493413303,6.95626998638143,6.51900275518074,6.03299,4.31965,4.1151
2.91237127904417,6.96558456908037,6.52284025485789,6.03299,4.31965,4.1151
3.02273527283248,6.94146268964257,6.52199263222536,6.03299,4.31965,4.1151
3.11953768935618,6.98602936228762,6.51694492037888,6.03299,4.33065,4.17889
3.16382056944625,6.98372384571888,6.50873136414336,6.03299,4.33065,4.17889
3.10573220407807,6.96308433292493,6.49610501865072,6.03299,4.33065,4.17889
2.94633726625218,6.99359596479366,6.47911629417032,6.03299,4.33065,4.22177
2.88860645305157,6.97305488763588,6.45932852690101,6.0176,4.43732,4.22177
2.89216925626464,6.93719116804347,6.43612288665337,6.0176,4.43732,4.22177
2.94609397677378,6.90380564755046,6.41028555408635,6.0176,4.43732,4.22177
3.00686241061664,6.863285900739,6.3810698928347,6.0066,4.60447,4.18438
3.06455400897258,6.80076048511789,6.34780602488603,6.0066,4.60447,4.18438
3.05006898014403,6.76724704110389,6.31149264879651,6.0066,4.60447,4.18438
3.06149358666478,6.8371328433086,6.27820555642117,6.0066,4.60447,4.18438
3.03931536596041,6.83833351630121,6.24100554511839,5.9978,4.64406,4.17999
3.00857557967872,6.82618238532786,6.20163361695217,5.9978,4.64406,4.17999
2.95999627140987,6.84380797644646,6.16465105982365,5.9978,4.64406,4.17999
2.97779604333993,6.86060336007173,6.12833239999853,5.9978,4.64406,4.30975
2.95992022459675,6.84647790963991,6.09357942998545,6.0055,4.44501,4.30975
2.98520124031444,6.84005677565528,6.06289864979842,6.0055,4.44501,4.30975
2.99954641085703,6.86505005689099,6.03487438011726,6.0055,4.44501,4.30975
3.00795674970448,6.84877880757357,6.01019429031069,6.02309,4.22067,4.40433
3.02404573740639,6.83498311047697,5.98878488669417,6.02309,4.22067,4.40433
3.03719418751786,6.85029897319668,5.97046834851001,6.02309,4.22067,4.40433
3.03666087170169,6.81460963600814,5.95664302443817,6.02309,4.22067,4.40433
3.00347063038909,6.7776667402339,5.94575614740373,6.03189,4.16019,4.36364
2.98087245284625,6.74346296959269,5.93924994856275,6.03189,4.16019,4.36364
2.98228073970811,6.70539824317848,5.93669916959687,6.03189,4.16019,4.36364
2.97998930858869,6.64463994377953,5.93899250250815,6.03189,4.16019,4.27786
3.00632120777693,6.65688334334093,5.94501352625098,6.04179,4.23827,4.27786
3.01140974608636,6.73416877496968,5.95281387268226,6.04179,4.23827,4.27786
2.9846432544547,6.73233694993461,5.96306833265348,6.04179,4.23827,4.27786
3.0337950385551,6.74297142316274,5.9752974101998,6.03299,4.40872,4.25477
3.01732475869451,6.77869192116708,5.98996703457561,6.03299,4.40872,4.25477
3.0275235157893,6.80804827458319,6.00612962707253,6.03299,4.40872,4.25477
2.9787072300714,6.78601603850228,6.02482129705072,6.03299,4.40872,4.27236
2.9698189618219,6.8283343443211,6.04411238212362,6.02199,4.53079,4.27236
2.98978253356748,6.85437050294539,6.06479464519981,6.02199,4.53079,4.27236
3.02734400056037,6.84250431970603,6.08624742276113,6.02199,4.53079,4.27236
3.01544833512895,6.84473306420921,6.10839201882386,6.02199,4.4923,4.27236
3.01911422216889,6.86400538870424,6.13047721012878,6.0121,4.4923,4.27236
2.99688677105275,6.8324393309216,6.15284034052898,6.0121,4.4923,4.27236
2.99588176914735,6.80192556662992,6.17549506492056,6.0121,4.4923,4.27236
3.00159428361882,6.77043122888998,6.19903847663763,5.9989,4.40323,4.28116
2.99038537551341,6.73049934308312,6.22298588456626,5.9989,4.40323,4.28116
3.00432410058461,6.67474953898425,6.24733265193636,5.9989,4.40323,4.28116
2.99152487870697,6.73331115907655,6.27170324219867,5.9989,4.35594,4.27126
3.02229679135061,6.7696741788544,6.29705635807248,6.0088,4.35594,4.27126
2.99196532600229,6.76515488362486,6.32251217203718,6.0088,4.35594,4.27126
2.99463532480484,6.78507948410079,6.34804343628063,6.0088,4.35594,4.27126
3.0242013108713,6.82228154759177,6.37283256045841,6.04509,4.31635,4.21408
3.01677264732263,6.8367543118531,6.39729466782059,6.04509,4.31635,4.21408
3.00711658503545,6.83536402060278,6.42090238867615,6.04509,4.31635,4.21408
2.98661543500163,6.88811767889983,6.443368527901,6.04509,4.31635,4.21408
3.01759411677698,6.90301007352252,6.46503887673919,6.04399,4.31745,4.17339
2.98577209721754,6.88337015843853,6.48440942434782,6.04399,4.31745,4.17339
3.00802339715788,6.91538191359374,6.50265905668242,6.04399,4.31745,4.17339
3.00148256656077,6.91561543650385,6.51808425466053,6.04399,4.31745,4.18658
2.99266077944581,6.88620177150328,6.53191171028036,6.02089,4.38453,4.18658
2.98438811915057,6.8572824173037,6.54245472819467,6.02089,4.38453,4.18658
2.9770407318625,6.82593678049791,6.55017093703735,6.02089,4.38453,4.18658
3.02457266356663,6.77269271288578,6.55498502760951,5.9978,4.43072,4.22837
3.04183351144737,6.7504090764325,6.55700634757206,5.9978,4.43072,4.22837
3.01523696775041,6.83044737653263,6.55608093616152,5.9978,4.43072,4.22837
3.00747855148444,6.82911156429993,6.55284348131646,5.9978,4.43072,4.22837
2.99260093041577,6.81975428806315,6.54675541479366,6.0066,4.43072,4.24267
3.02291502606724,6.84175816465414,6.5378278974501,6.0066,4.43072,4.24267
2.98367774194777,6.86466919520178,6.52671304446454,6.0066,4.43072,4.24267
2.98766733476489,6.85838170122722,6.51298050295715,6.0066,4.43072,4.24817
2.97665775542613,6.85827230795511,6.49765367916749,6.0099,4.40433,4.24817
3.00124510742777,6.89191387278948,6.48040885337345,6.0099,4.40433,4.24817
3.013339521762,6.87027269290285,6.46296376154927,6.0099,4.40433,4.24817
3.00842454924654,6.84541318335192,6.44602250936992,6.02089,4.39443,4.27016
3.03414774724051,6.87042282633107,6.42988543097982,6.02089,4.39443,4.27016
3.01784692188916,6.82836172702674,6.41599832958497,6.02089,4.39443,4.27016
3.00991579230991,6.78373358421709,6.40490409336645,6.02089,4.39443,4.27896
2.9726841510761,6.7381439352864,6.39672408277632,6.0099,4.38783,4.27896
2.98941558546386,6.68927088329839,6.39178111131322,6.0099,4.38783,4.27896
2.97018770495356,6.607554795576,6.39137037129661,6.0099,4.38783,4.27896
2.99398626621423,6.63460156549769,6.39484117618517,6.0099,4.38123,4.24707
3.00408251645701,6.68129543937701,6.40325121278596,6.0044,4.38123,4.24707
3.00992692920185,6.66366607518873,6.41631693202685,6.0044,4.38123,4.24707
3.04927594640446,6.65718908404783,6.43419655504532,6.0044,4.38123,4.24707
3.06836816007002,6.68188504127686,6.45649612432321,6.0055,4.36254,4.25916
3.03749909737481,6.69982364536842,6.48210571774987,6.0055,4.36254,4.25916
2.99320152003786,6.68344971032658,6.51089402668441,6.0055,4.36254,4.25916
2.96665802492101,6.71027696208467,6.54280463137808,6.0055,4.36254,4.29545
2.92956340715784,6.72803753437094,6.57586433237138,6.0,4.34714,4.29545
2.93219997140002,6.71311646048315,6.60948314309259,6.0,4.34714,4.29545
2.94967719485945,6.71061273018549,6.6418128434979,6.0,4.34714,4.29545
3.0130783912382,6.72595830807142,6.67344585135074,6.0033,4.36584,4.30535
3.08280195662894,6.69000910626381,6.7012967184149,6.0033,4.36584,4.30535
3.07618006775232,6.65596647573396,6.72557270223821,6.0033,4.36584,4.30535
3.06361515427813,6.61995633057243,6.74476879196453,6.0033,4.36584,4.30535
3.03449140162249,6.56754622158939,6.75805794483163,6.0055,4.38343,4.30645
2.97430117210185,6.51985475840465,6.76534051816105,6.0055,4.38343,4.30645
2.95994235483152,6.57373339886728,6.7659379829176,6.0055,4.38343,4.30645
2.9528060314728,6.60421322257556,6.76010806415724,6.0055,4.38343,4.31305
2.96603647880384,6.58559016548428,6.74716305645724,5.9978,4.38563,4.31305
2.99409091527674,6.60288467876296,6.72807705853763,5.9978,4.38563,4.31305
3.01263303017842,6.63236459882759,6.70238491075973,5.9978,4.38563,4.31305
3.03516683580986,6.64286237987814,6.67183028869635,5.9879,4.42632,4.33504
3.02296755988032,6.62720087969919,6.63586898683577,5.9879,4.42632,4.33504
2.99840616177171,6.67766191588109,6.59688132993825,5.9879,4.42632,4.33504
2.98949993767218,6.68053536256711,6.55518870417089,5.9879,4.42632,4.33504
3.01752098902669,6.672561627551,6.51144024339107,5.95601,4.48021,4.35264
3.00418299581249,6.71727457943325,6.4684364688279,5.95601,4.48021,4.35264
3.00678616923012,6.70436730333815,6.425629017741,5.95601,4.48021,4.35264
3.00039340906708,6.68327743725081,6.3848497634125,5.95601,4.48021,4.30535
3.02428115699757,6.66599481593535,6.34653298645296,5.95491,4.4824,4.30535
2.98051798278268,6.64730331577556,6.31038541447768,5.95491,4.4824,4.30535
2.99972456344572,6.61295394231371,6.27672093242191,5.95491,4.4824,4.30535
2.99258993375562,6.61156286262514,6.24603779933606,6.03299,4.38013,4.17449
2.97920244608198,6.70280200190432,6.21833351413313,6.03299,4.38013,4.17449
3.01556192661758,6.73071953168822,6.19498357201101,6.03299,4.38013,4.17449
3.03293749828509,6.74832392917212,6.17474429821216,6.03299,4.38013,4.10411
3.0216226846756,6.79903979605507,6.15715720818784,6.07698,4.26466,4.10411
3.00091035564231,6.85094982757357,6.14183883793652,6.07698,4.26466,4.10411
3.00846806428244,6.87220633590254,6.12855935948215,6.07698,4.26466,4.10411
2.98881214219193,6.90133166223394,6.11600354275345,6.07698,4.27016,4.19868
2.98356061576726,6.95447585984849,6.10387753778812,6.06818,4.27016,4.19868
2.95611076176145,6.96410056482745,6.09107453177813,6.06818,4.27016,4.19868
2.997225999805,6.97123944930235,6.07762723456402,6.06818,4.27016,4.19868
2.9931939430561,7.0016566703092,6.06282991678548,6.04509,4.33065,4.31635
3.01892281880747,6.9768170399319,6.04729376381217,6.04509,4.33065,4.31635
3.07826871471028,6.94520417328338,6.03059946049416,6.04509,4.33065,4.31635
3.02338448933784,6.9108612029087,6.01285348228849,6.04509,4.34494,4.37463
3.05827154849245,6.86816322755115,5.99411219812546,6.02089,4.34494,4.37463
3.02367861895733,6.80103911985926,5.97441801885052,6.02089,4.34494,4.37463
2.93286545867887,6.80568023336372,5.95486041216852,6.02089,4.34494,4.37463
2.92424305099566,6.85733915693922,5.93520926960846,5.989,4.41752,4.37243
2.94867645208426,6.83542439332812,5.91707837897006,5.989,4.41752,4.37243
2.99645382087057,6.82086597527781,5.89869990076031,5.989,4.41752,4.37243
3.05544977066509,6.83555590685193,5.88206092901228,5.989,4.41752,4.37243
2.9930859088815,6.83972795258943,5.86603728324761,5.9901,4.5099,4.30755
3.01647376344288,6.80046120947142,5.8530329967355,5.9901,4.5099,4.30755
3.03819455143384,6.82545773078684,5.84257546206939,5.9901,4.5099,4.30755
3.05192243276709,6.83206300094011,5.83322240789605,5.9901,4.5099,4.25696
3.03543037974068,6.8094747700922,5.82662925560318,6.02529,4.46151,4.25696
3.00353922699744,6.80639671729633,5.82283259246832,6.02529,4.46151,4.25696
2.96040858643155,6.8119513415602,5.82176652931007,6.02529,4.46151,4.25696
2.96445221027978,6.77600652828443,5.82290960971874,6.04839,4.34934,4.19758
2.95783967446434,6.74532241951754,5.82700846305491,6.04839,4.34934,4.19758
3.00594132099718,6.7156594706663,5.83298812870266,6.04839,4.34934,4.19758
2.99833222564122,6.67586298668346,5.84132623490625,6.04839,4.34934,4.19758
3.00951346485989,6.63116026931043,5.85062753571434,6.04619,4.32405,4.18109
3.02372958613822,6.700472735963,5.86252219661855,6.04619,4.32405,4.18109
3.01990141982761,6.74583785556351,5.87526088632717,6.04619,4.32405,4.18109
3.02239300605986,6.75553916538641,5.889164658378,6.04619,4.33284,4.24157
3.02415665017846,6.79069270310671,5.90477989726718,6.03299,4.33284,4.24157
3.03213824904548,6.83735469727217,5.91978117903085,6.03299,4.33284,4.24157
2.94208980419904,6.85632691088651,5.93607515809633,6.03299,4.33284,4.24157
2.96855231535354,6.8646709890358,5.95340779169201,6.0055,4.39113,4.24927
2.99046922141265,6.92535792375718,5.96978489443251,6.0055,4.39113,4.24927
3.0625293537947,6.94349091694558,5.98637450775526,6.0055,4.39113,4.24927
3.02397142052761,6.93566785781878,6.00293426984684,6.0055,4.39113,4.28116
2.95090418343603,6.97448899119493,6.01900278119153,6.011,4.41092,4.28116
2.98738270029094,6.97737179757105,6.0364956465533,6.011,4.41092,4.28116
3.00466089142594,6.95381366204777,6.05304119890333,6.011,4.41092,4.28116
3.01909251261045,6.93067752007891,6.06947859681993,6.011,4.33504,4.31745
3.02007162509383,6.90474939754889,6.08594397232601,6.02089,4.33504,4.31745
3.02761350276792,6.85829147695384,6.10311663581385,6.02089,4.33504,4.31745
2.99573298936426,6.84149395944088,6.12000703914026,6.02089,4.33504,4.31745
2.996687436624,6.92657059349847,6.13745827416331,5.9879,4.40872,4.26356
2.98570421148253,6.93270239944446,6.15497102795586,5.9879,4.40872,4.26356
3.0180403549473,6.9297105467761,6.17294645160575,5.9879,4.40872,4.26356
2.9875693703986,6.96014678535297,6.19222105350248,5.9879,4.54949,4.21738
2.99725430274149,6.98659348107377,6.2122812169408,5.95381,4.54949,4.21738
2.97299884234197,6.98277710003099,6.23091932609763,5.95381,4.54949,4.21738
2.9733501179015,6.99576247790232,6.24977588574338,5.95381,4.54949,4.21738
3.03114709764703,7.03540477707631,6.26943312645858,6.0187,4.41862,4.25147
3.05204593779232,7.02108429589466,6.28885147689643,6.0187,4.41862,4.25147
3.02467554949698,7.00873943452661,6.30878012312011,6.0187,4.41862,4.25147
3.04063889843884,7.04448872101272,6.32764237066926,6.0187,4.41862,4.25147
3.00794012481194,7.01094730008948,6.34718363846756,6.03519,4.22067,4.23607
2.96799019125031,6.9766854870061,6.36512771276978,6.03519,4.22067,4.23607
2.992181117671,6.94140223325119,6.38199984600735,6.03519,4.22067,4.23607
2.96143472614124,6.89965724561013,6.39765417924975,6.03519,4.22067,4.16129
2.96154897614918,6.85363778684242,6.41381180175971,6.0055,4.27566,4.16129
2.97660328414997,6.87504513645692,6.42825759949811,6.0055,4.27566,4.16129
3.0039372297181,6.92570875408834,6.44011608702902,6.0055,4.27566,4.16129
2.99284879903814,6.91643693981471,6.45004549989598,5.9945,4.40872,4.15139
3.05198363258968,6.91532170052604,6.45795666232966,5.9945,4.40872,4.15139
3.07586438543596,6.94107780434921,6.46468191229097,5.9945,4.40872,4.15139
3.08102678043428,6.9510632243931,6.46946169278667,5.9945,4.40872,4.15139
3.08273377300813,6.92574621325611,6.47198903267305,5.9912,4.44062,4.20968
2.94329404657543,6.94811328917434,6.47179568021836,5.9912,4.44062,4.20968
2.84092898870271,6.95238997478954,6.4697274412966,5.9912,4.44062,4.20968
2.93082429395799,6.92301998069026,6.46408184434371,5.9912,4.38233,4.25147
3.016762613541,6.91371075790316,6.45643171365648,6.0099,4.38233,4.25147
3.02277389594904,6.91263541407308,6.44559021097488,6.0099,4.38233,4.25147
3.04818821665354,6.86118843242838,6.43224072744844,6.0099,4.38233,4.25147
3.00097302280732,6.81179656661248,6.41618606714015,6.03189,4.29435,4.26246
3.03725063390962,6.76079594225943,6.39721732097319,6.03189,4.29435,4.26246
3.02503200441122,6.69108487839126,6.37614849189308,6.03189,4.29435,4.26246
3.00806688055348,6.63958375406507,6.35321303906874,6.03189,4.29435,4.26466
3.0231346009403,6.6850347444229,6.32768317544802,6.0176,4.29875,4.26466
3.02788296361306,6.70234515807744,6.30008461592285,6.0176,4.29875,4.26466
2.94892327516752,6.68213290977677,6.27100852332559,6.0176,4.29875,4.26466
2.94162092012372,6.69926394781434,6.23955208689865,6.0176,4.38013,4.26356
2.95119520058866,6.72725242443049,6.20750538922515,6.0011,4.38013,4.26356
3.00688425186903,6.73525504515183,6.17409311379072,6.0011,4.38013,4.26356
3.07622466349635,6.72198463495641,6.14045184501392,6.0011,4.38013,4.26356
3.05661824658121,6.77458473462495,6.10640037223478,5.97141,4.45161,4.31195
3.01395507112009,6.78193810537975,6.0739530493552,5.97141,4.45161,4.31195
3.00611950777244,6.77595367199706,6.0433810615949,5.97141,4.45161,4.31195
3.00481400258747,6.83549233908941,6.01570594744238,5.97141,4.52089,4.34714
2.94798120087553,6.83247984591526,5.99056552970293,5.94062,4.52089,4.34714
2.96620059377899,6.81898679599101,5.9669879571836,5.94062,4.52089,4.34714
2.97090860800163,6.81027869467069,5.94660530366902,5.94062,4.52089,4.34714
2.99442761022466,6.79587531302598,5.92830715180656,6.0088,4.47691,4.27236
3.02411399790165,6.76513331317975,5.91081460552969,6.0088,4.47691,4.27236
3.0435105411486,6.77333043195537,5.89658212424801,6.0088,4.47691,4.27236
3.04644700924692,6.8710641723593,5.88580106551255,6.0088,4.47691,4.27236
3.04665808815438,6.90299628591492,5.87870788661254,6.03189,4.35594,4.17229
3.02288040724248,6.92685557056078,5.87501478516145,6.03189,4.35594,4.17229
2.98519671180831,6.98125311162526,5.87272427012054,6.03189,4.35594,4.17229
2.98580055120179,7.02987857396387,5.87289557443186,6.03189,4.35594,4.21518
2.94606531513563,7.04506309566591,5.87485740421637,6.02199,4.28226,4.21518
2.94543571491274,7.07645236694303,5.87707527652808,6.02199,4.28226,4.21518
2.93665669743323,7.12574382141998,5.8801215367567,6.02199,4.28226,4.21518
2.97892543929466,7.15293419128372,5.88430694716866,5.9978,4.28006,4.31525
3.00708076098904,7.14928385750973,5.88818582172885,5.9978,4.28006,4.31525
3.11803305900403,7.18836676214426,5.89358928867106,5.9978,4.28006,4.31525
3.16770020583262,7.172631297482,5.89735995160719,5.9978,4.28006,4.31525
3.10258876717464,7.15326851624623,5.89970685466473,5.95491,4.38673,4.34054
2.97757705946431,7.13301008641508,5.90198969370321,5.95491,4.38673,4.34054
2.85966368719667,7.10204240946027,5.90313351107296,5.95491,4.38673,4.34054
2.8602004966675,7.0514236213534,5.90345242469162,5.95491,4.42632,4.30865
2.91785785181003,7.07521192451743,5.90466443470219,5.97141,4.42632,4.30865
2.97203129072143,7.14643323173026,5.90428910639268,5.97141,4.42632,4.30865
3.05718969594215,7.14693774231817,5.90190966654731,5.97141,4.42632,4.30865
3.103740916397,7.15824810742991,5.90019499661414,5.9978,4.38123,4.27126
3.14699899080192,7.19097432393082,5.89781164425888,5.9978,4.38123,4.27126
3.06512865545389,7.20436601925967,5.8962647014278,5.9978,4.38123,4.27126
2.97613532563586,7.18032284444329,5.89520492392144,5.9978,4.38123,4.35154
2.93565436720575,7.21794266842154,5.89440348343696,6.0099,4.27786,4.35154
2.91334872608678,7.23421567007565,5.89479133067513,6.0099,4.27786,4.35154
2.89422758115762,7.22591401580323,5.89529697406397,6.0099,4.27786,4.35154
2.96753239892472,7.23410700481678,5.89645936922866,6.0099,4.19868,4.37573
3.04814159844524,7.2423372080262,5.89675168911332,6.04179,4.19868,4.37573
3.115787395843,7.21228748491265,5.89704476724036,6.04179,4.19868,4.37573
3.14773941194682,7.1855381464094,5.89638133345267,6.04179,4.19868,4.37573
2.96922055669003,7.15808237498212,5.89578832502444,6.09018,4.1206,4.29545
2.91470322496809,7.11565348281105,5.89465236639316,6.09018,4.1206,4.29545
2.95169134630138,7.0717473196277,5.89310406637803,6.09018,4.1206,4.29545
2.98602657588004,7.14192384545694,5.89020212989069,6.09018,4.15029,4.27456
3.06277150135359,7.1779466932148,5.88659816595435,6.05828,4.15029,4.27456
3.08236216138382,7.18058694256083,5.88277299277575,6.05828,4.15029,4.27456
2.90674888333419,7.21320158067937,5.87824201176632,6.05828,4.15029,4.27456
2.91340200679577,7.24779066659346,5.87256215148589,5.9978,4.28556,4.32185
3.01407906126625,7.24830347135815,5.86580746795727,5.9978,4.28556,4.32185
3.00900778791322,7.24441232483589,5.85674103781253,5.9978,4.28556,4.32185
3.06599356865652,7.2853053846138,5.84681510777261,5.9978,4.28556,4.32185
3.04657057510257,7.28713880456026,5.83778303089849,5.97141,4.37683,4.39003
3.0297391066131,7.26108113842749,5.82899218075684,5.97141,4.37683,4.39003
3.04540344629848,7.28651085854205,5.81982711435716,5.97141,4.37683,4.39003
2.98180993256408,7.27178122495325,5.81290975020442,5.97141,4.37683,4.40433
2.97240750006517,7.23116896653846,5.80647418510285,5.989,4.34384,4.40433
2.91916006336848,7.19142960446021,5.79928836630184,5.989,4.34384,4.40433
2.94358957090805,7.14612658566576,5.79309284135492,5.989,4.34384,4.40433
2.98680740657439,7.08099550457806,5.78683360837458,6.0077,4.26796,4.29985
3.05566762265265,7.06352249393286,5.78022423274502,6.0077,4.26796,4.29985
3.0780933936163,7.12591019398259,5.77532197392819,6.0077,4.26796,4.29985
3.053358865847,7.11921866038829,5.77416979794512,6.0077,4.26796,4.29985
3.00916100069377,7.11130523302617,5.77508278361724,5.97251,4.30315,4.20638
2.96237182829679,7.13337322438251,5.77675581351152,5.97251,4.30315,4.20638
2.9622176458227,7.14271119584323,5.77792855402094,5.97251,4.30315,4.20638
2.97779026157982,7.1270042356186,5.77906240887252,5.97251,4.34824,4.28556
3.00720772899708,7.12872734246761,5.78199937367385,6.0099,4.34824,4.28556
3.02467385972678,7.15478684208239,5.78566634663861,6.0099,4.34824,4.28556
2.93961348046597,7.13205915855533,5.79015217325692,6.0099,4.34824,4.28556
3.00441635722484,7.10895062358802,5.79591070381663,6.03519,4.27126,4.36804
3.10453925732227,7.13969871683667,5.80094763843717,6.03519,4.27126,4.36804
3.04266491379704,7.10297571794706,5.80546995270577,6.03519,4.27126,4.36804
3.00609855989097,7.06283794409018,5.81055253598726,6.03519,4.27126,4.34824
3.03648380982561,7.02299603689357,5.8149004186066,6.04069,4.18988,4.34824
2.96104124273838,6.97136840180618,5.81901790649632,6.04069,4.18988,4.34824
2.88853008235017,6.90642562668813,5.82219200240628,6.04069,4.18988,4.34824
2.93090621752735,6.94926860369612,5.8239384890129,6.04069,4.15249,4.28996
2.92366442316464,6.99369947501416,5.82516728106966,6.05279,4.15249,4.28996
3.01927934344151,6.98684238705212,5.82450356359556,6.05279,4.15249,4.28996
3.17043451408074,6.99225685401667,5.82258373186923,6.05279,4.15249,4.28996
3.23809642882747,7.01929255957949,5.81868709993488,6.02419,4.18438,4.27896
3.03720227663851,7.03209885512186,5.81320310610806,6.02419,4.18438,4.27896
2.82043638504016,7.01480012902828,5.80630553689473,6.02419,4.18438,4.27896
2.86935462331538,7.04262531173318,5.79912789725311,6.02419,4.31965,4.29655
2.95246305069191,7.05087771450569,5.79124381261343,5.97581,4.31965,4.29655
3.05027709871733,7.03103288869475,5.78256541993929,5.97581,4.31965,4.29655
3.03714944802815,7.03350206960524,5.77301165737165,5.97581,4.31965,4.29655
2.99782753251953,7.03510264278135,5.7630527886492,5.96041,4.45711,4.28776
3.00056492375893,6.99216651600065,5.75329849097365,5.96041,4.45711,4.28776
3.06565530659788,6.95072812320673,5.74388474741029,5.96041,4.45711,4.28776
3.0364097799901,6.90630901631191,5.73516102444775,5.96041,4.45711,4.28776
2.99865190326288,6.83843637333364,5.72909195614327,5.97141,4.4901,4.27236
2.98477643442335,6.7930250464026,5.72245027756832,5.97141,4.4901,4.27236
2.95890381400391,6.84069324738304,5.7177270369814,5.97141,4.4901,4.27236
2.97546723987746,6.85844065577767,5.71630302310111,5.97141,4.4901,4.31635
2.99132922994064,6.83840358332215,5.71617357281107,5.9868,4.36034,4.31635
3.00988699779016,6.85148810333556,5.71787456242418,5.9868,4.36034,4.31635
3.01557359990497,6.87172781172477,5.72175387145346,5.9868,4.36034,4.31635
3.01800441306806,6.87034144404846,5.72656935290075,6.0154,4.19208,4.27676
3.02487198614446,6.85574319025489,5.73159481880185,6.0154,4.19208,4.27676
3.0118745766977,6.89609076847069,5.73798763045762,6.0154,4.19208,4.27676
3.01339139637718,6.89292470804816,5.74435246321566,6.0154,4.19208,4.27676
3.02166226829265,6.88157042815258,5.75085242454713,6.03299,4.1437,4.17119
2.99045602825807,6.90920289238594,5.75801624649015,6.03299,4.1437,4.17119
2.97813270873846,6.88911438973257,5.76685541952276,6.03299,4.1437,4.17119
2.9699754214497,6.85736608146203,5.77468580831838,6.03299,4.26466,4.18548
2.99671815844079,6.82951407999085,5.77992984210596,6.0033,4.26466,4.18548
3.00144160089794,6.79119711419489,5.78414003246325,6.0033,4.26466,4.18548
2.98906746153827,6.74315978696828,5.78735685011983,6.0033,4.26466,4.18548
2.99689911928004,6.73899671313326,5.79040693956489,5.97251,4.40762,4.29985
3.03541248827872,6.80882497114127,5.79259769708677,5.97251,4.40762,4.29985
2.98896598189818,6.81404895600172,5.79331245711187,5.97251,4.40762,4.29985
3.04015998528446,6.81564445435215,5.79276232341745,5.97251,4.40762,4.33504
3.03734859278283,6.84294022300284,5.7919145473072,5.9978,4.36364,4.33504
3.01828037167191,6.86233422437141,5.7901120539224,5.9978,4.36364,4.33504
3.02944263859972,6.85328694456034,5.78777616728619,5.9978,4.36364,4.33504
2.96763450633762,6.86320625813832,5.78585661790265,5.9978,4.26466,4.25806
2.94814069625871,6.88594106632938,5.78349475920422,6.0121,4.26466,4.25806
2.97163720206543,6.87337223183016,5.78112087154619,6.0121,4.26466,4.25806
2.99672263479218,6.87085831202676,5.78011824513848,6.0121,4.26466,4.25806
3.0130786629251,6.88310956407413,5.77963287865111,5.97471,4.33394,4.21518
3.01211725553303,6.84986353072817,5.78092764620608,5.97471,4.33394,4.21518
2.99408001006434,6.81622297851781,5.78386692645742,5.97471,4.33394,4.21518
2.99424557267258,6.7841122326395,5.787690075567,5.97471,4.47141,4.23387
3.00822470476303,6.74483006908345,5.79268880098042,5.95711,4.47141,4.23387
3.04970640240335,6.69803999987927,5.798719797116,5.95711,4.47141,4.23387
3.03029625134418,6.73029920120783,5.80541796693999,5.95711,4.47141,4.23387
3.01105459723879,6.79322925763766,5.81250970337375,6.0143,4.46261,4.21518
2.99864269326062,6.79731078535202,5.81940140566615,6.0143,4.46261,4.21518
2.99940875335824,6.8172881889967,5.82625471272851,6.0143,4.46261,4.21518
2.99215679138324,6.85907758514589,5.83319348330362,6.0143,4.46261,4.21518
2.99702659749966,6.88229097056482,5.83998848932242,6.04729,4.35154,4.16459
2.97039968547665,6.87149016964967,5.84543094853552,6.04729,4.35154,4.16459
2.97133177512402,6.91997594236637,5.8497527522251,6.04729,4.35154,4.16459
3.01301222441366,6.94259668126089,5.85485681301455,6.04729,4.35154,4.19978
3.0239062519147,6.94373326176864,5.85776963161523,5.9989,4.35484,4.19978
2.98449525016619,6.96860669482829,5.86231601131469,5.9989,4.35484,4.19978
2.97917774553821,6.98437997739716,5.86742307705577,5.9989,4.35484,4.19978
3.03129983875575,6.96330184675595,5.87266445950819,5.91862,4.44391,4.30865
3.00420622078775,6.94481217087329,5.8775162334145,5.91862,4.44391,4.30865
3.0529271598456,6.92454104225956,5.88099322741244,5.91862,4.44391,4.30865
3.03854976478168,6.89015184212649,5.88527169017742,5.91862,4.44391,4.30865
2.98052365764864,6.86301536112691,5.88984379289835,5.97031,4.36474,4.35044
2.99164265667635,6.93618762477533,5.89553761354238,5.97031,4.36474,4.35044
2.99256309922552,6.98268469428073,5.90280807133984,5.97031,4.36474,4.35044
2.9796235770504,6.99434339666104,5.90979769011559,5.97031,4.15139,4.26686
3.00305572840644,7.02964430865153,5.91680973576154,6.03519,4.15139,4.26686
3.00178533997078,7.07742309436196,5.92399181782354,6.03519,4.15139,4.26686
3.02564945660311,7.09158015001245,5.93025473594153,6.03519,4.15139,4.26686
3.00941439359189,7.10860278149199,5.93638264215704,6.07038,4.03592,4.18878
2.97460195545442,7.16710033490223,5.94098210004467,6.07038,4.03592,4.18878
2.92944526311539,7.18571419849506,5.94427586834618,6.07038,4.03592,4.18878
2.96505862266451,7.17948442233413,5.94559614579747,6.07038,4.03592,4.19428
3.03981456993788,7.21874009826525,5.9446940795358,6.04179,4.1184,4.19428
3.04015199946271,7.21479993672612,5.94148947499714,6.04179,4.1184,4.19428
3.1510733040636,7.19031227296489,5.93655508648652,6.04179,4.1184,4.19428
3.08756445750671,7.16400235596606,5.92854130394128,6.04179,4.29875,4.27456
2.97401712888055,7.12914687531754,5.91757437026873,5.9857,4.29875,4.27456
2.84172651332841,7.07787224948362,5.90470102957133,5.9857,4.29875,4.27456
2.85933867337471,7.07140138951193,5.89012143582056,5.9857,4.29875,4.27456
3.00981247974399,7.13990688439453,5.874297681218,5.97471,4.36144,4.31855
3.04822452560535,7.13299415912595,5.85717970053632,5.97471,4.36144,4.31855
3.10316615724378,7.12538188227922,5.83981330551663,5.97471,4.36144,4.31855
3.08905503954836,7.14594272317003,5.82168768265005,5.97471,4.28996,4.31745
2.97649542181497,7.15236864841459,5.80416757328443,5.9923,4.28996,4.31745
2.97357196952443,7.1318379419611,5.78710249302814,5.9923,4.28996,4.31745
2.97729886857537,7.13274885687604,5.76972270236787,5.9923,4.28996,4.31745
2.95377324977568,7.15036893426603,5.75308210915526,6.02749,4.14699,4.38343
2.97838031158715,7.11980451823437,5.73753887262422,6.02749,4.14699,4.38343
2.98878636223651,7.09726668050919,5.72294614054937,6.02749,4.14699,4.38343
3.03706439241797,7.11098762891028,5.70978646391642,6.02749,4.14699,4.38343
3.0437471011961,7.06437719924991,5.69837261673598,6.011,4.1228,4.41972
3.04095471326327,7.01948116104033,5.68922908324565,6.011,4.1228,4.41972
3.04189239376388,6.97544467694706,5.68248551729339,6.011,4.1228,4.41972
3.02486599965877,6.92015538531898,5.67802406056807,6.011,4.1228,4.42962
2.94401104167216,6.85609168377826,5.67519687953731,5.97361,4.21518,4.42962
2.9232479927371,6.89460886980976,5.67419760643907,5.97361,4.21518,4.42962
2.94925946770024,6.93684001205943,5.67529903464506,5.97361,4.21518,4.42962
2.98757208718686,6.93252495350321,5.67735771782326,5.9857,4.22617,4.40103
3.0626729109537,6.94420030207237,5.68195086926932,5.9857,4.22617,4.40103
3.06093445451778,6.97305371620759,5.68736105752917,5.9857,4.22617,4.40103
3.03595797477042,6.98412000364571,5.69444251670381,5.9857,4.22617,4.40103
3.03081396808208,6.97300790611224,5.70084007705659,6.0066,4.18438,4.32955
3.00358954318307,7.00800521903701,5.70727310916895,6.0066,4.18438,4.32955
2.97698607974986,7.02134216739043,5.71524680726838,6.0066,4.18438,4.32955
2.95948452141139,7.01262857795133,5.72324440224646,6.0066,4.17669,4.33174
2.96735703720991,7.01697594452047,5.73264461683772,6.0165,4.17669,4.33174
2.98322180365904,7.02785980548364,5.74297293970635,6.0165,4.17669,4.33174
2.98890211063002,6.99267901988632,5.75258819466476,6.0165,4.17669,4.33174
2.9972876815376,6.95943774262943,5.76214074300486,6.02749,4.19648,4.33394
3.03604903852026,6.92279982107181,5.77176196430694,6.02749,4.19648,4.33394
3.04574974932578,6.86322612073761,5.78103871026578,6.02749,4.19648,4.33394
3.05444231557412,6.83682866174006,5.79050210773324,6.02749,4.19648,4.30975
3.03619850074942,6.8860272118426,5.79940414708967,6.0187,4.20528,4.30975
3.01067638835705,6.90662629054865,5.80889484504416,6.0187,4.20528,4.30975
2.97236080567856,6.88851471082843,5.81755941379322,6.0187,4.20528,4.30975
2.94064939332595,6.90875749625588,5.82639673627118,6.0187,4.26356,4.32185
2.95940632771051,6.92851539934331,5.83472577239251,5.9824,4.26356,4.32185
2.95584811073146,6.92185585284165,5.84305923162627,5.9824,4.26356,4.32185
2.98162927743551,6.90873003281673,5.8505145842942,5.9824,4.26356,4.32185
3.0677777298492,6.9427033477415,5.85836903441185,5.92742,4.37683,4.38673
3.04986293065567,6.93637573263863,5.86727458209486,5.92742,4.37683,4.38673
3.04760407594984,6.9217843707821,5.87685280733575,5.92742,4.37683,4.38673
3.00672183861034,6.95666079578308,5.88869481139788,5.92742,4.43512,4.39773
2.98228786807612,6.93291288394754,5.90185568891132,5.91202,4.43512,4.39773
3.00863378408093,6.90305909666305,5.91655272509836,5.91202,4.43512,4.39773
2.98247788164119,6.87846693631991,5.93128032763201,5.91202,4.43512,4.39773
2.97699005918622,6.84625758763756,5.94653823006014,6.0165,4.28226,4.29326
2.97399093095628,6.80847476712034,5.9627439605755,6.0165,4.28226,4.29326
2.99155582857735,6.82381844536212,5.97986028134105,6.0165,4.28226,4.29326
3.02887401198939,6.90515014356158,5.99795206903459,6.0165,4.28226,4.29326
3.04634552306594,6.91872955805061,6.01688818929486,6.06158,4.06012,4.22947
3.0358737762328,6.94024883714878,6.03622966052161,6.06158,4.06012,4.22947
3.02896560784111,6.98829252679183,6.05493698892483,6.06158,4.06012,4.22947
2.96726520569973,7.02960561261163,6.07294378126197,6.06158,4.06012,4.27566
2.97834415422553,7.03877601425965,6.08994735604301,6.03739,4.06452,4.27566
2.92951060531903,7.06825858397387,6.1054726397218,6.03739,4.06452,4.27566
2.93673888108969,7.10788864613807,6.11878841511108,6.03739,4.06452,4.27566
2.98217104639244,7.11000493355077,6.12969171949548,6.0044,4.14589,4.35264
3.07477006331933,7.10863357851426,6.13861813490676,6.0044,4.14589,4.35264
3.10780110323365,7.12452543891546,6.14569852114201,6.0044,4.14589,4.35264
3.08973139816744,7.08862565583792,6.1510411622146,6.0044,4.14589,4.35264
3.07079229815426,7.04633768952655,6.15539135378125,5.94831,4.19538,4.39113
2.98869255321362,6.99939718859988,6.15724105121805,5.94831,4.19538,4.39113
2.9278827287058,6.93602130015038,6.15777881617461,5.94831,4.19538,4.39113
2.8203638142727,6.86916857650199,6.15759954976331,5.94831,4.25916,4.35374
2.88068669316067,6.87448231903171,6.15714261449645,5.94831,4.25916,4.35374
2.99701809514499,6.90154738389506,6.15675574974376,5.94831,4.25916,4.35374
3.08494324957632,6.87243497537425,6.15607264139415,5.94831,4.25916,4.35374
3.12624450944948,6.85079659699712,6.15608929663893,5.96151,4.32955,4.26906
3.11621499649803,6.85317897602002,6.15658437519838,5.96151,4.32955,4.26906
3.06627493786293,6.83809120740686,6.15800414312946,5.96151,4.32955,4.26906
2.98795191574619,6.79645501882223,6.16039894280628,5.96151,4.32955,4.20308
2.93598942220529,6.8121883995326,6.16411661021534,5.95271,4.35484,4.20308
2.92886792698436,6.81063384197285,6.16924714892103,5.95271,4.35484,4.20308
2.91213899066408,6.79329516144512,6.17503708711277,5.95271,4.35484,4.20308
2.92100571254592,6.78226833125343,6.17969125162293,5.95271,4.27456,4.22617
2.98074285147576,6.78057830921741,6.18401299901445,5.9945,4.27456,4.22617
3.08155791784736,6.74667671391193,6.18637978311778,5.9945,4.27456,4.22617
3.13712835455242,6.71933874845096,6.18753380734473,5.9945,4.27456,4.22617
3.10230967257004,6.69058370907353,6.18562817276148,6.06598,4.09751,4.23827
3.07135697763074,6.65067241530866,6.18159132657292,6.06598,4.09751,4.23827
2.93024184559022,6.63636669198707,6.17437649247914,6.06598,4.09751,4.23827
2.88059487585279,6.70367289058915,6.16441305687052,6.06598,4.05022,4.35374
2.95391498565298,6.74766800092973,6.15182174067061,6.02309,4.05022,4.35374
2.98477599321363,6.76264698928154,6.13646541787817,6.02309,4.05022,4.35374
3.01405916050492,6.80365092573653,6.11887029050267,6.02309,4.05022,4.35374
2.98983627984418,6.84681763657969,6.09845176832729,5.93842,4.19648,4.5055
2.98079996790004,6.85490909348043,6.07638718020901,5.93842,4.19648,4.5055
3.00057867980205,6.86707664649373,6.05110801704579,5.93842,4.19648,4.5055
3.03683861511097,6.91942505469807,6.02424783575583,5.93842,4.19648,4.5055
3.07413558775481,6.93211311377581,5.99624173525307,5.95051,4.24817,4.5066
3.09924274877496,6.92530447017691,5.9681674922129,5.95051,4.24817,4.5066
3.06470583057115,6.95109240143994,5.94061094184837,5.95051,4.24817,4.5066
2.97894600955853,6.93593476356589,5.91386722383399,5.95051,4.24817,4.37573
2.89475377958385,6.90560721564839,5.88748919032372,6.02419,4.1151,4.37573
2.9283092170408,6.87532809908149,5.86128871923722,6.02419,4.1151,4.37573
2.96233842074256,6.84048308559715,5.83683521867159,6.02419,4.1151,4.37573
2.99169410617771,6.79183073143361,5.81347043693857,6.03189,4.05242,4.34494
3.00322234448499,6.79181726981902,5.79144618013466,6.03189,4.05242,4.34494
3.04960932790801,6.86210426272117,5.77051595002261,6.03189,4.05242,4.34494
3.01050584102248,6.86081577699811,5.75087617038033,6.03189,4.05242,4.34494
2.99382154707441,6.85731640971947,5.73297198160569,5.9989,4.17119,4.41642
3.02152982616221,6.88692481661843,5.71734830197579,5.9989,4.17119,4.41642
3.04700637654315,6.90273069678956,5.70330530114001,5.9989,4.17119,4.41642
3.04409594430166,6.89738834696164,5.69169866425053,5.9989,4.27456,4.46921
3.02481309028588,6.91279448712853,5.68060968252899,5.95711,4.27456,4.46921
3.01391361416646,6.94375318525727,5.67081170588956,5.95711,4.27456,4.46921
2.97650338534362,6.93338554589403,5.66237193429735,5.95711,4.27456,4.46921
2.95156571662283,6.91972884963207,5.65500140782765,5.98021,4.22067,4.37573
2.92499395184549,6.94204429627356,5.64929702035586,5.98021,4.22067,4.37573
2.97344407541592,6.90575520329096,5.64513480374896,5.98021,4.22067,4.37573
3.01605442186682,6.86946740298808,5.64161585484745,5.98021,4.22067,4.26026
3.03178467086969,6.8317859928433,5.64024756434408,6.0088,4.10301,4.26026
3.0117406683795,6.78163791586766,5.6409039088229,6.0088,4.10301,4.26026
3.03256359444165,6.72933074151697,5.64342244816325,6.0088,4.10301,4.26026
3.08782401363584,6.77027303302455,5.64912296871794,6.0088,4.114,4.31855
3.01331137422216,6.81264656214409,5.65617028179538,5.96921,4.114,4.31855
2.98060337415995,6.80720402426191,5.66423748027115,5.96921,4.114,4.31855
2.94861857998583,6.80920155555329,5.67159424402169,5.96921,4.114,4.31855
2.94189641307269,6.83633919117622,5.67930053443037,5.97581,4.18548,4.40213
2.95744559738641,6.84566046994235,5.68747204068654,5.97581,4.18548,4.40213
3.01253598564845,6.83495990726328,5.6960766762057,5.97581,4.18548,4.40213
3.06145441693244,6.86780848805381,5.70467580156184,5.97581,4.19318,4.38453
3.08293926902782,6.88008912969999,5.71451700794506,5.9846,4.19318,4.38453
3.06874636931382,6.87605241477424,5.72460819878769,5.9846,4.19318,4.38453
3.05227825395893,6.8757540066208,5.7349342076757,5.9846,4.19318,4.38453
2.93549602779975,6.8820372778285,5.74561314202448,5.96151,4.22727,4.35484
2.89336252061659,6.84891683225394,5.75571016393361,5.96151,4.22727,4.35484
2.9043107990134,6.81820912435803,5.76480372789424,5.96151,4.22727,4.35484
2.94725049377978,6.78467215188766,5.77314784697727,5.96151,4.22727,4.35484
2.96943696985672,6.72905905024994,5.7798606594606,6.0033,4.23167,4.27566
3.07773311210395,6.71307104669057,5.78506993710703,6.0033,4.23167,4.27566
3.11460354926103,6.77264027113837,5.78924387119666,6.0033,4.23167,4.27566
3.12119938742251,6.79534515378564,5.79173655380412,6.0033,4.23167,4.23167
3.12684904559271,6.78795450544837,5.79407688630856,6.02419,4.16239,4.23167
2.99933056443993,6.81004686239941,5.79659306987401,6.02419,4.16239,4.23167
2.92812129720899,6.83819781010171,5.799158388194,6.02419,4.16239,4.23167
2.86099602673112,6.84200863441937,5.80072028972672,6.0,4.15689,4.34054
2.87416422531572,6.83772649125864,5.80228180277592,6.0,4.15689,4.34054
2.93008501408798,6.87768180000318,5.80483048214719,6.0,4.15689,4.34054
2.98813132723541,6.88042302878494,5.8076037316964,6.0,4.15689,4.34054
3.04937288848733,6.87023620495724,5.81070188390778,5.96921,4.16899,4.47031
3.10914823689031,6.8928179397026,5.81415267175106,5.96921,4.16899,4.47031
3.12787049322839,6.86352793598952,5.81891901311099,5.96921,4.16899,4.47031
3.11144123046045,6.82755322806072,5.8237621906008,5.96921,4.19098,4.45051
3.03982975997685,6.79298379961142,5.83011527971806,5.94062,4.19098,4.45051
2.92985553523646,6.74538151962214,5.83594802478313,5.94062,4.19098,4.45051
2.89613890872947,6.69694121164092,5.84357143142648,5.94062,4.19098,4.45051
2.91842070464867,6.69361837911142,5.85230800245944,5.95711,4.19868,4.30755
2.9093712238663,6.7530171268855,5.86272365921573,5.95711,4.19868,4.30755
2.97644905490112,6.74804383533855,5.8731713956514,5.95711,4.19868,4.30755
3.04396102919836,6.74123354830131,5.88385696958971,5.95711,4.19868,4.25477
3.08090166816861,6.7632573555879,5.89517517941905,5.98021,4.16239,4.25477
3.11326037950736,6.77925702196009,5.90720268049784,5.98021,4.16239,4.25477
3.07254207756749,6.76741146749676,5.91898000529964,5.98021,4.16239,4.25477
2.995381120767,6.78080321612171,5.93234464627367,5.98021,4.136,4.26136
2.92661859962113,6.80192976962954,5.945561647265,6.03629,4.136,4.26136
2.94428262309613,6.79544533167618,5.95805347752504,6.03629,4.136,4.26136
2.95027516311157,6.78243261201358,5.96917598785962,6.03629,4.136,4.26136
2.99620986629061,6.78345886436786,5.9772806246161,6.10667,4.114,4.21738
3.01373134513624,6.74379257853777,5.98292476883813,6.10667,4.114,4.21738
3.04493747056583,6.70175407044035,5.98497359369058,6.10667,4.114,4.21738
3.07130404079775,6.65768348113772,5.98337101645375,6.10667,4.07771,4.18109
3.00672333138333,6.60318659104735,5.97846862709684,6.09567,4.07771,4.18109
2.99522248225847,6.55611481842832,5.97063576431679,6.09567,4.07771,4.18109
2.91402607244679,6.57237819411966,5.95921560086748,6.09567,4.07771,4.18109
3.02390419705763,6.60407280488794,5.94539707880417,6.0099,4.1316,4.32295
3.03614543257142,6.58714805949865,5.92877169359589,6.0099,4.1316,4.32295
3.01219546366901,6.58062284706839,5.91053170958113,6.0099,4.1316,4.32295
2.98219561116595,6.59429822723703,5.8905922576195,6.0099,4.1316,4.32295
2.97162836662856,6.5868105091787,5.86940396631612,5.91092,4.28556,4.60447
2.98781365743633,6.5542002794094,5.84811785824945,5.91092,4.28556,4.60447
3.00572459305137,6.57341596046682,5.82850719021121,5.91092,4.28556,4.60447
3.04101306105706,6.57386691850198,5.81149254965359,5.91092,4.28556,4.73754
3.07802331211479,6.56437307554743,5.798296718467,5.82845,4.39993,4.73754
3.02015122820099,6.55876184914969,5.79055233541909,5.82845,4.39993,4.73754
2.96818054012337,6.55226668361798,5.78408334410905,5.82845,4.39993,4.73754
2.90758706682668,6.51913103319686,5.78183000618983,5.92852,4.28556,4.4835
2.95138908679355,6.49314517470928,5.78400952318691,5.92852,4.28556,4.4835
3.02362720216154,6.46810409365407,5.79106731377814,5.92852,4.28556,4.4835
3.05038285923293,6.43599684148666,5.80339652784619,5.92852,4.28556,4.4835
3.05427720144059,6.43362054737325,5.82141518373478,6.0055,4.05242,4.1272
3.04904652652068,6.51293683030464,5.84208911250361,6.0055,4.05242,4.1272
3.03070779941671,6.55911577213976,5.86286146142184,6.0055,4.05242,4.1272
2.96456443269234,6.58568123668736,5.88337871037897,6.0055,3.94575,4.06782
2.9600929815342,6.63352391692522,5.90349149591102,6.06708,3.94575,4.06782
2.92870817637751,6.6937209129441,5.92365052014731,6.06708,3.94575,4.06782
2.95141779581485,6.71971389629829,5.94099872545245,6.06708,3.94575,4.06782
2.96547826646254,6.75153163820374,5.95644884971412,6.05169,4.125,4.1162
3.03310810252004,6.81777068830738,5.9669270899719,6.05169,4.125,4.1162
3.09015631829703,6.84820452707068,5.97485675740365,6.05169,4.125,4.1162
3.12932914314531,6.85485899822379,5.9787824011764,6.05169,4.125,4.38343
3.14517025503709,6.89490119727026,5.9779266286658,5.94941,4.33614,4.38343
3.0533404968376,6.89014890072106,5.97212881721951,5.94941,4.33614,4.38343
2.9065292276472,6.86805337721182,5.96302741441023,5.94941,4.33614,4.38343
2.64314476403384,6.8433538458963,5.9509392485037,5.93292,4.29655,4.46481
2.77056982404814,6.81021309411529,5.93521944311261,5.93292,4.29655,4.46481
2.98961689546375,6.7646151824058,5.91679034255586,5.93292,4.29655,4.46481
3.22884714606939,6.76659836182623,5.89879123777804,5.93292,4.29655,4.46481
3.3606690134332,6.83152557916126,5.88059582972394,5.97361,4.16569,4.29106
3.2633245550161,6.82691082919135,5.86218323485429,5.97361,4.16569,4.29106
2.96662071898963,6.81587651853923,5.84360895391642,5.97361,4.16569,4.29106
2.7166314395272,6.83625433159999,5.82661375427989,5.97361,4.1239,4.17229
2.74537257062408,6.84853624875763,5.81117812921533,6.0143,4.1239,4.17229
2.88885699551623,6.83886727505986,5.79767981434967,6.0143,4.1239,4.17229
3.0337878086137,6.85181140489436,5.78661391183519,6.0143,4.1239,4.17229
3.08479728426256,6.87934004849316,5.77762862522442,6.0187,4.17669,4.18988
3.13404575528917,6.87432398641817,5.77087083748342,6.0187,4.17669,4.18988
3.1094601963573,6.85785378919348,5.76504661462341,6.0187,4.17669,4.18988
3.07457390893979,6.87270409847088,5.76096063131061,6.0187,4.17669,4.18988
2.98365432427312,6.83879200487897,5.75679212736054,5.9879,4.18878,4.34164
2.91889751966467,6.80619491893207,5.75335943709057,5.9879,4.18878,4.34164
2.92334563801887,6.77247186833047,5.74936272406237,5.9879,4.18878,4.34164
2.9979909221615,6.72482986587576,5.74498406627575,5.9879,4.18878,4.46261
2.98224813334948,6.67876602642955,5.74005023450831,5.97031,4.1404,4.46261
2.94511264263766,6.7243123343352,5.73445733270362,5.97031,4.1404,4.46261
2.99583699234219,6.76639485987432,5.72815578720215,5.97031,4.1404,4.46261
3.10846529801323,6.76673824402827,5.72029554677183,5.9934,4.1393,4.41312
3.08761081889666,6.77256433502187,5.71168936356804,5.9934,4.1393,4.41312
2.99954578269329,6.79933559792906,5.69844823690484,5.9934,4.1393,4.41312
2.97277697482248,6.80733465093463,5.68391934873563,5.9934,4.1393,4.41312
2.97445997139191,6.79577592357018,5.6686073024948,6.02749,4.16679,4.31305
2.94353885534955,6.82681022711496,5.65335847776926,6.02749,4.16679,4.31305
2.98736161709895,6.83553568397556,5.63979096686151,6.02749,4.16679,4.31305
3.03945090976687,6.83122502863148,5.62776728564022,6.02749,4.19978,4.31085
3.03001195631918,6.82875858577207,5.61515532262037,6.02199,4.19978,4.31085
3.0181768788171,6.82125539056359,5.60093082366707,6.02199,4.19978,4.31085
3.0005719521129,6.78477987163691,5.58633159896377,6.02199,4.19978,4.31085
3.00526017711999,6.75109009532032,5.57324084481744,6.0055,4.23057,4.39113
2.97048135415175,6.71503455327229,5.56223436232264,6.0055,4.23057,4.39113
2.99403742505265,6.65819782302604,5.55222229819819,6.0055,4.23057,4.39113
2.99509270694279,6.63904500909507,5.54459053104259,6.0055,4.23057,4.47251
3.01088841054114,6.69355315262085,5.5384687890521,5.9945,4.21848,4.47251
3.02916390094566,6.71607582439411,5.53412398496788,5.9945,4.21848,4.47251
3.03151648624397,6.70856448369421,5.53153085291549,5.9945,4.21848,4.47251
2.99864166402308,6.7326467200756,5.53004952509232,5.97581,4.19978,4.4956
2.97970415401155,6.75925064406059,5.52920321776061,5.97581,4.19978,4.4956
2.99448187285961,6.76199058917047,5.53103344644955,5.97581,4.19978,4.4956
2.99897766645762,6.75899251427859,5.53466971353921,5.97581,4.19978,4.4956
3.00341973200897,6.8019315759675,5.53962146056728,5.96921,4.19098,4.43732
2.97967633626312,6.80627144903493,5.54609314586214,5.96921,4.19098,4.43732
2.97683559147066,6.80017389600771,5.55600975528918,5.96921,4.19098,4.43732
3.02621204983965,6.82898835904198,5.56804342338455,5.96921,4.19978,4.36913
3.04904012205425,6.80585573809075,5.58226752642173,5.9835,4.19978,4.36913
3.03072735677,6.7775195305063,5.59802849966878,5.9835,4.19978,4.36913
3.01733115325833,6.75228791421096,5.61589824206049,5.9835,4.19978,4.36913
2.97061549462794,6.71652738383585,5.63497159521218,6.0121,4.20528,4.32515
2.98226800796764,6.68164903459969,5.65561887898395,6.0121,4.20528,4.32515
2.96916155167235,6.6906690012024,5.67789894095886,6.0121,4.20528,4.32515
2.97115627220003,6.75732069046589,5.70063183600796,6.0121,4.20528,4.32515
3.02261435162929,6.76674916875323,5.72418678127134,6.02969,4.18109,4.28446
3.02976014023919,6.77318326448884,5.74752277740126,6.02969,4.18109,4.28446
3.0353559003676,6.80736202606249,5.77120050500139,6.02969,4.18109,4.28446
3.04813747837965,6.83379080181256,5.79390951766181,6.02969,4.18109,4.27566
3.00243988433316,6.83032966209056,5.81644597708198,6.0154,4.17339,4.27566
2.95164372228691,6.85453933764187,5.8379991969637,6.0154,4.17339,4.27566
2.97041731061158,6.87922878641022,5.858247173413,6.0154,4.17339,4.27566
2.97457831148773,6.87676638233666,5.8775291707875,6.0033,4.19538,4.29216
3.00874332917766,6.87398276408938,5.89622931611965,6.0033,4.19538,4.29216
3.01510317596628,6.87445365255296,5.91299857585664,6.0033,4.19538,4.29216
3.02903152878305,6.83581569378936,5.92876686556329,6.0033,4.19538,4.29216
3.01203788785201,6.79448955348348,5.94337506586796,6.0022,4.18988,4.29435
3.04205354854878,6.74980777473356,5.95696157835733,6.0022,4.18988,4.29435
2.99295547150304,6.69378951484468,5.97024358178707,6.0022,4.18988,4.29435
2.98717647358407,6.6450714351053,5.9825938148214,6.0022,4.16239,4.28006
2.9970961808821,6.66139057283,5.99390247017241,5.9978,4.16239,4.28006
2.99878129438703,6.68946046758653,6.00512507299863,5.9978,4.16239,4.28006
2.98465021706018,6.66991393324968,6.01641677018609,5.9978,4.16239,4.28006
2.97598610661765,6.66179341427378,6.02692996745789,5.9989,4.17229,4.27566
3.01393137171839,6.67563663177153,6.0376456383275,5.9989,4.17229,4.27566
3.00574571049769,6.67331615431528,6.04744796719271,5.9989,4.17229,4.27566
3.02336702153557,6.64427485310118,6.05729023158391,5.9989,4.17229,4.29655
3.01711325628988,6.66652571756163,6.06637119071308,5.98021,4.21738,4.29655
3.02140002696906,6.66576786552572,6.07502957137282,5.98021,4.21738,4.29655
2.99889308798678,6.64839225859778,6.08354279031571,5.98021,4.21738,4.29655
2.98331813115054,6.63873664104767,6.0916725069073,5.98021,4.25587,4.32735
2.99783838527817,6.62823468459716,6.09966426169757,5.96041,4.25587,4.32735
3.00902416678361,6.58711095735837,6.10776626204845,5.96041,4.25587,4.32735
2.97967852760153,6.55044983093275,6.11564080147663,5.96041,4.25587,4.32735
3.01660997025725,6.51061625743205,6.12303771648045,5.94282,4.26026,4.34274
2.99614148150665,6.46205720749086,6.13097481009555,5.94282,4.26026,4.34274
3.0024992401268,6.43857164058657,6.13923450168169,5.94282,4.26026,4.34274
3.01907374199268,6.49599070239431,6.14867745330916,5.94282,4.23607,4.28446
2.99921038219426,6.52046946193423,6.15717607715163,5.95821,4.23607,4.28446
2.99480532374456,6.52326006548232,6.16625854298425,5.95821,4.23607,4.28446
3.00456363216839,6.54709724425303,6.17474936717032,5.95821,4.23607,4.28446
3.00639107580796,6.58117411245705,6.18412823981994,6.0165,4.21298,4.15469
2.99211439790529,6.58436135518541,6.19255099998586,6.0165,4.21298,4.15469
3.02373762083688,6.59847368551786,6.20047344667985,6.0165,4.21298,4.15469
3.01541463518988,6.64246071298567,6.20803370847522,6.0165,4.21298,4.15469
3.01555743431303,6.65831467151822,6.21485835097495,6.0088,4.17889,4.21078
2.99223860028755,6.64936385209579,6.22088082836946,6.0088,4.17889,4.21078
3.00422229860148,6.67649925801971,6.22619926885127,6.0088,4.17889,4.21078
2.97925255878223,6.66699089937226,6.23205510637589,6.0088,4.17889,4.36913
2.97798510832937,6.64345851719057,6.2367295677035,5.97141,4.17999,4.36913
2.98875225745226,6.62064807225422,6.24056169618197,5.97141,4.17999,4.36913
2.97966987163599,6.59192735364401,6.2426910014481,5.97141,4.17999,4.36913
2.99775830130089,6.55541108194798,6.24389649415186,5.9956,4.20638,4.33944
3.03494591182809,6.57209778250388,6.2430718560288,5.9956,4.20638,4.33944
3.06378567321369,6.64544367826986,6.24071697219139,5.9956,4.20638,4.33944
3.06645156655268,6.65278196496628,6.23702759891062,5.9956,4.20638,4.33944
3.03713698250953,6.66080296585787,6.23282952292318,5.9989,4.15139,4.26796
2.93379483710723,6.69431626445966,6.22736491438055,5.9989,4.15139,4.26796
2.97217132600168,6.71642610354451,6.2222172215304,5.9989,4.15139,4.26796
2.97458278008022,6.71683428746813,6.21612743940663,5.9989,4.09861,4.37793
2.99424981380647,6.74439210346421,6.20981594339863,5.94172,4.09861,4.37793
2.96702756953898,6.77971023119781,6.20416429187704,5.94172,4.09861,4.37793
2.97735707102945,6.7781552867788,6.19901515723491,5.94172,4.09861,4.37793
2.9832746050202,6.76930859635129,6.1931684141434,5.95161,4.14919,4.38123
2.9938230016792,6.78806578349266,6.18731001770268,5.95161,4.14919,4.38123
3.04147330807757,6.75684326401135,6.18144508859371,5.95161,4.14919,4.38123
3.10011419301247,6.72626287475961,6.17432292905437,5.95161,4.14919,4.24597
3.11783273905484,6.69428994682209,6.16754510443993,6.011,4.17009,4.24597
3.03141387703777,6.65261239578093,6.15994853156044,6.011,4.17009,4.24597
2.97151224133948,6.61368403699731,6.15240623176208,6.011,4.17009,4.24597
2.91772600674327,6.65922313468051,6.14201005346775,6.0044,4.09201,4.26026
2.92715418738435,6.69752863925819,6.13088156308641,6.0044,4.09201,4.26026
2.91786264540832,6.69594309001386,6.11820196252622,6.0044,4.09201,4.26026
2.9770438025289,6.70491551037608,6.10501216596573,6.0044,4.09201,4.26026
3.01461546068212,6.73618711213891,6.09169738050438,5.92962,4.09641,4.41422
3.0533866192025,6.74708006074616,6.07682719586597,5.92962,4.09641,4.41422
3.05762712233593,6.74088808513509,6.06138316642876,5.92962,4.09641,4.41422
3.05493887528408,6.77836941825792,6.04593695213444,5.92962,4.20308,4.4824
3.00562821495951,6.79309558386069,6.03014622507451,5.88563,4.20308,4.4824
3.01302522334608,6.79524727261321,6.01436569536166,5.88563,4.20308,4.4824
3.02588853663047,6.79489577053421,5.99911701746597,5.88563,4.20308,4.4824
3.00477039976963,6.79554022918855,5.98183375072692,5.97141,4.23277,4.28226
2.93572350521545,6.76306275156349,5.96384311874734,5.97141,4.23277,4.28226
2.95888163905062,6.73263950200289,5.94541455317749,5.97141,4.23277,4.28226
2.99171472400911,6.69881285372029,5.92811197434147,5.97141,4.23277,4.28226
3.00726242305995,6.64751072686832,5.91078854106317,6.05718,4.15909,4.07111
3.06845121081677,6.63998328773635,5.89391263188175,6.05718,4.15909,4.07111
3.04256859086267,6.6938159905605,5.87782798038883,6.05718,4.15909,4.07111
3.0107038168005,6.71188209604109,5.86245232167104,6.05718,4.15909,4.22177
2.88680019452771,6.70397177259903,5.84785994623862,6.0187,4.1096,4.22177
2.94745588073699,6.72785401505353,5.83316998192321,6.0187,4.1096,4.22177
2.99221854654271,6.75367573803843,5.81900189488606,6.0187,4.1096,4.22177
3.064162696317,6.75511504649663,5.80466448682713,5.9813,4.15469,4.39773
3.0663136684936,6.75269716445249,5.79022478727796,5.9813,4.15469,4.39773
3.0105202546985,6.79139107472078,5.77553162207305,5.9813,4.15469,4.39773
3.03701790887378,6.79297376960387,5.76115123307292,5.9813,4.15469,4.39773
3.04769863600453,6.78168474133218,5.74690442284545,5.93732,4.24047,4.42632
3.01340581007146,6.80380657393506,5.73411998242663,5.93732,4.24047,4.42632
2.99876468057216,6.77264077520728,5.72162922896936,5.93732,4.24047,4.42632
2.96667950146219,6.7374361854482,5.71112020717241,5.93732,4.25037,4.43182
2.89267249888546,6.70425657884506,5.70266234066579,5.91202,4.25037,4.43182
2.88680223884207,6.65831024486821,5.69689150045316,5.91202,4.25037,4.43182
2.97080550943538,6.61197959821041,5.69160290906709,5.91202,4.25037,4.43182
3.06938193282934,6.61881697109591,5.6884672587938,5.94062,4.24707,4.35374
3.08023597084334,6.68155299722117,5.68788378014044,5.94062,4.24707,4.35374
3.08579299827386,6.68006050751091,5.68994126993618,5.94062,4.24707,4.35374
3.08324765755281,6.68230952337503,5.69287173786073,5.94062,4.24707,4.29216
3.04951837704826,6.71315287753411,5.69618064423724,6.0044,4.20748,4.29216
2.97833459959175,6.73321513577699,5.70098731155672,6.0044,4.20748,4.29216
2.89147183539634,6.72808874207838,5.70604804789011,6.0044,4.20748,4.29216
2.91113447512355,6.75659676160015,5.71227304855917,6.04619,4.1228,4.25696
2.97855924629781,6.78283698903329,5.71861295606216,6.04619,4.1228,4.25696
3.01851579208899,6.78797471739161,5.72569352749987,6.04619,4.1228,4.25696
3.04070917126075,6.79105441918661,5.73148518860805,6.04619,4.1228,4.25696
3.03667715620532,6.80259845896251,5.73713984750474,6.0044,4.08761,4.34164
3.03748472432876,6.77730122173421,5.74220660175579,6.0044,4.08761,4.34164
3.01782932285058,6.75183318959458,5.74775527323956,6.0044,4.08761,4.34164
2.95164550444102,6.72394793786312,5.75207043914322,6.0044,4.10191,4.47471
2.99324763387438,6.68351682861111,5.75442141749322,5.96261,4.10191,4.47471
3.01061365620862,6.65152452538152,5.75593871261174,5.96261,4.10191,4.47471
3.00773867001419,6.6926263574318,5.75755310882189,5.96261,4.10191,4.47471
2.95793199551107,6.74168147887701,5.75947808889625,5.95161,4.10191,4.4868
3.02581722627196,6.74574318720521,5.76017797657013,5.95161,4.10191,4.4868
3.06306404787326,6.75441538330579,5.76126186207394,5.95161,4.10191,4.4868
3.05587029815632,6.7858528685069,5.76200470790217,5.95161,4.10191,4.4868
2.98988835414289,6.796402582684,5.76272108126259,5.97251,4.09641,4.39663
2.9249657342614,6.7854770764458,5.76459491846331,5.97251,4.09641,4.39663
2.97343744071981,6.82284987609352,5.76991777518259,5.97251,4.09641,4.39663
2.97552273350826,6.83730846958902,5.77718565143047,5.97251,4.09641,4.32515
2.99603928600991,6.83645508205976,5.78742991454441,5.97361,4.1217,4.32515
3.01324057792215,6.83425227674051,5.79966391411369,5.97361,4.1217,4.32515
3.04057415207176,6.82524488291855,5.81356270431817,5.97361,4.1217,4.32515
3.05648632984739,6.79067854113736,5.82881898641782,6.0033,4.1382,4.31635
3.02286141562349,6.75886239388531,5.84424698258878,6.0033,4.1382,4.31635
3.00235912492685,6.72172320702438,5.85977293434572,6.0033,4.1382,4.31635
2.98745752816246,6.67640395100992,5.87534447615936,6.0033,4.1382,4.31635
2.92049105445284,6.65527963663152,5.89077505676773,6.02529,4.05022,4.29985
2.9647750091852,6.70937134818678,5.90569430824586,6.02529,4.05022,4.29985
3.03572064352984,6.72656436139605,5.91946626815473,6.02529,4.05022,4.29985
3.0983762275543,6.7224301863945,5.93170036484364,6.02529,3.97764,4.33065
3.08381538944819,6.73922569937118,5.94283268223916,6.0099,3.97764,4.33065
2.94377027618784,6.76394217019825,5.95083753871822,6.0099,3.97764,4.33065
2.93795637021824,6.75491633686132,5.95745955214726,6.0099,3.97764,4.33065
2.92622581105327,6.75780606513711,5.96218971951576,5.97251,4.04472,4.41642
2.94579903740947,6.78884404346281,5.96558132773719,5.97251,4.04472,4.41642
3.00463282228934,6.78670209698073,5.96598642073285,5.97251,4.04472,4.41642
3.09540203434899,6.76346417477939,5.96487335460581,5.97251,4.04472,4.4835
3.0789996168939,6.77689227153165,5.96276482678777,5.94501,4.1371,4.4835
3.08408069019404,6.74793657986028,5.96025553958477,5.94501,4.1371,4.4835
2.99535159710578,6.70696417083696,5.95705489194438,5.94501,4.1371,4.4835
2.95018775216443,6.66656166567678,5.95258201769569,5.92742,4.18218,4.5121
2.95528697909009,6.61730994385396,5.94893592225812,5.92742,4.18218,4.5121
2.97316966076386,6.56186066841836,5.94586158209897,5.92742,4.18218,4.5121
2.97453059533052,6.56550283779573,5.94476542910523,5.92742,4.18218,4.5121
2.9821695612221,6.62449770335656,5.94590528880949,5.88563,4.17889,4.54179
3.01348040829865,6.6170656073469,5.94940169932934,5.88563,4.17889,4.54179
3.03049105979017,6.6148621255267,5.9565407319709,5.88563,4.17889,4.54179
3.025955867614,6.64114831120856,5.9650147496746,5.88563,4.17669,4.40323
3.00547857556364,6.65201812432601,5.97397137195699,5.91312,4.17669,4.40323
3.01393395205432,6.64778848646046,5.98476676971719,5.91312,4.17669,4.40323
2.99107562650577,6.66937330900016,5.99550615262007,5.91312,4.17669,4.40323
3.02354645839403,6.70129483846761,6.006891190678,6.0044,4.17559,4.10081
3.01781087518247,6.70135478724344,6.01905634464559,6.0044,4.17559,4.10081
3.02684279140442,6.6994258392409,6.03243068546943,6.0044,4.17559,4.10081
3.00012023425034,6.72258370896943,6.04616520655227,6.0044,4.17559,4.10081
2.98409421077097,6.69827953308191,6.05809358476749,6.0022,4.17999,4.02933
2.9823221117498,6.67633382378929,6.06867036191664,6.0022,4.17999,4.02933
2.97975295956472,6.65370158317007,6.07694468302068,6.0022,4.17999,4.02933
2.95749694267264,6.61907600319217,6.0835681764327,6.0022,4.17999,4.15799
2.94900817532763,6.59480909058329,6.08884096304523,5.9978,4.20198,4.15799
2.98105295090293,6.65569906891154,6.09361583228206,5.9978,4.20198,4.15799
3.01954849900409,6.70471135395293,6.09517216009088,5.9978,4.20198,4.15799
3.09929811310993,6.71408624586508,6.09521700795453,5.9956,4.1349,4.27786
3.11966100295327,6.73165994911586,6.09240550515749,5.9956,4.1349,4.27786
3.09079803313729,6.77173786988218,6.0873981295902,5.9956,4.1349,4.27786
3.04910378502478,6.7906778905389,6.08010393234868,5.9956,4.1349,4.27786
2.89340317557386,6.7922046287778,6.07170251480117,6.0022,4.1426,4.20748
2.82394355898287,6.83458197315615,6.06181428578702,6.0022,4.1426,4.20748
2.90468182155401,6.85132718368027,6.05114439110779,6.0022,4.1426,4.20748
2.97068168041383,6.84810237231726,6.03995456830012,6.0022,4.22177,4.21738
3.05092821470098,6.84714314770563,6.02838913427729,5.97581,4.22177,4.21738
3.1026440971285,6.8408729328729,6.01755066316854,5.97581,4.22177,4.21738
3.10506756677463,6.80159375822721,6.00657126152791,5.97581,4.22177,4.21738
3.03623577931698,6.76301537128283,5.99617253131017,5.95931,4.18109,4.37133
2.99694068530134,6.72022550566718,5.98645460764254,5.95931,4.18109,4.37133
2.94611192380086,6.65708981857003,5.97909505713701,5.95931,4.18109,4.37133
2.9349523718521,6.63661922074758,5.97165982106238,5.95931,4.18109,4.43732
3.01155313526088,6.68003619644988,5.96653262640235,5.93292,4.10301,4.43732
3.05493085799502,6.68660226887085,5.96209188297748,5.93292,4.10301,4.43732
3.02975038943352,6.66705402638012,5.95944094150457,5.93292,4.10301,4.43732
2.9458346034838,6.67904820860988,5.95988971861493,5.94282,4.08761,4.37463
2.96711294598217,6.69654275714121,5.96048498250473,5.94282,4.08761,4.37463
2.98266509773082,6.68976322923624,5.96116509488386,5.94282,4.08761,4.37463
3.02001401262589,6.68119138521685,5.96266736707597,5.94282,4.08761,4.37463
3.01252609551513,6.71629502546018,5.96423940330766,6.04839,4.21408,4.15249
3.0382517851372,6.713755988943,5.96555701031763,6.04839,4.21408,4.15249
3.02783233549794,6.69960020579078,5.96693832899984,6.04839,4.21408,4.15249
3.03809892787212,6.72614419541061,5.96870877400263,6.04839,4.25367,4.1437
3.00561009855642,6.69705775894099,5.97150286092368,6.04179,4.25367,4.1437
2.98530467826041,6.66542350665612,5.97433152078043,6.04179,4.25367,4.1437
2.9955988216386,6.63710947669736,5.9753316539545,6.04179,4.25367,4.1437
2.94720206042126,6.59446512461828,5.97477841924045,5.9857,4.14699,4.42962
2.94487802144312,6.56455659967273,5.97327923825935,5.9857,4.14699,4.42962
2.99133170310504,6.57636919938471,5.96991551393691,5.9857,4.14699,4.42962
3.02713045290998,6.64201856480877,5.96633733742691,5.9857,4.14699,4.42962
2.96642538095277,6.64728793426311,5.96243478144731,6.0121,3.99963,4.45821
3.0570385753616,6.65272969087701,5.95693425161968,6.0121,3.99963,4.45821
3.06166774374989,6.68406850630408,5.9507538751934,6.0121,3.99963,4.45821
3.12724836396718,6.70628446345164,5.94383150564165,6.0121,3.99963,4.27566
3.11472456550019,6.69898923326358,5.93524428110833,6.0165,4.04362,4.27566
2.90904009768639,6.72502128432362,5.9248278429954,6.0165,4.04362,4.27566
2.86917114451535,6.74604399830828,5.915916512999,6.0165,4.04362,4.27566
2.91894738231132,6.7415363359118,5.90780785145566,5.95161,4.16019,4.35924
2.91013764391942,6.73939101611585,5.89963147015791,5.95161,4.16019,4.35924
2.94563625926181,6.73773110433468,5.88983985627914,5.95161,4.16019,4.35924
3.00470839453574,6.70042769146507,5.87996944258903,5.95161,4.16019,4.35924
3.1141275019765,6.66273076406347,5.87113651477383,5.96811,4.22507,4.45821
3.17808272680176,6.62246638570345,5.86228469146664,5.96811,4.22507,4.45821
3.07708258174415,6.57197109856935,5.85322869072882,5.96811,4.22507,4.45821
3.0183828034249,6.53301134202837,5.84536330379522,5.96811,4.16679,4.34054
2.99612422856597,6.56354900150794,5.8376740079582,6.0033,4.16679,4.34054
2.93036948631912,6.59652396462381,5.83096350345713,6.0033,4.16679,4.34054
2.90340318417013,6.58772285097788,5.82365976769859,6.0033,4.16679,4.34054
2.97817393379466,6.59228665683044,5.81654374163647,5.9989,4.06672,4.27236
2.98076861230509,6.61863187492189,5.81042098918412,5.9989,4.06672,4.27236
2.94513700400624,6.62606431554698,5.8034830993807,5.9989,4.06672,4.27236
3.03120724426008,6.61669642116586,5.79917920608165,5.9989,4.06672,4.41862
3.02522176610162,6.65346648862252,5.79588208279419,5.93512,4.04032,4.41862
2.99515796571653,6.66565021280921,5.79179587497344,5.93512,4.04032,4.41862
3.02902759329727,6.6652421976776,5.78643051751198,5.93512,4.04032,4.41862
3.14009428457743,6.66388797433429,5.78197387517128,5.9868,4.15139,4.39663
3.06536575898773,6.65775180575018,5.77625402390773,5.9868,4.15139,4.39663
2.959653083564,6.62458848702771,5.7710529312088,5.9868,4.15139,4.39663
2.92040117270008,6.59353023926384,5.76711561286361,5.9868,4.15139,4.39663
2.96206052942158,6.55741119251892,5.76104629951445,6.0011,4.27786,4.19758
3.02819445485905,6.51165438452159,5.75420622801866,6.0011,4.27786,4.19758
2.9734991207482,6.48896602668165,5.74842872060209,6.0011,4.27786,4.19758
2.99081597996176,6.5441308119233,5.74272536866087,6.0011,4.25806,4.25916
3.02926084209336,6.55936551355683,5.73765687552004,5.97141,4.25806,4.25916
3.00143707158242,6.55148751545607,5.73297120723314,5.97141,4.25806,4.25916
2.98065329785599,6.56774871665484,5.72975565317093,5.97141,4.25806,4.25916
2.93636746554451,6.58831718474809,5.72894525380365,5.95491,4.18768,4.39883
2.99511911405358,6.57550347478224,5.72932380655166,5.95491,4.18768,4.39883
3.04141615527206,6.58013155206015,5.73133447977351,5.95491,4.18768,4.39883
3.07441204012104,6.61129444773062,5.73482812566389,5.95491,4.18768,4.39883
3.20606033717187,6.61760233026345,5.74063438679246,5.94391,4.17229,4.41642
3.03159166832163,6.59713306438033,5.74722916486752,5.94391,4.17229,4.41642
2.84168486978466,6.61690280505867,5.75649006127728,5.94391,4.17229,4.41642
2.89126046419268,6.59600297834046,5.76761335879668,5.94391,4.1151,4.40323
2.9452130003072,6.56865858087951,5.77896373968992,5.94721,4.1151,4.40323
2.9586152896825,6.54477218975178,5.7923286653651,5.94721,4.1151,4.40323
3.0272499172717,6.5160081386694,5.80807392036289,5.94721,4.1151,4.40323
3.05362033255663,6.48593610973456,5.824504548739,5.96591,3.98754,4.33834
3.04927362049596,6.51531645197451,5.84165153803836,5.96591,3.98754,4.33834
3.06964747159928,6.59275910045307,5.86131713598668,5.96591,3.98754,4.33834
3.06210950743349,6.60727750289129,5.88093739034624,5.96591,3.98754,4.33834
3.00701061188371,6.63089820648496,5.89976939202533,5.97911,4.03592,4.26796
2.96169451788554,6.67906098499886,5.91698671595079,5.97911,4.03592,4.26796
2.92074493460724,6.7131508807977,5.93229749581663,5.97911,4.03592,4.26796
2.9304851975122,6.72850481843306,5.94668934801639,5.97911,4.17999,4.21188
2.96332115966551,6.77076936046364,5.95822451382982,5.9923,4.17999,4.21188
3.03088673043525,6.81303183282944,5.96715696135054,5.9923,4.17999,4.21188
3.07019799265811,6.8215008041459,5.97409856814297,5.9923,4.17999,4.21188
3.05371626144297,6.81858628079121,5.97789570766052,5.9923,4.18768,4.19538
3.09701818573295,6.83646222909818,5.97984582318457,5.9923,4.18768,4.19538
3.01260037845848,6.80547818528946,5.97846624523851,5.9923,4.18768,4.19538
2.96768427264333,6.7725592835186,5.97439539788931,5.9923,4.18768,4.23387
2.91691725569279,6.73439029001181,5.96832571940741,5.97581,4.1195,4.23387
2.90294948892364,6.6822092822511,5.9595295151818,5.97581,4.1195,4.23387
2.95670532894858,6.63959200717411,5.95128132336293,5.97581,4.1195,4.23387
3.05283912709292,6.67615266697587,5.94159767028088,5.94172,4.08761,4.36364
3.04747121655895,6.69341284064441,5.92893212608576,5.94172,4.08761,4.36364
3.05960854207392,6.67707666659606,5.91573037900984,5.94172,4.08761,4.36364
3.05701579315655,6.66532061872829,5.90367199410769,5.94172,4.08761,4.36364
3.00868440237171,6.67898795554724,5.8905842569278,5.92632,4.1415,4.43842
3.0024680522555,6.67543081285613,5.87900550986392,5.92632,4.1415,4.43842
2.97037226177208,6.65687621199945,5.86785683874626,5.92632,4.1415,4.43842
2.94941681548878,6.67726326914528,5.8575852754998,5.92632,4.21188,4.31305
2.97567891305,6.67543245737892,5.84884893374762,5.94941,4.21188,4.31305
3.00177548832645,6.66005875321188,5.84244712660367,5.94941,4.21188,4.31305
3.01545113969708,6.65087476083186,5.83732986262062,5.94941,4.21188,4.31305
3.02318764118332,6.63732084540285,5.83341621434298,5.96701,4.30535,4.15689
3.01549049958076,6.59591598598628,5.83034218507678,5.96701,4.30535,4.15689
3.04820366642953,6.55871516512584,5.82845112529097,5.96701,4.30535,4.15689
3.00117788809002,6.51730850218561,5.82801816767053,5.96701,4.30535,4.15689
2.9592639379122,6.45955676949579,5.82949547992524,5.95601,4.27346,4.23607
2.97236583074567,6.45112559221709,5.83254919188704,5.95601,4.27346,4.23607
2.98030019802022,6.50550460031344,5.83637085546131,5.95601,4.27346,4.23607
2.99798437472316,6.52183905333214,5.84205572257151,5.95601,4.18548,4.33834
3.02954668329666,6.51504141099953,5.84803662332472,5.93732,4.18548,4.33834
3.04516430338839,6.54205421261621,5.85550720961808,5.93732,4.18548,4.33834
3.04834758998375,6.56840346734147,5.86368284433822,5.93732,4.18548,4.33834
3.051005870427,6.57224868347224,5.87303022084552,5.92522,4.09641,4.38673
2.94827563750568,6.57960983699048,5.88357464543078,5.92522,4.09641,4.38673
2.96776032096796,6.62364863186277,5.89620603020672,5.92522,4.09641,4.38673
2.92835839853212,6.63428278033708,5.90910208582717,5.92522,4.09641,4.38673
2.98003055379625,6.63124757272149,5.92312996912422,5.97801,4.02823,4.33284
3.02535285824608,6.65340414128692,5.93704829763812,5.97801,4.02823,4.33284
3.05707144794849,6.62990772190983,5.95009972426776,5.97801,4.02823,4.33284
3.02400388603673,6.60295435133983,5.96298606747431,5.97801,4.02823,4.16019
2.99659622718568,6.57733988472628,5.97477017194552,6.04399,4.02823,4.16019
2.99151647177743,6.53840925251095,5.98475779120604,6.04399,4.02823,4.16019
3.01090358689347,6.51202943670236,5.99248442853979,6.04399,4.02823,4.16019
3.03725080847138,6.52805649655003,5.99868318337451,6.0077,4.00403,4.23057
3.02859913693455,6.58698671593649,6.00269309163055,6.0077,4.00403,4.23057
2.98831813942504,6.58571107859818,6.00525037464773,6.0077,4.00403,4.23057
2.96513551078893,6.5853186016962,6.00498743027969,6.0077,4.00403,4.40103
2.94331128407921,6.6133802401318,6.00393272037128,5.94941,4.10081,4.40103
2.94901749241451,6.63069044861307,6.00048323492899,5.94941,4.10081,4.40103
3.00872756690586,6.61832021619031,5.99401930841171,5.94941,4.10081,4.40103
3.03350072701706,6.63998094034665,5.98463787868088,5.94501,4.25587,4.40652
3.07722943942456,6.65282801069993,5.97428424895111,5.94501,4.25587,4.40652
3.06119138615871,6.64687916217794,5.96245649621238,5.94501,4.25587,4.40652
3.02786601047344,6.6317934684669,5.94984417719116,5.94501,4.25587,4.40652
2.98157146752184,6.61999024796468,5.93654401317485,5.95601,4.23387,4.30975
2.99229804120812,6.57484817886052,5.92309766717544,5.95601,4.23387,4.30975
2.94592418783053,6.53014723352646,5.91068693494722,5.95601,4.23387,4.30975
2.96274954571149,6.48185360949569,5.89737969651169,5.95601,4.14479,4.28776
2.99912116505174,6.42695586476857,5.88494951889997,5.97471,4.14479,4.28776
2.99352337704143,6.38475002840656,5.872515851433,5.97471,4.14479,4.28776
2.98252480557798,6.40709931171394,5.86117260578386,5.97471,4.14479,4.28776
2.97609622938343,6.43197837221691,5.85074888720162,5.97031,3.98534,4.39883
3.03892714334722,6.42150106969411,5.84211171026788,5.97031,3.98534,4.39883
3.05825603898742,6.42313181784204,5.83489078135738,5.97031,3.98534,4.39883
3.08651857564086,6.44732895666938,5.82824821290256,5.97031,3.98534,4.39883
3.0421982962385,6.4561628049956,5.82234439557496,5.97031,3.95125,4.43842
3.0385901998074,6.44704114842516,5.81821603399524,5.97031,3.95125,4.43842
2.94322167309771,6.48242991019934,5.81413327839922,5.97031,3.95125,4.43842
2.88291121400174,6.49497017320382,5.81024855142643,5.97031,4.125,4.36584
2.88589474439076,6.49363023723172,5.80566005268568,5.9967,4.125,4.36584
3.01377165987688,6.49945241555381,5.80001708548665,5.9967,4.125,4.36584
3.03854164170219,6.49534422772933,5.79343095886395,5.9967,4.125,4.36584
3.05934799304368,6.46686937242538,5.78620568024408,5.9879,4.16239,4.33834
3.06094331620518,6.44137691165867,5.7798764542263,5.9879,4.16239,4.33834
3.06470983321153,6.40993224403276,5.77274793144772,5.9879,4.16239,4.33834
3.03725557310966,6.37330253061462,5.76601368753102,5.9879,4.16239,4.33834
2.98252034985366,6.36466660604482,5.75963865383513,5.97801,4.08101,4.40323
2.94814241851012,6.4283912405665,5.75359066422622,5.97801,4.08101,4.40323
2.93614009077623,6.44897993721221,5.7469803178189,5.97801,4.08101,4.40323
2.94330406561622,6.45257407434558,5.74065712677438,5.97801,3.99523,4.38563
2.95895586195705,6.47282533870297,5.73305483121729,5.9989,3.99523,4.38563
3.02273733918295,6.5065686724992,5.72516689868068,5.9989,3.99523,4.38563
3.07073567047121,6.5101146522601,5.71795884874928,5.9989,3.99523,4.38563
3.07050394365556,6.5229342313583,5.71193111058143,6.0066,3.89076,4.30095
3.09015993729657,6.55943992000375,5.70679018946102,6.0066,3.89076,4.30095
3.09197797166756,6.57340984103737,5.70125552935012,6.0066,3.89076,4.30095
2.95752200366715,6.55170142221206,5.69768639989265,6.0066,3.89076,4.30755
2.90911078510117,6.56972196423892,5.69496681446282,5.9901,4.1096,4.30755
2.88104412521466,6.54404895282131,5.69429711674291,5.9901,4.1096,4.30755
2.89144237247167,6.51006012959431,5.69508163958008,5.9901,4.1096,4.30755
2.96770035262309,6.47633206917146,5.69774267636787,5.92962,4.36804,4.47251
3.05860863843485,6.43527991411775,5.70075121719198,5.92962,4.36804,4.47251
3.11322893092203,6.3906595901211,5.70373406679298,5.92962,4.36804,4.47251
3.06169299407158,6.40416914480709,5.70647564371717,5.92962,4.36804,4.47251
3.07186435305386,6.45963557338619,5.71099932083085,5.95821,4.24597,4.42522
3.07342624031082,6.45759042228091,5.71773014699437,5.95821,4.24597,4.42522
3.03575012339489,6.45327426422474,5.72597547950749,5.95821,4.24597,4.42522
2.96153487696105,6.48104604343836,5.73585992200919,5.95821,4.01503,4.21298
2.90399923229803,6.50102978994111,5.74750049033775,5.9956,4.01503,4.21298
2.86882111130609,6.49835583528395,5.76022713674747,5.9956,4.01503,4.21298
2.9238693652477,6.5238903528307,5.77291700523387,5.9956,4.01503,4.21298
3.00318054730662,6.55529096358234,5.78588089259575,6.0066,3.91166,4.17559
3.06982881927169,6.55686297631961,5.79930822181235,6.0066,3.91166,4.17559
3.05282202440315,6.5411871201587,5.81219771984917,6.0066,3.91166,4.17559
3.01102217753363,6.54507377028776,5.82383331976202,6.0066,3.91166,4.17559
3.05940908131156,6.50871836393279,5.83403024032835,6.02419,3.98094,4.17229
3.05248559338663,6.47199718672969,5.84401873273213,6.02419,3.98094,4.17229
3.07421721379337,6.43163689793823,5.85446238456576,6.02419,3.98094,4.17229
3.05587111861632,6.3809216170745,5.86371663796164,6.02419,4.25806,4.20638
2.9684348822802,6.33952718333674,5.87334949205139,5.9945,4.25806,4.20638
2.88171175115737,6.37496757459198,5.88011113449237,5.9945,4.25806,4.20638
2.85407113986926,6.38817291406943,5.8855714597911,5.9945,4.25806,4.20638
2.89749613580731,6.36896373568506,5.89006254021573,5.95051,4.32515,4.36474
2.99115128436648,6.36059184585878,5.89341212775316,5.95051,4.32515,4.36474
3.1146243363752,6.3736715976937,5.89741403894848,5.95051,4.32515,4.36474
3.11474705086159,6.37203586353913,5.90023731591137,5.95051,4.32515,4.36474
3.11156541357223,6.34878312381013,5.9034688259773,5.96921,4.08871,4.32625
3.06650002937214,6.36976927055981,5.906340899705,5.96921,4.08871,4.32625
2.9895723357776,6.36720420411321,5.90850653455195,5.96921,4.08871,4.32625
2.94225173556512,6.34591185183746,5.9113607224304,5.96921,3.93365,4.1437
2.96050275773409,6.32402758786567,5.91413224126193,5.989,3.93365,4.1437
2.96649916779336,6.29887819661804,5.91622619399484,5.989,3.93365,4.1437
2.91684502351871,6.24951066018005,5.91811807375589,5.989,3.93365,4.1437
2.90939476107875,6.20305726932271,5.9185208418917,6.0055,4.08321,4.09641
2.96047083447552,6.15592855810849,5.91910533780583,6.0055,4.08321,4.09641
3.10068716297903,6.10030342837116,5.91990051761054,6.0055,4.08321,4.09641
3.18774300358455,6.08534237352135,5.92127372427658,6.0055,4.08321,4.16239
3.07368559880843,6.12874337106678,5.92378757059136,5.9967,4.37463,4.16239
3.00202732275776,6.12944520463407,5.92480334161757,5.9967,4.37463,4.16239
2.89979784304361,6.11119408961316,5.92515000970895,5.9967,4.37463,4.16239
2.93759175630298,6.13133798756574,5.92536197415284,5.97581,4.40652,4.18988
2.99245481006143,6.15734642305575,5.92455964405743,5.97581,4.40652,4.18988
3.02618628930227,6.1610423088017,5.92284083738094,5.97581,4.40652,4.18988
3.05237245904919,6.15945260304167,5.92025739603597,5.97581,4.40652,4.18988
2.94138331783324,6.19346814022524,5.91580992303559,5.96921,4.19648,4.1129
2.98147071625232,6.19463587229246,5.91062057418165,5.96921,4.19648,4.1129
3.02867917861135,6.18043706230445,5.90573815007379,5.96921,4.19648,4.1129
3.01010607792569,6.19255223081262,5.90189924485175,5.96921,4.16899,4.1338
3.04599264095923,6.15830176704536,5.89883722389387,5.97581,4.16899,4.1338
2.99946474942735,6.12040413731196,5.89488063956857,5.97581,4.16899,4.1338
2.97251930350221,6.08362068579657,5.89322867998395,5.97581,4.16899,4.1338
2.96783761198097,6.03932688895908,5.88890755727921,5.95491,4.06782,4.25257
2.9529111020459,6.00919686530476,5.88274300330801,5.95491,4.06782,4.25257
3.03267740983112,6.01673141887193,5.87805878304475,5.95491,4.06782,4.25257
3.06549763012087,6.06629591099377,5.87461085881,5.95491,4.06782,4.25257
3.07625445938469,6.06132540418149,5.86986547316256,5.95931,4.04032,4.20308
3.08919698868227,6.05434117447984,5.86476541252645,5.95931,4.04032,4.20308
2.97340567319628,6.07823374934031,5.85969721906576,5.95931,4.04032,4.20308
2.9216220133517,6.0984925101448,5.85509458259046,5.95931,4.30425,4.27676
2.96277594410081,6.08816749567364,5.85302736392872,5.90433,4.30425,4.27676
2.90499673899329,6.12087115485189,5.85258028280571,5.90433,4.30425,4.27676
2.90863184290367,6.14246569817144,5.85143354481472,5.90433,4.30425,4.27676
2.97763026984001,6.15200660345517,5.85212212500172,5.86474,4.47581,4.36254
3.01912264333563,6.15493422488597,5.85268421806698,5.86474,4.47581,4.36254
3.12895430641666,6.16104071591235,5.85348587018344,5.86474,4.47581,4.36254
3.19008008714501,6.13802053880503,5.85543258759381,5.86474,4.47581,4.36254
3.14940959738873,6.11796549948792,5.85740444600936,5.92962,4.42742,4.16459
2.99349031241055,6.09863542371988,5.86207072165701,5.92962,4.42742,4.16459
2.8955301983944,6.07803032948771,5.86484497552616,5.92962,4.42742,4.16459
2.93185613180169,6.06374247521418,5.86765140698928,5.92962,4.28006,3.94465
2.75043959074149,6.12405299170907,5.87285055903423,5.9923,4.28006,3.94465
2.8952225472324,6.18251912333686,5.87794755671825,5.9923,4.28006,3.94465
3.16383335458785,6.20442895687945,5.8836758024688,5.9923,4.28006,3.94465
3.13027653235875,6.23441380789647,5.88999232332654,5.97911,4.19318,4.02163
2.95335989174489,6.29484075083256,5.89528117517413,5.97911,4.19318,4.02163
2.99545087738955,6.33812315431135,5.90081944767188,5.97911,4.19318,4.02163
3.04342813988345,6.36175931481312,5.9048047356817,5.97911,4.19318,4.1437
3.08604433258836,6.43257614758973,5.90832004259272,5.9923,4.25367,4.1437
3.0715606291573,6.47642368049077,5.91057616178957,5.9923,4.25367,4.1437
2.93128178403053,6.50663203890257,5.91139521463967,5.9923,4.25367,4.1437
2.917042942784,6.53046895439481,5.91184648210592,5.9945,4.34714,4.17779
3.02228823838133,6.5370239121008,5.91064707934476,5.9945,4.34714,4.17779
3.01411200378555,6.52378555447546,5.90774665896471,5.9945,4.34714,4.17779
2.98113776169692,6.50960350216517,5.90481033702239,5.9945,4.34714,4.17779
2.99232571080717,6.49051755746404,5.90065977687973,5.9835,4.28006,4.25477
2.96812790501118,6.46450911804484,5.89573851816923,5.9835,4.28006,4.25477
3.01873048156228,6.45163681187305,5.89085475907641,5.9835,4.28006,4.25477
2.93858137761784,6.51024972915574,5.88454412552783,5.9835,4.1184,4.27896
3.00440261990317,6.52132789591485,5.87962509078995,5.989,4.1184,4.27896
3.10901800397229,6.51580175918963,5.87665219268942,5.989,4.1184,4.27896
3.05900066186584,6.5273298104481,5.87561600485962,5.989,4.1184,4.27896
3.01925532144677,6.54782940088527,5.87438435209207,5.9824,4.07661,4.28666
3.01801761775227,6.53603343520507,5.87345566225506,5.9824,4.07661,4.28666
2.9500995281825,6.5450052159845,5.87466575084997,5.9824,4.07661,4.28666
2.97885090420504,6.57189176426442,5.8747727483411,5.9824,4.07661,4.28666
2.9502647874708,6.5791496982129,5.87350895704711,5.9879,4.03922,4.39773
2.95570894510583,6.54364107474237,5.87047858967768,5.9879,4.03922,4.39773
2.97751373275859,6.53986870559345,5.8700882230146,5.9879,4.03922,4.39773
3.0169567512526,6.50136447610403,5.86855876744188,5.9879,3.95455,4.28776
3.05870843124278,6.45721779521169,5.86499416598957,6.01979,3.95455,4.28776
3.09531435700855,6.41382284791946,5.86136394073804,6.01979,3.95455,4.28776
3.07507880525836,6.36373714293001,5.85756897299916,6.01979,3.95455,4.28776
3.02100571096055,6.31237118017217,5.85146458129509,6.0099,4.1239,4.25587
2.9579275818686,6.32250701262981,5.84162150763263,6.0099,4.1239,4.25587
2.91261640795599,6.36136351152919,5.83001728832103,6.0099,4.1239,4.25587
2.87659532251057,6.35190874645396,5.81614815662994,6.0099,4.1239,4.25587
2.87783937586656,6.34105351041424,5.80012110014514,5.9901,4.22837,4.39113
3.03467745070782,6.36095970638078,5.78237624581711,5.9901,4.22837,4.39113
3.12078299919088,6.37004098692833,5.76225713184766,5.9901,4.22837,4.39113
3.13733683391174,6.35467535566923,5.74105030917977,5.9901,4.21848,4.38013
3.10962389184088,6.37141629210393,5.72085808667247,5.97801,4.21848,4.38013
3.10241675297476,6.3870898114978,5.69990931047059,5.97801,4.21848,4.38013
3.00917730360362,6.37202739168533,5.68132999514809,5.97801,4.21848,4.38013
2.94287784997355,6.35313599794074,5.66494067595085,5.96811,4.25806,4.30865
2.74419422378842,6.35328731113035,5.65042333452629,5.96811,4.25806,4.30865
2.6686909873442,6.3128158968925,5.63818490434437,5.96811,4.25806,4.30865
3.07934746131308,6.2752926573685,5.62973120015882,5.96811,4.25806,4.32735
3.18494375080275,6.23772726724259,5.62159641755837,5.95931,4.24377,4.32735
3.11108913590572,6.19287652090387,5.6173273468316,5.95931,4.24377,4.32735
3.16042503012689,6.16290656184255,5.61478370521839,5.95931,4.24377,4.32735
3.08978814703513,6.21656096000236,5.61618265262878,5.97581,4.17009,4.25587
2.92947431125268,6.2389415869316,5.62083289891414,5.97581,4.17009,4.25587
2.94523062208133,6.24142331567171,5.62911558686057,5.97581,4.17009,4.25587
3.01315375116248,6.25182132628456,5.6406100991174,5.97581,4.17009,4.25587
2.91096229330055,6.28769189653602,5.6555685701426,6.0022,4.35484,4.16679
2.928631837623,6.30720136818501,5.67212225594863,6.0022,4.35484,4.16679
2.96477931302961,6.3102121573739,5.69001986409894,6.0022,4.35484,4.16679
2.9278874830061,6.35858675453508,5.70883004657346,6.0022,4.37573,4.17559
3.03061071753398,6.37861070959004,5.72763052294972,6.0055,4.37573,4.17559
3.08000509247172,6.3760588403847,5.746681410274,6.0055,4.37573,4.17559
3.11083606430534,6.37757504510533,5.76438900684562,6.0055,4.37573,4.17559
3.14421596819553,6.36749805023137,5.78221061902483,5.97801,4.06452,4.16899
3.00835330787445,6.3333086877252,5.80060068052658,5.97801,4.06452,4.16899
2.98510769043837,6.29909603275775,5.81848290876625,5.97801,4.06452,4.16899
2.96768593487103,6.25825708357038,5.83314296789371,5.97801,4.06452,4.16899
2.93406122127243,6.20884434166839,5.84765702575658,5.96371,3.96114,4.19868
2.8226168017965,6.20569932379382,5.86137772956368,5.96371,3.96114,4.19868
2.92125846613372,6.24788721406121,5.87305245193008,5.96371,3.96114,4.19868
2.96113636618245,6.24344671439262,5.8828980165012,5.96371,4.27786,4.22067
3.10211850100894,6.21863282760788,5.88791016068454,5.98021,4.27786,4.22067
3.1335005795749,6.22673304414334,5.89347768495222,5.98021,4.27786,4.22067
3.14544482423938,6.24166760235792,5.9002439110321,5.98021,4.27786,4.22067
3.09066566639359,6.23186235066776,5.90503199990486,5.96701,4.53519,4.19648
3.01867646400037,6.22968929265886,5.91192695288923,5.96701,4.53519,4.19648
2.90322408984305,6.2586052239169,5.91860902694691,5.96701,4.53519,4.19648
2.88455613144252,6.25648158920186,5.92292483270624,5.96701,4.53519,4.19648
2.90661078734103,6.23211747885262,5.92560357287568,5.96481,4.43842,4.1382
2.93903117395076,6.22830917097137,5.92941271209431,5.96481,4.43842,4.1382
3.0209284735569,6.18795167288836,5.93238492316241,5.96481,4.43842,4.1382
3.04602758112029,6.14480089401755,5.9349524647662,5.96481,4.32515,3.98094
3.07424533153048,6.10272347562426,5.93969400590219,5.9824,4.32515,3.98094
3.09390049694981,6.05353269004597,5.94435549600149,5.9824,4.32515,3.98094
3.02087873778385,6.01581175682995,5.95007158520513,5.9824,4.32515,3.98094
2.92282653593479,6.02284758987442,5.95433534670878,5.9813,4.36913,4.04142
3.02866545090166,6.06478937276056,5.95888255319812,5.9813,4.36913,4.04142
3.04077816954884,6.04994253526797,5.96565001377493,5.9813,4.36913,4.04142
2.93048754198801,6.04393372517359,5.97158370982734,5.9813,4.36913,4.18988
2.99491015466643,6.06662565199381,5.97748426405156,5.95711,4.33614,4.18988
2.9735971737456,6.08417200353062,5.983449068109,5.95711,4.33614,4.18988
2.93805423533601,6.06898148769389,5.99007216746322,5.95711,4.33614,4.18988
3.05132776378441,6.09886321723193,5.99548725167296,5.95381,4.32955,4.25147
3.08460966940812,6.11327365237254,6.00180800942085,5.95381,4.32955,4.25147
3.12937061894276,6.11578534627278,6.00738877643501,5.95381,4.32955,4.25147
2.9756643077053,6.10768733503112,6.01360324770812,5.95381,4.32955,4.25147
2.88697531181116,6.09307264488443,6.02032397845798,5.95601,4.28006,4.28776
2.86565194497029,6.05740257856369,6.02800487855255,5.95601,4.28006,4.28776
2.95669770411501,6.02314522427094,6.0341762999994,5.95601,4.28006,4.28776
3.05178465845246,5.98780456935683,6.04188865278047,5.95601,4.18548,4.23057
3.09552116529198,5.9522276641418,6.04898474266987,5.96481,4.18548,4.23057
3.17054731848013,5.92788141088773,6.05337991787854,5.96481,4.18548,4.23057
3.08541807973997,5.97260454672927,6.0573503751887,5.96481,4.18548,4.23057
2.93552152995338,5.99654637574583,6.05996903537038,5.96371,4.08431,4.1382
2.80352339755561,5.99259813255846,6.0608272661204,5.96371,4.08431,4.1382
2.93040234475049,5.99981119910023,6.0606741969983,5.96371,4.08431,4.1382
3.0338430283062,6.03373975702943,6.05972999249225,5.96371,4.08431,4.1382
3.04272427575131,6.05481946150733,6.05892184136163,5.9901,4.1206,4.06672
3.03586008628552,6.05161448949609,6.05718117352443,5.9901,4.1206,4.06672
3.02628469418318,6.09285662101801,6.05163046890718,5.9901,4.1206,4.06672
3.0452944038907,6.11041491823922,6.04705523732332,5.9901,4.45161,4.17339
3.03963630898018,6.11030075672108,6.0421313334856,5.96261,4.45161,4.17339
2.98272412873659,6.10631988196407,6.03507326156617,5.96261,4.45161,4.17339
2.93520633255247,6.08920421502248,6.02764817022783,5.96261,4.45161,4.17339
2.9207526739495,6.05548173670734,6.01949589524676,5.95271,4.65066,4.25477
2.98672865170523,6.02323737907281,6.01034008213544,5.95271,4.65066,4.25477
3.03459947322332,5.9873347832056,6.0014697542109,5.95271,4.65066,4.25477
3.02213103694902,5.94774149012372,5.9921913949941,5.95271,4.65066,4.25477
3.15770818832265,5.93866461351393,5.9843536407999,5.96261,4.42522,4.18658
3.07878019289179,5.99655071159163,5.97588273919159,5.96261,4.42522,4.18658
2.91484356457194,6.00479523589773,5.96755045692531,5.96261,4.42522,4.18658
2.94823104704313,6.00032319789994,5.95831349246363,5.96261,4.07001,4.08981
2.92452901712279,6.01735628979887,5.94913861436936,5.9945,4.07001,4.08981
2.90439306190843,6.05251247303837,5.94190243795182,5.9945,4.07001,4.08981
3.0154936071005,6.05678764843436,5.93505230704637,5.9945,4.07001,4.08981
3.0804575819063,6.08053517665292,5.93003208694913,6.05389,4.17779,4.02933
3.08404469807928,6.12518460190253,5.92487368180015,6.05389,4.17779,4.02933
3.02336568348391,6.15050238376994,5.91865371908924,6.05389,4.17779,4.02933
2.95814973521798,6.14119690824059,5.90881495702319,6.05389,4.17779,4.15909
3.03955052723836,6.16309426358289,5.89960198604961,6.0121,4.36913,4.15909
2.98930738642484,6.14541731317612,5.88996906051636,6.0121,4.36913,4.15909
2.99539870151561,6.12553648489082,5.87966943139209,6.0121,4.36913,4.15909
2.97739080086021,6.10567689182802,5.86879137404332,5.95601,4.31305,4.29985
3.00514286065153,6.08184996596284,5.8571971349186,5.95601,4.31305,4.29985
3.04318761568865,6.05171625343903,5.84568424468562,5.95601,4.31305,4.29985
2.99733875489233,6.08839334578001,5.83485365016321,5.95601,4.31305,4.29985
2.96849556365153,6.14723486932882,5.82411326089806,5.92632,4.30975,4.36584
2.96795305522705,6.15697657052884,5.81362440311541,5.92632,4.30975,4.36584
2.97244187025125,6.16419626980731,5.80286318169924,5.92632,4.30975,4.36584
2.99854150575346,6.19971617748119,5.79338289088728,5.92632,4.34164,4.34054
2.98281060348144,6.22773978224417,5.78553911444967,5.95161,4.34164,4.34054
3.01815529638053,6.23091080564118,5.7771216849145,5.95161,4.34164,4.34054
3.12056621295023,6.27018882178059,5.77168475973221,5.95161,4.34164,4.34054
3.09686429268473,6.30783249805196,5.76760357301626,6.0066,4.33284,4.22067
3.03945212174325,6.31439233686937,5.76277695324104,6.0066,4.33284,4.22067
2.94593116620214,6.30929825676543,5.75907848821461,6.0066,4.33284,4.22067
2.9032924001791,6.31576783883703,5.75645115953988,6.0066,4.33284,4.22067
2.90497097172306,6.29098707004337,5.75407783766697,6.03079,4.27786,4.1338
3.01377529897569,6.26784662407766,5.75304900878417,6.03079,4.27786,4.1338
2.98257894091168,6.24371658762375,5.75355307965926,6.03079,4.27786,4.1338
3.00879003804761,6.21618024146757,5.75520334991042,6.03079,4.26246,4.18988
3.03199892178357,6.19689810153509,5.75665928267339,6.0165,4.26246,4.18988
3.03618012576307,6.26017396243951,5.7565487232995,6.0165,4.26246,4.18988
3.04672632303042,6.28718494784329,5.75623103139079,6.0165,4.26246,4.18988
3.04377028921575,6.29357146317408,5.75371285880483,6.0176,4.20858,4.19868
3.0147781714676,6.31017355722716,5.75096359382188,6.0176,4.20858,4.19868
2.99522473049739,6.35071826575272,5.74625316359776,6.0176,4.20858,4.19868
2.97478374837622,6.37270307268058,5.74160528227006,6.0176,4.20858,4.19868
3.00129787783832,6.37432907805946,5.73733522313825,6.0154,4.19978,4.19428
2.99569101607897,6.42350312721335,5.73342708990312,6.0154,4.19978,4.19428
2.96416109371992,6.44003941730569,5.7279093893776,6.0154,4.19978,4.19428
2.97577688860723,6.43465017619966,5.72016702767152,6.0154,4.31415,4.25916
2.96247971921557,6.43449269647,5.71105756366811,6.0132,4.31415,4.25916
2.979189286861,6.41667265818841,5.7034091373988,6.0132,4.31415,4.25916
2.98716004579097,6.37763420548055,5.69400680042914,6.0132,4.31415,4.25916
3.04777532110591,6.3380168100017,5.6853228880754,6.0033,4.23607,4.31415
3.09272315540615,6.29526299129913,5.67803053515726,6.0033,4.23607,4.31415
3.09439434949189,6.23831605766963,5.67066787832515,6.0033,4.23607,4.31415
3.07761876016215,6.22813572369015,5.6630487397387,6.0033,4.23607,4.35264
3.02196527766627,6.27142616256137,5.6572766851727,5.97911,4.23167,4.35264
2.93126045333846,6.26390441477311,5.65185383660108,5.97911,4.23167,4.35264
2.87176470539955,6.24172010677675,5.64658027450027,5.97911,4.23167,4.35264
2.83719797463976,6.25267895744232,5.6434929602234,5.96591,4.39553,4.35814
2.88788656497881,6.2685470548557,5.64079575152529,5.96591,4.39553,4.35814
3.0333444684285,6.25979117138183,5.63991281082539,5.96591,4.39553,4.35814
3.09877329041177,6.2594861853637,5.64090932002848,5.96591,4.39553,4.35814
3.216333381297,6.28913395088231,5.6435254447178,5.94721,4.4868,4.32625
3.19404495973778,6.29039905009824,5.64836075850296,5.94721,4.4868,4.32625
3.10295475252536,6.27863422619074,5.65546588690054,5.94721,4.4868,4.32625
2.87573577827195,6.29474822361105,5.66490036099949,5.94721,4.42632,4.25916
2.76411328009312,6.26756583189599,5.67515496382611,5.95821,4.42632,4.25916
2.84758216610822,6.24047313012435,5.68668531281477,5.95821,4.42632,4.25916
3.01008898764956,6.21637882455479,5.69965690493807,5.95821,4.42632,4.25916
2.99291601511703,6.18545276667935,5.71305212454912,6.0033,4.29655,4.16129
3.1035943699457,6.16462284041968,5.72622536596058,6.0033,4.29655,4.16129
3.06621237503408,6.20061986943095,5.74072186446587,6.0033,4.29655,4.16129
3.01325443613973,6.26824012492122,5.75563554764173,6.0033,4.29655,4.16129
3.02289652505442,6.27866132288439,5.77034266904152,6.03849,4.15249,4.09751
3.12477279763771,6.29699586280152,5.78470549121689,6.03849,4.15249,4.09751
3.01470818850442,6.34664839916301,5.79670005626699,6.03849,4.15249,4.09751
2.9433388464217,6.39406875501959,5.80651302191688,6.03849,4.05572,4.05022
2.90828455836135,6.40675704506836,5.81529598854142,6.06928,4.05572,4.05022
2.90727664957391,6.45465207122473,5.82009554189827,6.06928,4.05572,4.05022
2.97976530042248,6.48663871867141,5.82261457803753,6.06928,4.05572,4.05022
3.01695592473635,6.50123893183364,5.82226657839239,6.05169,4.1162,4.01943
3.0501767402323,6.50158670200687,5.81962446053614,6.05169,4.1162,4.01943
3.08258361460678,6.48948354036269,5.81478035536239,6.05169,4.1162,4.01943
3.07172188855983,6.45150726319441,5.80720263283727,6.05169,4.1162,4.01943
3.03718339768375,6.40952101019498,5.79942085109666,6.0,4.4912,4.15689
2.93445691044562,6.36079952191618,5.78969872121744,6.0,4.4912,4.15689
2.94562166636474,6.3075799728815,5.78024466615767,6.0,4.4912,4.15689
2.93022253778293,6.25494814522336,5.76998237682089,6.0,4.70015,4.16239
2.92182453158944,6.26893845855021,5.75945633260177,5.9945,4.70015,4.16239
3.00461801652165,6.2591317011537,5.74866922360665,5.9945,4.70015,4.16239
3.12422976026346,6.21809208212737,5.73612879798729,5.9945,4.70015,4.16239
3.14288198066096,6.18869830863953,5.72390828941393,5.9835,4.52529,3.94135
3.09533290353908,6.18206477362316,5.71625661799586,5.9835,4.52529,3.94135
3.03023376259987,6.15918375561881,5.71001605403598,5.9835,4.52529,3.94135
2.86799281168286,6.11676999805932,5.70760098207527,5.9835,4.52529,4.07881
2.86215049390148,6.12240842354572,5.70722464174873,5.97691,4.41972,4.07881
2.936516929159,6.10333558423624,5.70913818703965,5.97691,4.41972,4.07881
2.87470103485326,6.07100210767433,5.71439778849317,5.97691,4.41972,4.07881
3.0149351706587,6.04818602000933,5.723832450304,5.96261,4.46151,4.33614
3.09774892370699,6.00869397236378,5.73559190894503,5.96261,4.46151,4.33614
3.14665685744291,5.95974215104552,5.74913629051259,5.96261,4.46151,4.33614
3.1397420295221,5.91810153500681,5.76447338370641,5.96261,4.46151,4.33614
3.05747551383753,5.87652320650515,5.77999098381814,5.97691,4.43072,4.25696
3.02164057044273,5.83660762671922,5.79756472034657,5.97691,4.43072,4.25696
2.93472523989072,5.83127559546723,5.81634479030173,5.97691,4.43072,4.25696
2.90674735894864,5.89547725990214,5.83587825239903,5.97691,4.31085,4.02933
2.87523938197874,5.91504224720831,5.85582613934325,5.9934,4.31085,4.02933
2.90923105529003,5.92750577276429,5.87702854216755,5.9934,4.31085,4.02933
3.01826653026879,5.96674696424548,5.8986844616147,5.9934,4.31085,4.02933
3.00323312636086,6.013295269669,5.91975353609539,5.9956,4.40543,4.06452
3.05924276075893,6.02598491035148,5.94077573110935,5.9956,4.40543,4.06452
3.14129865483797,6.06495279965888,5.96128129537559,5.9956,4.40543,4.06452
3.06688713917036,6.11972211109404,5.98098427239086,5.9956,4.40543,4.06452
2.98309489511663,6.1502894081955,5.99919939880134,5.9956,4.61877,4.21628
2.93220053962113,6.15003658282239,6.01788589713174,5.9956,4.61877,4.21628
2.98941397194028,6.18671293243671,6.03606144520502,5.9956,4.61877,4.21628
3.05418434581004,6.1764119564651,6.0533750918988,5.9956,4.58908,4.20528
3.00001947010879,6.16312727838912,6.06968606737767,6.0176,4.58908,4.20528
2.99419948695883,6.14952167233965,6.08331828549983,6.0176,4.58908,4.20528
2.97231770380084,6.13620914681313,6.09518004169656,6.0176,4.58908,4.20528
2.96799324570943,6.11942937376729,6.10648150611162,6.05059,4.31965,4.07221
2.93942361327273,6.15994979635403,6.11426091602174,6.05059,4.31965,4.07221
3.01629910818239,6.21852708633829,6.12109640253715,6.05059,4.31965,4.07221
3.02775923424901,6.23227795052546,6.12659299887442,6.05059,4.31965,4.03152
3.02328223400762,6.24528925567883,6.13128240338338,6.04949,4.07551,4.03152
3.01522608041911,6.28923036494799,6.13500875414065,6.04949,4.07551,4.03152
3.05887086123771,6.32956907205564,6.13564082436883,6.04949,4.07551,4.03152
3.01501070914259,6.33966592176293,6.1331845266271,6.04949,4.08541,4.14479
3.009293554453,6.38302638571526,6.12710877697021,6.01979,4.08541,4.14479
2.97973852545828,6.42161546263101,6.11859859971331,6.01979,4.08541,4.14479
2.9750821765572,6.42373505424829,6.10753912266143,6.01979,4.08541,4.14479
2.98583155403053,6.41077569647162,6.09419462161327,5.96041,4.26906,4.30425
2.97095039368707,6.41144666965697,6.08147860782177,5.96041,4.26906,4.30425
3.02391067591972,6.37542690257772,6.06734110336706,5.96041,4.26906,4.30425
3.0276759133789,6.33706884633576,6.05250255852122,5.96041,4.26906,4.5077
3.02989942670832,6.29497404459662,6.03908479227998,5.91642,4.45491,4.5077
2.98923000563092,6.24526822925442,6.02565224976254,5.91642,4.45491,4.5077
2.98798610684659,6.20434301539553,6.01295944926964,5.91642,4.45491,4.5077
2.97676985981309,6.24376591743055,5.99821442801036,5.94831,4.46041,4.41422
2.94050580552202,6.24093069657513,5.97492796987975,5.94831,4.46041,4.41422
2.99193334624026,6.21584310520472,5.9609691070953,5.94831,4.46041,4.41422
3.08057794405227,6.20531548178882,5.95674347113822,5.94831,4.46041,4.03812
3.10202253410964,6.21808121183005,5.95093813353703,6.11327,4.44062,4.03812
3.10233858924552,6.21820479923925,5.94437190493882,6.11327,4.44062,4.03812
3.04200143467885,6.19777468983504,5.94607357200679,6.11327,4.44062,4.03812
2.90145661357005,6.22032045694082,5.95099051246119,6.11327,4.23717,3.89956
2.81123466609663,6.2136159380316,5.96098218766297,6.02639,4.23717,3.89956
2.84802999211617,6.19292994688152,5.97620920117466,6.02639,4.23717,3.89956
2.95236208322199,6.1784503112168,5.99648271854346,6.02639,4.23717,3.89956
3.0515979546183,6.14926673536181,6.02004216668825,5.88893,4.25147,4.26466
3.13680166561676,6.10351435705561,6.04892638251197,5.88893,4.25147,4.26466
3.20425074778572,6.05977281268403,6.0795184946267,5.88893,4.25147,4.26466
3.15921349950147,6.01478581736974,6.11292551571913,5.88893,4.25147,4.26466
3.08818118388445,5.95911253404744,6.14636856789758,5.91202,4.5066,4.47471
3.0106562707909,5.95771336863339,6.17840077164862,5.91202,4.5066,4.47471
2.8875370843066,6.00480475568404,6.20947960545965,5.91202,4.5066,4.47471
2.7627363820277,6.00158982053131,6.23678668983747,5.91202,4.4835,4.37903
2.56033245792686,5.98480673652541,6.26148753957849,5.97031,4.4835,4.37903
2.56448395426032,6.0081345248262,6.28099666229438,5.97031,4.4835,4.37903
3.60968452952903,6.03185670535002,6.29515227085262,5.97031,4.4835,4.37903
3.71893962194421,6.02935304199307,6.30324033614716,6.0066,4.44611,4.19538
2.90726178215065,6.03682607411244,6.30496605157495,6.0066,4.44611,4.19538
2.74046441657988,6.07204597343323,6.3004832597163,6.0066,4.44611,4.19538
3.07405933903561,6.08370112099978,6.28934122993856,6.0066,4.44611,4.14699
2.93426046130688,6.0764836099926,6.27118417875079,6.02199,4.58468,4.14699
2.90850489183813,6.08951041684589,6.24777560906002,6.02199,4.58468,4.14699
2.95420179802266,6.06608288665377,6.21947800297385,6.02199,4.58468,4.14699
2.99070436952942,6.04422842700925,6.18693300645684,6.02199,4.5121,4.17999
2.99674531436237,6.02372792645986,6.15171373332854,6.03629,4.5121,4.17999
3.06845035557885,6.0026889547808,6.11321799810494,6.03629,4.5121,4.17999
3.01777150452611,5.98957078696312,6.07214686239007,6.03629,4.5121,4.17999
3.0476220248517,6.03021034702585,6.03063620408854,6.04069,4.24047,4.18109
2.97650831577102,6.09166590061153,5.9897441069764,6.04069,4.24047,4.18109
2.95285115955901,6.10330081083514,5.95007806248893,6.04069,4.24047,4.18109
3.00983673222443,6.12395497032243,5.91272099213573,6.04069,4.24047,4.1393
2.99797771944715,6.17598150923214,5.87802170590897,6.04069,4.1118,4.1393
3.03555680652965,6.22129292530851,5.84659679666414,6.04069,4.1118,4.1393
2.99224799917341,6.2329036365192,5.81667752384281,6.04069,4.1118,4.1393
3.03065763670999,6.28707638444271,5.79175416064973,6.02309,4.22397,4.25916
3.02914745341407,6.32112119290236,5.76844982855189,6.02309,4.22397,4.25916
2.99355701939198,6.33742811705913,5.74930440639637,6.02309,4.22397,4.25916
3.00182933826684,6.33644270930443,5.73199021676468,6.02309,4.22397,4.44062
2.98978897698975,6.32542679670534,5.70794809734988,6.0022,4.32735,4.44062
2.95429193757728,6.29038138143963,5.69476733274677,6.0022,4.32735,4.44062
3.00102471079172,6.25268935685854,5.6922024208594,6.0022,4.32735,4.44062
3.00338106775648,6.20984838611622,5.68611548147066,6.0022,4.35264,4.38783
2.98821683841769,6.16370400271571,5.67663301726964,5.9879,4.35264,4.38783
3.03340852261528,6.11827931399028,5.67431275045444,5.9879,4.35264,4.38783
3.01843154084363,6.14222144476487,5.67152767971248,5.9879,4.35264,4.38783
3.01557350579971,6.13999268374417,5.66815261438967,6.011,4.5077,4.23277
3.02847469549634,6.11556662648168,5.66553511388214,6.011,4.5077,4.23277
2.99032170366052,6.1022133982536,5.6637747598,6.011,4.5077,4.23277
2.96968373945591,6.11254315976383,5.66135305946621,6.011,4.5077,4.23277
2.99379374833193,6.10748677901417,5.66206264457369,6.02749,4.57698,4.15469
2.97698606946221,6.08777357992064,5.66156685148714,6.02749,4.57698,4.15469
3.03427343280519,6.11128266965889,5.66519482378372,6.02749,4.57698,4.15469
2.99913353023949,6.11363046573836,5.66931381527286,6.02749,4.44282,4.25257
3.10209252965752,6.10108936919412,5.67486652154162,6.02089,4.44282,4.25257
2.98122915572142,6.09372275308873,5.68444722745382,6.02089,4.44282,4.25257
3.00270547305932,6.06945215901587,5.69402595417992,6.02089,4.44282,4.25257
2.95074722667983,6.03575693971806,5.70615775777695,5.9989,4.38783,4.32075
2.84471686685165,6.00687126808299,5.71993323163292,5.9989,4.38783,4.32075
2.96650230910551,5.97704409839758,5.73487837551552,5.9989,4.38783,4.32075
3.11756425672347,5.94925810930016,5.75038872474106,5.9989,4.38783,4.32185
3.1113444168033,5.95245609443044,5.76668753510497,5.9945,4.30975,4.32185
3.04193178312627,6.01998822120772,5.78134309324463,5.9945,4.30975,4.32185
3.10561039065903,6.03527286267144,5.79622258928205,5.9945,4.30975,4.32185
2.96239094965636,6.04386705444363,5.80973712751392,5.9945,4.25696,4.07001
2.89626421500989,6.0757451509994,5.82164634009046,6.03299,4.25696,4.07001
2.93231895069937,6.1145946636985,5.83302844493709,6.03299,4.25696,4.07001
2.9536544973086,6.11855691780418,5.84318020036671,6.03299,4.25696,4.07001
2.96073004155148,6.1507127691604,5.85032957633781,6.06048,4.42192,3.88966
3.06246465732566,6.19107765698644,5.85941680800131,6.06048,4.42192,3.88966
2.99390723044354,6.20450013578939,5.86750156955794,6.06048,4.42192,3.88966
3.11415681874303,6.18423092141334,5.87413141739598,6.06048,4.42192,4.09861
3.01038356131599,6.18829828214304,5.87925547888075,6.02529,4.64736,4.09861
3.02442145572669,6.15398432296651,5.88317766878581,6.02529,4.64736,4.09861
3.03232305364163,6.1153699060475,5.88797536266291,6.02529,4.64736,4.09861
2.90549256046722,6.07494038398221,5.89434996198286,5.95931,4.66496,4.40872
2.9821145943946,6.02996125758789,5.90324482546407,5.95931,4.66496,4.40872
3.04705624112054,5.97850397330941,5.91253133227061,5.95931,4.66496,4.40872
3.03198627641465,5.99748420600934,5.92546918483688,5.95931,4.66496,4.53959
2.9889526749864,6.03206690664043,5.93856191442339,5.93732,4.58468,4.53959
2.98422073563815,6.02027451929869,5.95361870151823,5.93732,4.58468,4.53959
2.90858980903603,6.00701652182199,5.97147630645366,5.93732,4.58468,4.53959
3.01454702423399,6.03229982864961,5.98958565429884,5.93732,4.45491,4.20088
3.00213185351893,6.05247935193533,6.00771781486904,5.9857,4.45491,4.20088
2.98803220125442,6.04726160217037,6.02772393061839,5.9857,4.45491,4.20088
3.07022668556537,6.08514901500196,6.04743709425953,5.9857,4.45491,4.20088
3.06539032069236,6.11754755371922,6.06541920396064,6.03299,4.23167,3.93695
3.00306428260518,6.11914515571543,6.08395242262695,6.03299,4.23167,3.93695
3.19563700155033,6.11680844807185,6.10060749394742,6.03299,4.23167,3.93695
2.98900946307005,6.12634038122796,6.11414876629979,6.03299,4.23167,3.93695
2.81729105530687,6.10458579083967,6.12451404509999,6.02749,4.23827,4.1151
2.79750645281997,6.08484540150631,6.13293894485881,6.02749,4.23827,4.1151
2.88790443845154,6.06397617311058,6.13576804190566,6.02749,4.23827,4.1151
3.06295094474298,6.03451493444739,6.13769405202226,6.02749,4.5176,4.27456
3.17894740589129,6.0162529479881,6.13390653707973,5.9989,4.5176,4.27456
3.14800876801063,6.08842511039535,6.13029817275872,5.9989,4.5176,4.27456
3.05287116884108,6.11618061901635,6.12321434108541,5.9989,4.5176,4.27456
2.98689073160803,6.12153410465935,6.11401487905557,5.9846,4.62647,4.24927
2.93623599032127,6.13954402491879,6.10381671443738,5.9846,4.62647,4.24927
2.94673329069061,6.17998326782239,6.0899040403483,5.9846,4.62647,4.24927
3.01958941796404,6.19960904138503,6.07482223398423,5.9846,4.62647,4.17889
3.01076017596199,6.2011412645833,6.06090671014162,5.9912,4.42632,4.17889
2.92104736762458,6.25374564433149,6.04831986495945,5.9912,4.42632,4.17889
2.9506452632825,6.27486458602046,6.03759355693894,5.9912,4.42632,4.17889
2.97010358458374,6.27450295565916,6.02872125989302,5.9912,4.28776,4.15579
3.04498832826921,6.27967383158321,6.02060082737934,5.9923,4.28776,4.15579
3.09518071638261,6.26350107734265,6.01508666660065,5.9923,4.28776,4.15579
3.11034800580285,6.23572016892351,6.01235341763282,5.9923,4.28776,4.15579
3.02180719015656,6.20868818373967,6.01224757238837,6.0,4.30865,4.16349
2.94788085438939,6.18067608529771,6.01535074777889,6.0,4.30865,4.16349
2.96437950573357,6.13992523695348,6.02174523417272,6.0,4.30865,4.16349
2.87807934658238,6.16070843320232,6.0279323722185,6.0,4.30865,4.17229
3.01143729563587,6.22289156512858,6.03866003547335,5.9978,4.42192,4.17229
3.00947805365632,6.22498629408262,6.0489429348596,5.9978,4.42192,4.17229
3.11204511942542,6.21932746499885,6.05638347284798,5.9978,4.42192,4.17229
3.05891034499429,6.24971443003723,6.0621640512612,6.0044,4.52749,4.18988
2.99570711656019,6.28449933243892,6.0657634555218,6.0044,4.52749,4.18988
2.92709380366418,6.28795414222492,6.06602231101529,6.0044,4.52749,4.18988
2.90836202788027,6.30017378228191,6.06414667446822,6.0044,4.52749,4.24157
2.96658319764758,6.33598376541989,6.05890170625357,6.0099,4.52199,4.24157
3.08710304763627,6.3400265948273,6.05086902433354,6.0099,4.52199,4.24157
3.13164027488057,6.33051280021685,6.04117395692571,6.0099,4.52199,4.24157
3.09588542370894,6.34320366704812,6.02773306554942,6.0099,4.4868,4.40982
2.95111544181471,6.30937222200232,6.01246663008717,5.9824,4.4868,4.40982
2.88991759798981,6.27410345623388,5.99569618566613,5.9824,4.4868,4.40982
2.85420652444055,6.23846269607793,5.97821065935302,5.9824,4.4868,4.40982
2.9428082513216,6.19749822979334,5.95884872401622,5.97031,4.44611,4.34824
3.04038890222016,6.16121255353181,5.94009220798652,5.97031,4.44611,4.34824
3.07214728732326,6.18926972640077,5.92212018746917,5.97031,4.44611,4.34824
3.12569645473815,6.23584807568724,5.90599580577733,5.97031,4.44611,4.34824
3.09971536026917,6.22891629438638,5.89195288008575,5.9989,4.33834,4.09421
3.06809226927619,6.23319082586285,5.88139812151955,5.9989,4.33834,4.09421
2.98974845735318,6.27123464933863,5.87321887669822,5.9989,4.33834,4.09421
2.93048547318856,6.30421567162656,5.86748318813685,5.9989,4.31855,4.06232
2.95595167343181,6.30456125226022,5.86648145546585,6.0187,4.31855,4.06232
2.90742475844428,6.35632381355129,5.86641802925923,6.0187,4.31855,4.06232
2.82449904077306,6.38110445251821,5.86945006135323,6.0187,4.31855,4.06232
2.90844808715769,6.38968899612736,5.87320251861433,6.0033,4.37793,4.31635
3.03487784581437,6.40460798623293,5.88008006033657,6.0033,4.37793,4.31635
3.19184014558082,6.40342086061452,5.88713457267969,6.0033,4.37793,4.31635
3.22834613849777,6.37619467850818,5.89469086892002,6.0033,4.37793,4.43842
3.08520932552698,6.348502765911,5.90186989144609,6.0077,4.5,4.43842
3.03258161877191,6.31673800689434,5.90795975876772,6.0077,4.5,4.43842
2.90878698270886,6.27641613190389,5.91191632307579,6.0077,4.5,4.43842
2.89002400142842,6.24435011639301,5.91633728576749,6.0077,4.58908,4.29435
2.90282382486959,6.29424891715595,5.91895987286209,6.04949,4.58908,4.29435
2.96506333680658,6.30557010283608,5.91936508192328,6.04949,4.58908,4.29435
2.99750131433537,6.29311367690311,5.91817104801169,6.04949,4.58908,4.29435
2.99474279988088,6.29174337851116,5.91403867344026,6.06708,4.5132,4.01503
2.99342110141364,6.3119014477494,5.90645363196522,6.06708,4.5132,4.01503
3.04149475297287,6.31254301909596,5.89683252185216,6.06708,4.5132,4.01503
3.05571130333385,6.30407362249677,5.88758078161497,6.06708,4.5132,4.05462
3.0956866594622,6.33803373988609,5.87794773850364,6.05499,4.40543,4.05462
3.10517767021703,6.33716688991974,5.87000230835213,6.05499,4.40543,4.05462
2.99094862030134,6.32695692630772,5.86004505971828,6.05499,4.40543,4.05462
2.90756351282843,6.31811892503792,5.85061405551911,6.01979,4.30975,4.45821
2.90462023465562,6.28431372234368,5.84150939212461,6.01979,4.30975,4.45821
2.95298383899068,6.24240301304903,5.83279705867856,6.01979,4.30975,4.45821
2.95857780785929,6.20204070737701,5.82562694045291,6.01979,4.30975,4.45711
3.03670780902737,6.15981922849749,5.82016602937397,5.9967,4.32075,4.45711
3.06831461554743,6.10923052478905,5.81547069048629,5.9967,4.32075,4.45711
3.06334496599311,6.09189135649315,5.81157520457965,5.9967,4.32075,4.45711
3.03404666318671,6.14519412236107,5.81051097772419,5.9967,4.44501,4.28226
3.0725987363522,6.13983463023109,5.8126577437711,6.0165,4.44501,4.28226
2.95927596294418,6.1288561659716,5.81794640078476,6.0165,4.44501,4.28226
2.92512833599681,6.14408591963768,5.82298223297477,6.0165,4.44501,4.28226
2.99907023450395,6.16559247558742,5.82874574186827,6.04399,4.4923,4.24267
2.91461915411933,6.15197367206246,5.83432870858934,6.04399,4.4923,4.24267
2.92027483754305,6.16739168799148,5.8402051534207,6.04399,4.4923,4.24267
2.99692512926225,6.19153322634274,5.84299581273464,6.04399,4.4923,4.24267
3.1353998783938,6.19001659546717,5.84609497161778,6.05169,4.43512,4.1173
3.15010620816834,6.16332140862536,5.84644458209526,6.05169,4.43512,4.1173
3.10605676006515,6.16786645019062,5.84699071549882,6.05169,4.43512,4.1173
2.89785089413126,6.13094995526029,5.84723811661401,6.05169,4.35264,4.23057
2.94018335760518,6.09343051099395,5.84835269823341,6.03849,4.35264,4.23057
2.96328388222225,6.05669372965724,5.84959437924342,6.03849,4.35264,4.23057
2.97526442401736,6.01825757094279,5.84993180539968,6.03849,4.35264,4.23057
2.95619335715381,5.97927771741716,5.85134940389631,5.9901,4.43402,4.42962
2.97814080550155,6.01170703416845,5.85424812502156,5.9901,4.43402,4.42962
2.99160091797964,6.04789289442042,5.85350909409963,5.9901,4.43402,4.42962
2.98393157681322,6.04454384592672,5.85249839068457,5.9901,4.43402,4.24707
3.10132321139809,6.04607279992245,5.85348434734908,6.0022,4.58798,4.24707
3.09826517184057,6.08074335617469,5.85404821699699,6.0022,4.58798,4.24707
3.06048154201716,6.10538611981277,5.85551189253268,6.0022,4.58798,4.24707
3.00669748975198,6.10351890442176,5.8601984849559,6.0022,4.5066,4.24157
2.99520479760496,6.14529100629505,5.86546593912574,6.02749,4.5066,4.24157
3.00955201629801,6.17313263871435,5.87003134700985,6.02749,4.5066,4.24157
2.95492820689606,6.16810740042852,5.87821541804779,6.02749,4.5066,4.24157
2.8044382907977,6.1633155830764,5.88647271601376,6.0143,4.42632,4.24267
2.90324204296564,6.161875313063,5.89331364030085,6.0143,4.42632,4.24267
2.89830157813216,6.12923672573401,5.90305289584819,6.0143,4.42632,4.24267
3.12671719961723,6.09745889248613,5.91193043540371,6.0143,4.42632,4.1151
3.20208783197791,6.06327814883106,5.92066384279163,6.01979,4.44721,4.1151
3.1985221438009,6.02155405685714,5.92937122925309,6.01979,4.44721,4.1151
3.0898378724899,5.99968839357012,5.93879151320261,6.01979,4.44721,4.1151
2.94430791934071,6.06104502204973,5.94874196361391,6.0077,4.41642,4.23057
2.95047097020246,6.0671127931959,5.96077816580333,6.0077,4.41642,4.23057
2.93246858220283,6.06004730107084,5.970748191831,6.0077,4.41642,4.23057
2.72718476350394,6.06640059062098,5.98137637880049,6.0077,4.41642,4.38563
2.90365193633329,6.09758217206585,5.99263543325455,5.9967,4.56818,4.38563
3.06659354218247,6.10846586115923,6.00369016328521,5.9967,4.56818,4.38563
3.06180239983191,6.10702656877471,6.01431260594908,5.9967,4.56818,4.38563
3.10414616958496,6.15468928571133,6.02451928672374,5.9967,4.69795,4.28226
3.17619577265075,6.16535708048912,6.03495147269228,6.01979,4.69795,4.28226
3.02234938340899,6.15635477277134,6.04450267300305,6.01979,4.69795,4.28226
2.96480342588479,6.16727858975078,6.05517696040217,6.01979,4.69795,4.28226
3.04859132218969,6.14813069727151,6.06623475443587,6.03519,4.4967,4.1107
2.95880361458184,6.11681312172071,6.07704197130647,6.03519,4.4967,4.1107
2.8986616203893,6.08658735549158,6.088410462045,6.03519,4.4967,4.1107
2.98369076509251,6.05664364271665,6.0993200907467,6.03519,4.4967,4.1107
2.95253264826539,6.00878048816111,6.11134601313925,6.0121,4.40213,4.26246
2.97474509726765,6.0244682157826,6.12479316085055,6.0121,4.40213,4.26246
2.97813007106401,6.0872760613126,6.13535525742223,6.0121,4.40213,4.26246
2.98065505099237,6.08855930016784,6.14751773394353,6.0121,4.43842,4.41422
3.04717361849264,6.08276959125337,6.157114377101,6.0077,4.43842,4.41422
3.12156967662489,6.11810093848365,6.16719879801879,6.0077,4.43842,4.41422
3.09064449179206,6.15439023921946,6.17667182261032,6.0077,4.43842,4.41422
3.06740979238569,6.16232025361944,6.18628845465156,6.02199,4.39663,4.20638
3.02316798674683,6.1875532834337,6.19452477186688,6.02199,4.39663,4.20638
2.93274523228066,6.23483561986912,6.20057449902239,6.02199,4.39663,4.20638
2.91369493843477,6.25171964308496,6.20649434893512,6.02199,4.39663,4.15909
2.91239077381319,6.24848707829964,6.21166600413503,6.02089,4.30095,4.15909
2.95219385431195,6.26291738089397,6.21218495605874,6.02089,4.30095,4.15909
2.98138986788982,6.24018955882273,6.21153069020385,6.02089,4.30095,4.15909
3.00887094803908,6.21627195467046,6.21056478438219,6.02089,4.38673,4.15909
3.02809423471232,6.19066533414673,6.20657923509146,6.0165,4.38673,4.15909
3.03610786037462,6.15798145647606,6.20290124226252,6.0165,4.38673,4.15909
3.09981907040334,6.12423559668926,6.19968748774384,6.0165,4.38673,4.15909
3.06147256089238,6.16072469438399,6.19498396276053,6.0187,4.5066,4.23497
3.06415730289943,6.21137328206235,6.1878417052051,6.0187,4.5066,4.23497
3.03844902292223,6.20306807892052,6.18154947044196,6.0187,4.5066,4.23497
2.94336277648859,6.20785463696719,6.17511200799113,6.0187,4.5066,4.42192
2.95303784574769,6.24360781907641,6.16692128301203,5.989,4.55169,4.42192
2.88332999332533,6.26317836868069,6.15886888622424,5.989,4.55169,4.42192
2.88672528409375,6.25746982798639,6.15118523818986,5.989,4.55169,4.42192
2.94379971082901,6.30488353055563,6.14523858594868,5.9945,4.52419,4.41752
3.05474834026089,6.32728824428617,6.13976738194366,5.9945,4.52419,4.41752
3.0934206362391,6.33527559338466,6.13525098598462,5.9945,4.52419,4.41752
3.14936978258334,6.34833828526664,6.13226392723411,5.9945,4.52419,4.17119
3.13254391600623,6.34458428295856,6.13113798981067,6.02419,4.40872,4.17119
2.98829130038688,6.32318602405458,6.13117407912891,6.02419,4.40872,4.17119
2.9393229293211,6.30523045916251,6.13173417900265,6.02419,4.40872,4.17119
2.90061312809237,6.2869411802479,6.13188751555607,6.02419,4.30315,4.00183
2.88823170946301,6.26228078843392,6.13174787724838,6.03079,4.30315,4.00183
2.92673951109856,6.25334669965324,6.13176955022737,6.03079,4.30315,4.00183
3.1086825113197,6.3293137240243,6.1310817213571,6.03079,4.30315,4.00183
3.07326699800853,6.36470620947518,6.13037599039806,6.02199,4.31635,4.125
3.06259909213064,6.37742810391424,6.1289469132683,6.02199,4.31635,4.125
3.00382117813346,6.40845256977368,6.12689710634489,6.02199,4.31635,4.125
2.99745678513997,6.45872904746074,6.12253053257817,6.02199,4.31635,4.125
2.99014755375866,6.48819342285074,6.11632759455769,6.0099,4.43842,4.18548
2.93149369831361,6.50325226613146,6.10911797318519,6.0099,4.43842,4.18548
2.92244037731389,6.5585116039571,6.10032989515205,6.0099,4.43842,4.18548
3.03826025762745,6.57315910604249,6.0909632503091,6.0099,4.4945,4.30315
3.08340481013349,6.57504451491705,6.08009234797444,5.9824,4.4945,4.30315
3.02630770895033,6.58908500523375,6.0666601186071,5.9824,4.4945,4.30315
3.0366124807486,6.56260183358722,6.05141644460271,5.9824,4.4945,4.30315
3.02006990405138,6.52428988892724,6.03417238372303,5.95711,4.4824,4.58028
2.97891355865134,6.48370838036196,6.01515414627759,5.95711,4.4824,4.58028
2.96206262616518,6.43657651893883,5.99457280116551,5.95711,4.4824,4.58028
2.92049584735898,6.37555775576197,5.97368493864132,5.95711,4.4824,4.56268
2.92671499113039,6.35483164742885,5.95184237763698,5.9923,4.46921,4.56268
3.04282704788425,6.39939099745887,5.92978464328548,5.9923,4.46921,4.56268
3.10125486325378,6.38027723018471,5.9078123894808,5.9923,4.46921,4.56268
3.09092131531189,6.35521460622995,5.88511478221613,5.9923,4.47801,4.24267
3.065336499787,6.35704853103416,5.86136865034127,6.04289,4.47801,4.24267
2.9889469506857,6.36689510022283,5.83639852149855,6.04289,4.47801,4.24267
2.9313324673822,6.33948532655351,5.81146752224864,6.04289,4.47801,4.24267
2.85668408269493,6.35040006772119,5.7857176171012,6.06598,4.46921,4.1349
2.93281793068183,6.37113394307214,5.76191513394314,6.06598,4.46921,4.1349
3.00297503416332,6.36104023013945,5.73865192772219,6.06598,4.46921,4.1349
3.10332631807481,6.33829178006172,5.71690836571169,6.06598,4.46921,4.21738
3.12874247483738,6.35263486097095,5.69577289072567,6.03959,4.52749,4.21738
3.04209618782183,6.32095422375215,5.67602923761167,6.03959,4.52749,4.21738
2.98964559404734,6.29101266962536,5.6580191137001,6.03959,4.52749,4.21738
2.93540040465326,6.2632012415286,5.64174493225037,6.0011,4.57258,4.32735
2.97225505863521,6.22650957582633,5.62640894842157,6.0011,4.57258,4.32735
2.98639081769047,6.19052900520273,5.61443372616569,6.0011,4.57258,4.32735
2.9950458311767,6.24100896951756,5.60523911187615,6.0011,4.57258,4.47911
3.00476951715295,6.29859383013177,5.59825933670962,6.0165,4.43182,4.47911
3.01161022351621,6.30925442273279,5.59418275741972,6.0165,4.43182,4.47911
3.01267128485852,6.32776805032423,5.59195904113177,6.0165,4.43182,4.47911
3.0167928694646,6.37538853991143,5.59180494689779,6.0165,4.28446,4.40982
3.03376740228573,6.40937733741675,5.59303455980623,6.04619,4.28446,4.40982
2.96130454053071,6.41900796995149,5.59487010054546,6.04619,4.28446,4.40982
2.94956091145763,6.47260550736188,5.59604702949424,6.04619,4.28446,4.40982
3.02611497758237,6.51176765831986,5.59917963804598,6.04399,4.34494,4.1173
3.03259292020751,6.51670719426977,5.60488645590469,6.04399,4.34494,4.1173
3.02112557193101,6.52451243228585,5.61012993825702,6.04399,4.34494,4.1173
3.04170785947912,6.53093106117749,5.6160567459203,6.04399,4.34494,4.1173
3.03057561427403,6.50586808217631,5.62198322742396,6.03739,4.56488,4.18218
2.98534595081774,6.47944219312093,5.62820156391361,6.03739,4.56488,4.18218
2.94860491938779,6.44943028919925,5.63239678368413,6.03739,4.56488,4.18218
2.93511664203879,6.4053242612443,5.63582102407733,6.03739,4.69025,4.43402
2.98009393752387,6.37286464646825,5.64022201858809,6.02199,4.69025,4.43402
2.99799858847535,6.44059259694081,5.64597767776309,6.02199,4.69025,4.43402
3.04544635379833,6.44350238492301,5.65312235033929,6.02199,4.69025,4.43402
3.04076447005216,6.4290321935698,5.66050865566974,6.02749,4.5165,4.56158
3.0783807652407,6.43634719346873,5.66796450989554,6.02749,4.5165,4.56158
3.05272029351199,6.45941379342879,5.6756796364598,6.02749,4.5165,4.56158
2.98246353069499,6.45925733156437,5.68360155692657,6.02749,4.5165,4.36694
2.96667651995509,6.44574137247667,5.6912619375675,6.04619,4.25367,4.36694
2.91330783437757,6.48218546920516,5.70140156599883,6.04619,4.25367,4.36694
2.91672041447676,6.47536693122934,5.71327998745716,6.04619,4.25367,4.36694
2.95819798149696,6.45540728784409,5.7269162829158,6.04619,4.23827,4.21518
3.09290051079119,6.46451495214538,5.74202518948062,6.04399,4.23827,4.21518
3.13792715882978,6.43764243149481,5.75789350341634,6.04399,4.23827,4.21518
3.01560715970215,6.399013508205,5.77384405300358,6.04399,4.23827,4.21518
3.00770565371543,6.36290818862621,5.79056606045775,6.04399,4.58358,4.21188
2.98744049235794,6.32678011843579,5.80820183075438,6.04399,4.58358,4.21188
2.9484972149696,6.26825349363668,5.82556112083185,6.04399,4.58358,4.21188
2.89477033512992,6.28349245494191,5.84074283861889,6.04399,4.58358,4.10411
2.94983067520662,6.3505375568455,5.85720503268766,6.04289,4.80242,4.10411
3.09792228588512,6.35362598275493,5.87061890243829,6.04289,4.80242,4.10411
3.12192833646051,6.35222269038993,5.88621994967047,6.04289,4.80242,4.10411
3.07933555557165,6.39376838274266,5.90007103121699,6.06928,4.52199,4.29655
3.00780741912832,6.43604810999548,5.91205484127418,6.06928,4.52199,4.29655
2.92329844547485,6.45118015808775,5.92153459785914,6.06928,4.52199,4.29655
2.90772343071729,6.47865435313795,5.93020780479656,6.06928,4.52199,4.36144
2.8609160385125,6.52023046482769,5.93721872663618,6.02639,4.1261,4.36144
2.92439923923263,6.5241273653609,5.94202227857245,6.02639,4.1261,4.36144
3.13031470326407,6.52397266069339,5.94590286501753,6.02639,4.1261,4.36144
3.15763050662528,6.54958212339237,5.95020680550281,6.02639,4.21848,4.25696
3.12585072489011,6.52210135468884,5.95487778151615,5.9934,4.21848,4.25696
3.04471607378302,6.49074291100836,5.95843719307713,5.9934,4.21848,4.25696
2.93746299944907,6.45634521799689,5.96175646616764,5.9934,4.21848,4.25696
2.86963679323598,6.41027345739321,5.96400198334643,5.97361,4.55389,4.52749
2.98910913575417,6.3568446024545,5.96596291523306,5.97361,4.55389,4.52749
3.00881045836963,6.38556627174479,5.96679336062523,5.97361,4.55389,4.52749
2.89209067459006,6.42608574776314,5.96892866865388,5.97361,4.55389,4.52749
2.89468593236433,6.4035528353446,5.97203105074515,5.97031,4.70565,4.58248
3.11669559611625,6.39498632360443,5.97492778680893,5.97031,4.70565,4.58248
3.04862704560609,6.41767239439718,5.97703784632046,5.97031,4.70565,4.58248
3.24695670360186,6.42933346050795,5.97932646482736,5.97031,4.57258,4.36364
3.06330594752271,6.40958455155578,5.98173145165388,5.9956,4.57258,4.36364
2.94314766636415,6.44930882872276,5.98347742060485,5.9956,4.57258,4.36364
2.8791353196932,6.45772701654704,5.98415147987934,5.9956,4.57258,4.36364
2.90896724014359,6.45196203076009,5.98607832500961,6.04399,4.39553,4.09641
2.90164388941271,6.46966937675543,5.98823117158206,6.04399,4.39553,4.09641
2.91190537394168,6.46066558066538,5.9902885391023,6.04399,4.39553,4.09641
3.08066790763782,6.4335768536948,5.99237519257305,6.04399,4.39553,3.97874
3.15731915348294,6.410832717353,5.99375439495298,6.07148,4.33614,3.97874
3.13386363330807,6.38790638990482,5.99529656416723,6.07148,4.33614,3.97874
3.02810981725993,6.35569643000505,5.99641273196833,6.07148,4.33614,3.97874
2.95430636220564,6.33842708304926,5.99666467697667,6.07148,4.33504,4.07331
2.92620422413403,6.41270045654785,5.99868667885074,6.05499,4.33504,4.07331
2.94919879563909,6.439568622413,6.00166947041876,6.05499,4.33504,4.07331
2.95291120912409,6.44605912609574,6.00286078154526,6.05499,4.33504,4.07331
3.00843142423734,6.47569894336909,6.00193636727695,6.03519,4.38563,4.26136
3.01228183081901,6.51681253313482,5.99879698103596,6.03519,4.38563,4.26136
3.05783658638304,6.53559077818911,5.99283050519611,6.03519,4.38563,4.26136
2.99661995900927,6.53903784448922,5.98669699762186,6.03519,4.38563,4.45271
3.03714252361975,6.58733873997716,5.9800819336502,6.02749,4.40323,4.45271
3.02969378941824,6.58890838013104,5.96980311673103,6.02749,4.40323,4.45271
3.01337690866846,6.58008672370928,5.95575744273523,6.02749,4.40323,4.45271
2.97484875542989,6.59293518242684,5.94167976349066,6.02859,4.41092,4.4824
2.97520162118533,6.56238902529522,5.92269689812878,6.02859,4.41092,4.4824
2.96224346245319,6.5195338600064,5.90471734763703,6.02859,4.41092,4.4824
2.96988022506256,6.47665515996943,5.8839618318835,6.02859,4.41092,4.27016
2.99816372971383,6.43167206942964,5.86105366966089,6.03299,4.41202,4.27016
3.0135168932745,6.38280108591801,5.83593301643991,6.03299,4.41202,4.27016
3.03839688020445,6.36620829241061,5.81041171426701,6.03299,4.41202,4.27016
3.07174494099007,6.40799047910455,5.78309106838183,6.03299,4.39663,4.1393
3.06311870529111,6.38534703213828,5.75506625607324,6.02639,4.39663,4.1393
3.04406895943456,6.36838948805019,5.72753629100934,6.02639,4.39663,4.1393
2.99581355410058,6.38249035968808,5.70164565789297,6.02639,4.39663,4.1393
2.84374324193845,6.39781135372277,5.67739553538454,6.02199,4.4835,4.24597
2.85314920642356,6.36602238092267,5.65309145351036,6.02199,4.4835,4.24597
2.96851339209887,6.37741639226727,5.63051942590177,6.02199,4.4835,4.24597
3.09245681545454,6.39708519394599,5.60972194653878,6.02199,4.4835,4.24597
3.14795303267606,6.37493411829025,5.59027255204863,6.011,4.59897,4.53849
3.1000752167253,6.35444081566215,5.57176249465026,6.011,4.59897,4.53849
3.00258756290579,6.36392245300457,5.55607507175804,6.011,4.59897,4.53849
2.96730415193978,6.32223495962285,5.54190326516765,6.011,4.62427,4.60007
2.93205740520464,6.28206573362061,5.53076417139826,6.0055,4.62427,4.60007
2.93174503747718,6.24331008553998,5.52084705745118,6.0055,4.62427,4.60007
2.98666729484627,6.19944050796199,5.51428656345358,6.0055,4.62427,4.60007
3.02419399498427,6.1492918847157,5.51032728185239,6.0066,4.53739,4.46921
3.04802183337616,6.19492140645508,5.50968486682558,6.0066,4.53739,4.46921
3.03159438561702,6.24192301326707,5.51124679442846,6.0066,4.53739,4.46921
3.00897075555999,6.24629186633243,5.51500896981656,6.0066,4.53739,4.24597
2.94721056600904,6.2631430577667,5.52059443163763,6.03959,4.53079,4.24597
3.00941525340468,6.31187763744057,5.52822114340098,6.03959,4.53079,4.24597
2.98254322586705,6.34322574531894,5.53738894916877,6.03959,4.53079,4.24597
3.02031766851645,6.35248076024601,5.54846802300282,6.03959,4.66056,3.96114
3.02417318999851,6.4194184077075,5.56160011405692,6.05828,4.66056,3.96114
3.00973545298846,6.46717162338269,5.57767869507774,6.05828,4.66056,3.96114
3.07952250798381,6.4785051625461,5.5953292042858,6.05828,4.66056,3.96114
3.04542872973779,6.51558387332985,5.61496843859188,6.06818,4.66386,4.05462
2.94692568221614,6.54023063202528,5.6380214080259,6.06818,4.66386,4.05462
2.91061242517642,6.53574400092519,5.66115387740305,6.06818,4.66386,4.05462
2.94480344081363,6.53188415784444,5.68481172908923,6.06818,4.66386,4.33944
2.94895227195379,6.52591663656106,5.70857331788392,6.05059,4.45271,4.33944
2.99513170869574,6.50911665291183,5.73395605882727,6.05059,4.45271,4.33944
3.03744871457811,6.50620199222627,5.76092801914027,6.05059,4.45271,4.33944
3.10779106383829,6.5994901697969,5.78753478215692,6.03519,4.31085,4.41202
3.09619342925048,6.6221692663532,5.81323060532607,6.03519,4.31085,4.41202
3.08783887144727,6.62952925048029,5.83721788790626,6.03519,4.31085,4.41202
3.00861848568237,6.65904445932803,5.85953060153991,6.03519,4.31085,4.24707
2.93505156516968,6.69691231926123,5.88019507739544,6.02639,4.48021,4.24707
2.89861849160813,6.70775732450188,5.89609327154385,6.02639,4.48021,4.24707
2.91290556075679,6.70222838347441,5.90958726521908,6.02639,4.48021,4.24707
2.92666494258812,6.74706201183527,5.92242175482376,6.02639,4.67595,4.33065
3.00083486912023,6.7482884824516,5.9325569503285,6.03959,4.67595,4.33065
3.05872154122404,6.72731843732407,5.94025278212198,6.03959,4.67595,4.33065
3.08882023821036,6.73332835220791,5.94502004646855,6.03959,4.67595,4.33065
3.04516705628964,6.69419940028843,5.94735333835921,6.02749,4.55828,4.56488
3.04633861582682,6.64900090899962,5.94556865546578,6.02749,4.55828,4.56488
3.0612963333958,6.60359634152656,5.94127338809261,6.02749,4.55828,4.56488
2.98080332328748,6.55781561678998,5.93539891424878,6.02749,4.55828,4.56488
2.93213819613638,6.48321472345293,5.92764194218412,6.02969,4.44391,4.28556
2.90581639618152,6.49274435322016,5.91976767207425,6.02969,4.44391,4.28556
3.00823102395303,6.54961081981569,5.91301267347739,6.02969,4.44391,4.28556
3.05367437501834,6.53499778038278,5.90640759118168,6.02969,4.46151,4.18548
3.02655925862766,6.52409798878373,5.89989053515768,6.02859,4.46151,4.18548
3.03660362434335,6.55291818247681,5.89622121357112,6.02859,4.46151,4.18548
2.97932183249254,6.58002574842636,5.89311186184995,6.02859,4.46151,4.18548
2.97602985355895,6.57588131740442,5.89254791288594,6.0066,4.55499,4.28006
2.94362347586877,6.59041512919556,5.89420057974332,6.0066,4.55499,4.28006
2.83428887204297,6.62668383362884,5.89916694373401,6.0066,4.55499,4.28006
3.03539884360391,6.62383070570339,5.90529203662975,6.0066,4.55499,4.23937
3.20780344619245,6.61806528535133,5.9149353846812,6.0165,4.4978,4.23937
3.15290095043786,6.63803740894945,5.92571655651278,6.0165,4.4978,4.23937
3.09279960125951,6.60689415312434,5.93813756177846,6.0165,4.4978,4.23937
3.02449467926299,6.57538001252734,5.95161557906343,6.0165,4.34384,4.32515
2.86724548395469,6.54184928231835,5.96623459815359,6.0132,4.34384,4.32515
2.79503415934675,6.49284621181957,5.98091827018786,6.0132,4.34384,4.32515
2.85386820469283,6.44668390310744,5.9950364543069,6.0132,4.34384,4.32515
2.96446836902694,6.48616336797214,6.00759396312354,6.0077,4.40213,4.34274
3.05048767052597,6.52366575768109,6.0184221685076,6.0077,4.40213,4.34274
3.10154442228433,6.49994904683244,6.02571991683637,6.0077,4.40213,4.34274
3.16191621433696,6.50403413173043,6.02789828822529,6.0077,4.40213,4.34384
3.11640804482782,6.52683811071821,6.0277991531915,6.03189,4.42302,4.34384
3.03622614952641,6.54130563326342,6.0229079264132,6.03189,4.42302,4.34384
3.01473104685961,6.51805574690468,6.01242044142275,6.03189,4.42302,4.34384
2.89181403404114,6.55450248283757,5.99574541753674,6.04839,4.33284,4.43622
2.92190368035728,6.56019724926674,5.97410247102914,6.04839,4.33284,4.43622
2.9304446811554,6.54343927889063,5.94852937570776,6.04839,4.33284,4.43622
2.93848157604035,6.54909410954371,5.91751053017387,6.04839,4.33284,4.41752
2.93501830440175,6.52364192979224,5.88280008713698,6.02969,4.32515,4.41752
3.04721556436367,6.48346873582076,5.8442331285152,6.02969,4.32515,4.41752
3.04092462419561,6.44528468817944,5.80345529521751,6.02969,4.32515,4.41752
3.10588303596499,6.40421156748198,5.76185138894279,6.02969,4.36474,4.41862
3.10495881840921,6.3500375469139,5.71719419533473,6.0165,4.36474,4.41862
3.08183537007966,6.31037673952072,5.67294872760783,6.0165,4.36474,4.41862
3.02622700983501,6.37194352420469,5.63177832053326,6.0165,4.36474,4.41862
2.93883169912141,6.37828965041797,5.5921329756356,6.0077,4.36913,4.5176
2.88705581365491,6.36584098966785,5.55438584244888,6.0077,4.36913,4.5176
2.89877694610424,6.38137176020178,5.51934579503937,6.0077,4.36913,4.5176
2.92392393294162,6.40532022629038,5.48627847652419,6.0077,4.36913,4.5176
2.95494955430264,6.40589471551536,5.45510410581204,6.0132,4.42082,4.47691
3.12295154079347,6.39729366901373,5.42735925197066,6.0132,4.42082,4.47691
3.11780539187749,6.4359927468712,5.40430238666605,6.0132,4.42082,4.47691
3.06379371063343,6.43466768944691,5.3861920710407,6.0132,4.53189,4.31855
3.02970637764974,6.42911008053227,5.37257518977182,6.04399,4.53189,4.31855
2.99086903479928,6.45098697731172,5.36351120871293,6.04399,4.53189,4.31855
2.98583845988901,6.42668858271023,5.35898435243024,6.04399,4.53189,4.31855
2.92572763139046,6.40054106507762,5.35732852847488,6.05938,4.59457,4.20748
2.93632871531333,6.37822787380593,5.35994748221783,6.05938,4.59457,4.20748
2.97051995303157,6.35541440052313,5.364565937518,6.05938,4.59457,4.20748
3.00864936778945,6.31888842634765,5.3721795065732,6.05938,4.59457,4.20968
3.04560129631249,6.32804856585853,5.3828561358554,6.05169,4.55279,4.20968
3.05230752396062,6.41768514373318,5.39631059988748,6.05169,4.55279,4.20968
3.03912936418717,6.43205759090561,5.41169504807802,6.05169,4.55279,4.20968
3.05015009992353,6.44733582582063,5.43095777592131,6.05169,4.4967,4.26906
3.01842134129882,6.49587539269577,5.45228408189943,6.04069,4.4967,4.26906
2.97265589448306,6.54172656995971,5.47670204673193,6.04069,4.4967,4.26906
2.93474646713134,6.54073785895948,5.50351610928049,6.04069,4.4967,4.26906
2.93765120017908,6.58159874456942,5.53255132491798,6.04069,4.47031,4.28776
2.95598836328979,6.63188478187227,5.56399216936531,6.04069,4.47031,4.28776
3.01533688567987,6.64351587322183,5.59664711767178,6.04069,4.47031,4.28776
3.05987657541181,6.64647605349389,5.63038884688884,6.04069,4.47031,4.24707
3.06994542260817,6.67143796650445,5.66568686325248,6.04069,4.47801,4.24707
3.0418158548108,6.64989107475947,5.70241140654267,6.04069,4.47801,4.24707
2.98849030823903,6.62790196515159,5.73830291435117,6.04069,4.47801,4.24707
3.00032471184522,6.60390858453875,5.77461268993939,6.03849,4.5077,4.22507
2.96941526903215,6.57531211705131,5.81033560830486,6.03849,4.5077,4.22507
2.98172278637654,6.53007218857526,5.84349134199743,6.03849,4.5077,4.22507
2.98950633789804,6.58386514443423,5.87432736173352,6.03849,4.5077,4.31415
2.9921849745382,6.63108116401602,5.90311828944364,6.04509,4.53519,4.31415
3.01931150359316,6.62746654562349,5.92972287145375,6.04509,4.53519,4.31415
3.01732964428808,6.64336171752597,5.95266994632708,6.04509,4.53519,4.31415
3.03143230102379,6.68399894416305,5.97243409789149,6.04509,4.56488,4.43072
3.02231201320374,6.70571863153394,5.98937580931094,6.04399,4.56488,4.43072
2.98677964430265,6.6979362984451,6.00295337718837,6.04399,4.56488,4.43072
2.96345533824285,6.74949402752504,6.01451460529938,6.04399,4.56488,4.43072
2.94958878192395,6.77890085762377,6.02367763317573,6.02309,4.62537,4.25367
2.96121521818056,6.7671395093275,6.02952410021659,6.02309,4.62537,4.25367
3.015092156616,6.78954147195197,6.03525349036769,6.02309,4.62537,4.25367
3.04603026517443,6.79252903463789,6.04186387071063,6.02309,4.62537,4.25367
3.08758059007388,6.76643495487181,6.04843079225137,6.02529,4.43732,4.33284
3.10438715270808,6.7404899989012,6.05597243320565,6.02529,4.43732,4.33284
3.06342244936233,6.71305150474782,6.06516499359129,6.02529,4.43732,4.33284
2.95196647411213,6.67001389280254,6.07619460113506,6.02529,4.35264,4.4945
2.86867168357347,6.64127775453904,6.09008558196117,5.9989,4.35264,4.4945
2.88761408745259,6.72456956831848,6.10705120331915,5.9989,4.35264,4.4945
2.90598117710857,6.73618499305318,6.12702530786334,5.9989,4.35264,4.4945
3.00492583747729,6.7315038439267,6.14991437635791,5.9956,4.47581,4.47471
3.11563834127641,6.75736789675751,6.17556576556184,5.9956,4.47581,4.47471
3.1159564046307,6.78948361105462,6.20445159184972,5.9956,4.47581,4.47471
3.07986821566975,6.79373134993678,6.23497009334259,5.9956,4.47581,4.30315
3.04620915147935,6.78581354146702,6.26765693888489,6.0165,4.61767,4.30315
3.00213927067109,6.83431169686768,6.30114862190099,6.0165,4.61767,4.30315
2.93190259354536,6.83063522777094,6.33507003008191,6.0165,4.61767,4.30315
2.93208974804091,6.81414392315581,6.36839904346605,6.0165,4.54179,4.1371
2.89634149025868,6.84291167616754,6.40147564856673,6.04069,4.54179,4.1371
2.90672908678005,6.81556776481634,6.43403593505462,6.04069,4.54179,4.1371
3.07113353222935,6.78061285806941,6.46471220535433,6.04069,4.54179,4.1371
3.14092973380182,6.7464976820382,6.4934531905481,6.04399,4.33724,4.20418
3.07068770677868,6.71062748770873,6.52004127051148,6.04399,4.33724,4.20418
3.04277041159376,6.65003904200102,6.54312903190182,6.04399,4.33724,4.20418
2.99428260886458,6.6724766715338,6.56335933134995,6.04399,4.33724,4.31635
2.95440652388399,6.73751702680708,6.58059890687047,6.03299,4.33284,4.31635
2.9464500188241,6.73059116150151,6.59499057182871,6.03299,4.33284,4.31635
2.93825699916856,6.72626324360704,6.60569533730725,6.03299,4.33284,4.31635
2.95494170398173,6.75785602839996,6.61282950929555,6.04289,4.40103,4.34274
3.0118480043465,6.78438915314131,6.61757237171813,6.04289,4.40103,4.34274
3.07838350102664,6.77289825293442,6.61861541136775,6.04289,4.40103,4.34274
3.0718072254385,6.78671124170389,6.61495452925552,6.04289,4.40103,4.41202
3.03004137986424,6.81429878051602,6.60766267912388,6.04179,4.41202,4.41202
3.01780271493139,6.79793881012043,6.596860898328,6.04179,4.41202,4.41202
2.96029081089307,6.78583241079576,6.58252279703986,6.04179,4.41202,4.41202
2.95973703400059,6.79341891905384,6.56692286940697,6.04179,4.52089,4.42962
2.95019684068734,6.74849044469686,6.5489534218179,6.0187,4.52089,4.42962
3.02666091027325,6.70384732437609,6.52855553511082,6.0187,4.52089,4.42962
3.03791979379204,6.65661506434062,6.50583752263346,6.0187,4.52089,4.42962
3.0021317062374,6.5955141939519,6.4809183481636,6.0033,4.60227,4.37353
3.01548915570938,6.53202645050585,6.4534660276378,6.0033,4.60227,4.37353
3.00491037377639,6.56692691481453,6.42519253168384,6.0033,4.60227,4.37353
2.96543238023294,6.59654771067369,6.39529790536711,6.0033,4.60227,4.37353
3.00581001429238,6.56479267792279,6.36380828535714,6.0176,4.54399,4.28336
3.01001702272217,6.56650570042618,6.33346392552771,6.0176,4.54399,4.28336
3.02766461491284,6.58670212138679,6.30420771090736,6.0176,4.54399,4.28336
2.9810311824463,6.59609488473214,6.27494551392501,6.0176,4.4868,4.25037
2.99410557680677,6.57107322175365,6.24662835276773,6.03079,4.4868,4.25037
3.05645382251735,6.61138181847944,6.21982172295795,6.03079,4.4868,4.25037
3.02185117373438,6.61695168652098,6.19320462082605,6.03079,4.4868,4.25037
2.96924686141233,6.59882698221008,6.16894847567845,6.05279,4.44611,4.27016
2.95923640938984,6.62954354422328,6.14598823140108,6.05279,4.44611,4.27016
2.99041899759245,6.61697645971348,6.12415774745718,6.05279,4.44611,4.27016
2.99151156663622,6.58819229533526,6.10528799615155,6.05279,4.44611,4.32845
3.05560991615033,6.56358912026354,6.08895427705691,6.05279,4.41752,4.32845
3.03750534364202,6.537109518638,6.0739804706056,6.05279,4.41752,4.32845
3.01856301815165,6.49729897174428,6.06143805012083,6.05279,4.41752,4.32845
2.98391737968475,6.47258256538276,6.05188098835091,6.05279,4.46481,4.39113
2.95873084822297,6.55430590606541,6.0448353533721,6.0187,4.46481,4.39113
2.97292137023991,6.57360008280627,6.0402971097542,6.0187,4.46481,4.39113
3.00419548862878,6.57602111435068,6.03841849501797,6.0187,4.46481,4.39113
2.99733209535747,6.60775863083307,6.03738009884662,6.0099,4.5154,4.37683
3.02483317678857,6.64476033551635,6.0371336896665,6.0099,4.5154,4.37683
3.0377993791266,6.6569107148985,6.03846390369531,6.0099,4.5154,4.37683
3.00766033755767,6.65920245502794,6.041062700848,6.0099,4.5154,4.41312
3.01016191376697,6.70419413796081,6.04533828707697,6.05718,4.24047,4.41312
3.02000015761364,6.70508845664673,6.04964716646559,6.05718,4.24047,4.41312
3.02624416857018,6.69913630161671,6.05463802381873,6.05718,4.24047,4.41312
2.9649708125146,6.71120810965661,6.05923292892721,6.05828,4.09751,4.41642
3.01338274334843,6.67808368896674,6.06372011364866,6.05828,4.09751,4.41642
2.96623005371594,6.64003256047683,6.06629989229334,6.05828,4.09751,4.41642
2.95554841998621,6.60152139331807,6.0657431565013,6.05828,4.09751,4.38673
3.01327837051912,6.55933169294444,6.06377509988303,6.02309,4.38343,4.38673
2.96678067449106,6.49492099224883,6.06093821098462,6.02309,4.38343,4.38673
2.95132319105743,6.48618691189984,6.05653435942444,6.02309,4.38343,4.38673
3.06612632733058,6.5492500051352,6.05059290418945,6.02309,4.83541,4.35924
3.11694949093169,6.53174614347233,6.04392438561838,5.94282,4.83541,4.35924
3.1207076727409,6.52072433773437,6.0360625792388,5.94282,4.83541,4.35924
3.0492047530088,6.54159871345354,6.02807574077994,5.94282,4.83541,4.35924
2.97722387358672,6.5499410594063,6.02168737047626,5.88783,4.98387,4.33614
2.78832463429054,6.51407206830729,6.0185575334364,5.88783,4.98387,4.33614
2.83114326141646,6.53401306594768,6.02365830982995,5.88783,4.98387,4.33614
2.98773887665778,6.56794616938834,6.0292780666333,5.88783,4.98387,4.33614
3.04514086575628,6.56779102857041,6.0342293167042,5.97801,4.64626,4.35154
3.11513297325561,6.563919740668,6.04189174697752,5.97801,4.64626,4.35154
3.11503202476024,6.5838384318388,6.05351022173078,5.97801,4.64626,4.35154
3.09059314720478,6.56509317863771,6.06812479420443,5.97801,4.04472,4.27126
3.04280311815432,6.55179989322609,6.08693645180296,6.15506,4.04472,4.27126
2.99197948413672,6.54245583201499,6.10744982619944,6.15506,4.04472,4.27126
2.92251372439657,6.53342372786274,6.13133847585492,6.15506,4.04472,4.27126
2.87283935814511,6.52345944513945,6.15654507745752,6.06158,3.97434,4.05242
2.95353975813948,6.60336585897416,6.18207276179081,6.06158,3.97434,4.05242
3.0572091904717,6.67128576741988,6.20816121907482,6.06158,3.97434,4.05242
3.04515777934586,6.69621447210992,6.23671560732992,6.06158,3.97434,4.136
2.97544924616161,6.74754749598206,6.26489624342334,5.92962,4.24047,4.136
2.91341148514576,6.81233641534899,6.29417244643573,5.92962,4.24047,4.136
2.8973551608885,6.84667477018727,6.32508399232809,5.92962,4.24047,4.136
2.95724404478709,6.85897783582466,6.35475929870894,5.92962,4.44172,4.61107
3.17710680012553,6.92262289097294,6.38190059937431,5.989,4.44172,4.61107
3.34432494759461,6.95400161091967,6.40617772693679,5.989,4.44172,4.61107
3.37921498611433,6.94435938080943,6.42791368802546,5.989,4.44172,4.61107
2.78611722024773,6.96688493202087,6.4467484276703,6.17045,4.43292,4.8871
2.53774397418873,6.9591217873476,6.46158203703424,6.17045,4.43292,4.8871
2.75569151952085,6.92086902367186,6.47288254257782,6.17045,4.43292,4.8871
3.02246604067846,6.88033501857172,6.4784703156927,6.17045,4.43292,4.57368
3.11524938299771,6.83651583636032,6.47968434904046,6.20345,4.28446,4.57368
3.18682171804119,6.7805762682825,6.47876297288159,6.20345,4.28446,4.57368
3.09771421268143,6.74078481177167,6.47456631512108,6.20345,4.28446,4.57368
3.05953625292056,6.80246808181862,6.46863812941151,6.10887,4.23717,4.24377
2.88395438029348,6.78813311191122,6.46009861323767,6.10887,4.23717,4.24377
2.80926942554158,6.76715864032642,6.44910025477826,6.10887,4.23717,4.24377
2.95016077420619,6.7780557477214,6.43587671915571,6.10887,4.23717,4.20748
3.05891998266305,6.79844896571455,6.42101303389806,6.03849,4.29985,4.20748
3.08690588619061,6.79405505585061,6.40385952397632,6.03849,4.29985,4.20748
3.19908258038847,6.78354039281596,6.38440778573653,6.03849,4.29985,4.20748
3.15315101214311,6.82272313766681,6.36409767189301,6.03849,4.40103,4.28226
3.01528201100612,6.81132263252685,6.34448442755018,6.03189,4.40103,4.28226
2.91028259194361,6.79000609206887,6.32494353784982,6.03189,4.40103,4.28226
2.81888612376198,6.81542511093908,6.30564260257758,6.03189,4.40103,4.28226
2.87337130429122,6.7808499443877,6.28595517202147,6.02969,4.45601,4.34714
2.91218728628694,6.74057786278386,6.26583863366751,6.02969,4.45601,4.34714
2.96593185889481,6.69921437075442,6.24515636732802,6.02969,4.45601,4.34714
3.02681626626869,6.64762450958202,6.22533757666702,6.02969,4.45601,4.34714
3.10242822934093,6.57065671649174,6.20689971928754,6.03519,4.45161,4.38233
3.13044441017804,6.58602658932316,6.19345114725159,6.03519,4.45161,4.38233
3.10690927742323,6.6464958519778,6.17657898687341,6.03519,4.45161,4.38233
3.04132365135131,6.63060516943927,6.15565334298685,6.03519,4.43072,4.38013
3.01985531707705,6.60862800584041,6.13478449777067,6.04289,4.43072,4.38013
2.95406738056215,6.62512405648951,6.11540663782921,6.04289,4.43072,4.38013
2.92917610206087,6.63429233669503,6.09649435452832,6.04289,4.43072,4.38013
2.94479224611225,6.60871663039059,6.07897436078559,6.03959,4.40762,4.38783
2.96258526848177,6.61762939731483,6.06100381978631,6.03959,4.40762,4.38783
2.95890555046407,6.63853995169142,6.04399179899626,6.03959,4.40762,4.38783
3.00748345307713,6.63111159935088,6.02618297070578,6.03959,4.40762,4.40543
3.03692650260042,6.61456227425192,6.0063788725629,6.03959,4.39443,4.40543
3.04833719185382,6.62033975783644,5.98621207854916,6.03959,4.39443,4.40543
3.03611609926258,6.58789854065369,5.96635093395854,6.03959,4.39443,4.40543
3.03261206561727,6.55951787603442,5.94453707603064,6.03959,4.38453,4.44721
2.99284087091443,6.53249860166602,5.92310838921888,6.03189,4.38453,4.44721
2.97681779472026,6.48782943769953,5.90066051893067,6.03189,4.38453,4.44721
2.98609895532533,6.45412618691717,5.87628238300766,6.03189,4.38453,4.44721
2.982811469088,6.51806102092869,5.85031178341067,6.0187,4.38233,4.4923
3.00033688491256,6.56915448829271,5.82195874720402,6.0187,4.38233,4.4923
3.02815823433086,6.56597772743323,5.7936626755792,6.0187,4.38233,4.4923
3.02601993257825,6.59591518253497,5.76615459193585,6.0187,4.38233,4.53409
3.00392771468107,6.63723643453205,5.73992714504356,6.0176,4.41092,4.53409
2.99911084655112,6.65969303438563,5.71522306859961,6.0176,4.41092,4.53409
2.9808773080223,6.65086319425364,5.69271266772104,6.0176,4.41092,4.53409
2.99749822056164,6.70467473548798,5.67296144244195,6.02749,4.4835,4.53959
2.99941581289449,6.72217003106689,5.65563545890466,6.02749,4.4835,4.53959
2.99989468568782,6.71924560734715,5.63973577452322,6.02749,4.4835,4.53959
3.00505164376412,6.75514040845056,5.62633690539072,6.02749,4.4835,4.4978
3.0192802872004,6.74317690105677,5.61453434538979,6.03739,4.52309,4.4978
3.00449617601716,6.72058840306732,5.60454014979739,6.03739,4.52309,4.4978
2.99418659867169,6.70103830459046,5.59623186982334,6.03739,4.52309,4.4978
3.01865915300483,6.68024095822366,5.58939205735456,6.03739,4.5099,4.43732
3.00480616428323,6.64373687523853,5.58448967002028,6.03189,4.5099,4.43732
3.01969732118138,6.6237457055291,5.58146289160058,6.03189,4.5099,4.43732
2.98815939012172,6.71071364766328,5.5797507672535,6.03189,4.5099,4.43732
2.98083164945833,6.73980483601874,5.58046623255229,6.0066,4.45381,4.43842
2.9748150517765,6.74964873913237,5.58188585462161,6.0066,4.45381,4.43842
2.98610677721613,6.79291297813413,5.58679664891076,6.0066,4.45381,4.43842
3.03087099986199,6.83295522394891,5.59519623379949,6.0066,4.45381,4.43842
3.05006635604924,6.84148908162108,5.60723373393587,5.93072,4.5033,4.44282
3.04545906465661,6.86245143531547,5.62624103452298,5.93072,4.5033,4.44282
3.0038958139538,6.91962110139849,5.64471838034747,5.93072,4.5033,4.44282
2.96811945532283,6.9338968778725,5.66484259435641,5.93072,4.65836,4.41422
2.97294296555744,6.95416512653907,5.69091785970145,5.90982,4.65836,4.41422
2.9612135854624,7.00366177696415,5.72166584669094,5.90982,4.65836,4.41422
2.9610557791467,6.99972966485856,5.75568351320547,5.90982,4.65836,4.41422
3.01114566997437,6.99436756449938,5.79411433214158,5.96811,4.52309,4.30095
3.03396677548322,6.99224809877183,5.83211519582621,5.96811,4.52309,4.30095
3.06294741569744,6.98686572346519,5.87272604516396,5.96811,4.52309,4.30095
3.04609723454677,6.963908313875,5.9123364543891,5.96811,4.52309,4.22727
3.02775974198485,7.00554245167243,5.95202629139717,6.08138,4.136,4.22727
3.04352852165857,7.11222699150971,5.99236244441697,6.08138,4.136,4.22727
2.97207886407569,7.14181476541027,6.03324615507074,6.08138,4.136,4.22727
2.89464996620228,7.17649520975579,6.07119815740251,6.08138,3.93915,4.19098
2.90746555374216,7.23973634235344,6.10579275394196,6.10997,3.93915,4.19098
2.90358038178738,7.29501276542317,6.13676776534127,6.10997,3.93915,4.19098
3.07470944341247,7.29853259906416,6.16318785822286,6.10997,3.93915,4.19098
3.1620565095008,7.35127755395634,6.18502107255912,6.10777,4.02053,4.35594
3.1522427444241,7.3954302271996,6.20132304789812,6.10777,4.02053,4.35594
3.09097867963707,7.39805820269962,6.2121921280436,6.10777,4.02053,4.35594
2.68291001153449,7.39951464495644,6.21684242741053,6.10777,4.02053,4.45271
2.80585338075223,7.40771079598855,6.21577615664707,6.07368,4.23937,4.45271
3.14059120413488,7.3658385855019,6.20883567916367,6.07368,4.23937,4.45271
3.19642766129326,7.31917907501815,6.19654542155742,6.07368,4.23937,4.45271
3.1276215434277,7.26440206786314,6.17985034367003,6.04069,4.53519,4.39553
3.04305030187781,7.19217497845095,6.15834038314046,6.04069,4.53519,4.39553
2.80147176771864,7.10699878640401,6.13266725839824,6.04069,4.53519,4.39553
2.87155726967494,7.12234242803419,6.10385977163456,6.04069,4.53519,4.33614
2.83648879472854,7.12129513225918,6.0709107632948,6.0088,4.71554,4.33614
3.03419232864059,7.07248408323573,6.03904581820748,6.0088,4.71554,4.33614
3.20744748112638,7.04929052840024,6.0102106319222,6.0088,4.71554,4.33614
3.19824403798367,7.03707167875783,5.98351079926723,6.0088,4.79032,4.30865
3.00097227851287,6.99607780934579,5.95753165110519,5.97471,4.79032,4.30865
2.93187075952791,6.94635122524859,5.93433800253243,5.97471,4.79032,4.30865
2.90853056858919,6.95186694235931,5.91519259118287,5.97471,4.79032,4.30865
2.94026915379991,6.93237147780108,5.8998606132906,6.04289,4.59897,4.42412
2.9769217151398,6.8854346141766,5.89058819676898,6.04289,4.59897,4.42412
3.01598829009815,6.89689863410379,5.88502163422327,6.04289,4.59897,4.42412
3.04498237478552,6.88388402476696,5.88376499072593,6.04289,4.59897,4.42412
3.03428771645181,6.84827860269542,5.88673691631052,6.06378,4.32075,4.41202
3.06496978847292,6.82201748926178,5.89366501658812,6.06378,4.32075,4.41202
3.03342194477515,6.79464396328092,5.90557966943832,6.06378,4.32075,4.41202
3.01648068709456,6.75453374186448,5.92105099036363,6.06378,4.25367,4.27456
2.99415152165008,6.75794501028338,5.94036965718642,6.06048,4.25367,4.27456
2.90959037833234,6.87018490898603,5.95537183922512,6.06048,4.25367,4.27456
2.87967236872679,6.90388466537991,5.97067917995169,6.06048,4.25367,4.27456
2.89637077699633,6.93773480162382,5.99008660963106,6.04619,4.34824,4.28336
2.95718979316799,7.00136124431197,6.01115199383443,6.04619,4.34824,4.28336
3.26429420870363,7.05538252454545,6.03128530663668,6.04619,4.34824,4.28336
3.29064307457598,7.07773262709335,6.05314563873522,6.04619,4.34824,4.45051
3.04855510514326,7.10529536149321,6.07165650255563,6.02309,4.4989,4.45051
2.79197408952826,7.17161789295461,6.09033529617154,6.02309,4.4989,4.45051
2.8285824717662,7.18377340190636,6.10653950278277,6.02309,4.4989,4.45051
2.92666115608998,7.18636673775407,6.1234459638941,6.02309,4.45491,4.46151
2.96010901051593,7.23148485624131,6.14078944968437,6.05279,4.45491,4.46151
3.11817316680807,7.20926497417193,6.15899872755066,6.05279,4.45491,4.46151
3.07212630578192,7.18018561038658,6.17651991855435,6.05279,4.45491,4.46151
3.05250572629557,7.14761261619019,6.19339382713698,6.04949,4.33944,4.25367
3.08783933048832,7.109095436582,6.21062526012672,6.04949,4.33944,4.25367
2.98926024626542,7.03563391852999,6.22904176027471,6.04949,4.33944,4.25367
2.99958042288425,7.05404497680787,6.24600235543132,6.04949,4.33944,4.114
2.94277038008093,7.11283623853764,6.26566137756037,5.9835,4.47911,4.114
2.85657062140981,7.09530546299866,6.28916074806417,5.9835,4.47911,4.114
2.87692748679285,7.08330301897946,6.31494372100326,5.9835,4.47911,4.114
3.04622279365273,7.1044505362719,6.34309688819948,5.93512,4.67375,4.28446
3.11759203026363,7.11058999899935,6.37077203445693,5.93512,4.67375,4.28446
3.09307440331817,7.08554777407094,6.40075788431147,5.93512,4.67375,4.28446
3.03346322759624,7.10032054738369,6.43206764005478,5.93512,4.67375,4.45381
3.06359937633785,7.11870013830831,6.46151322661697,6.02419,4.5121,4.45381
2.98784625490359,7.10057718297828,6.49142849138795,6.02419,4.5121,4.45381
2.95968176128591,7.09744625062383,6.52115983277448,6.02419,4.5121,4.45381
2.97497234509192,7.11044970685658,6.54970909307121,6.02419,4.17339,4.37683
3.01282681571801,7.07484849559909,6.57965223409913,6.08688,4.17339,4.37683
2.9560952392482,7.04233767819505,6.60923995448269,6.08688,4.17339,4.37683
2.977487464687,7.00889410437046,6.63535898164494,6.08688,4.17339,4.37683
3.00537317248276,6.9557298185202,6.65555871449282,6.09787,4.08431,4.24927
2.96302249609208,6.92394236160902,6.67094764427858,6.09787,4.08431,4.24927
2.97619660345044,6.98028314212224,6.68265261955805,6.09787,4.08431,4.24927
2.95565653198282,7.01672134049923,6.68837796174767,6.09787,4.08431,4.24927
2.91342365803363,7.00622129557667,6.69090758557152,6.07918,4.18438,4.22617
3.1685185185729,7.03156997316784,6.68782735483235,6.07918,4.18438,4.22617
3.26131025280713,7.06120336410953,6.67885197178938,6.07918,4.18438,4.22617
3.14505474704158,7.07065163378175,6.66644131122971,6.07918,4.41422,4.30865
2.97378947272231,7.04902681273809,6.64849491937147,6.03189,4.41422,4.30865
2.81344442323168,7.08793577706793,6.62667128555398,6.03189,4.41422,4.30865
2.88413299626966,7.0828189114918,6.60169479374514,6.03189,4.41422,4.30865
2.84195997963036,7.055676901082,6.57251229176873,5.9967,4.54949,4.41752
2.83212927976072,7.07749141084959,6.53991621043866,5.9967,4.54949,4.41752
3.04924718394132,7.0425547709075,6.50745007295986,5.9967,4.54949,4.41752
3.17028755066581,6.9931674513407,6.47446772691583,5.9967,4.54949,4.42852
3.22261151882009,6.94504669659554,6.4416706387417,5.9934,4.47031,4.42852
3.11484868173258,6.88864286660797,6.40822419144657,5.9934,4.47031,4.42852
2.99331127715201,6.81807047188569,6.37633997362535,5.9934,4.47031,4.42852
2.92258591372759,6.78082042782838,6.34380896383488,5.9934,4.35814,4.33174
2.91997667740853,6.83363295664002,6.31257726873898,6.02089,4.35814,4.33174
2.9206546617861,6.82359822887688,6.28349717565094,6.02089,4.35814,4.33174
2.97255923555264,6.80222833398929,6.25771934712717,6.02089,4.35814,4.33174
2.98998921889783,6.81166726272035,6.23350492549031,6.03739,4.34934,4.27126
3.0251049997664,6.82347399010434,6.21190726656807,6.03739,4.34934,4.27126
3.03385735551436,6.80653460666976,6.19235147202575,6.03739,4.34934,4.27126
3.03252549886308,6.79765684325392,6.17444933549741,6.03739,4.34934,4.33944
3.05041236022946,6.82360003026822,6.15872179857472,6.06598,4.33174,4.33944
3.01150785232173,6.80850259780215,6.14437663479828,6.06598,4.33174,4.33944
2.97375611561931,6.79046813534458,6.12899274078581,6.06598,4.33174,4.33944
2.99295824193542,6.8104843431239,6.1158728700345,6.06268,4.18878,4.47911
2.97931708018846,6.77454783645189,6.10463707676472,6.06268,4.18878,4.47911
3.00931187119228,6.73642252327586,6.09288689216771,6.06268,4.18878,4.47911
3.05206496375271,6.70017706598347,6.07983035012871,6.06268,4.18878,4.4956
3.00053369936367,6.6538488799303,6.0632090808095,6.02969,4.21298,4.4956
3.00973793758419,6.59920595031655,6.04660331730331,6.02969,4.21298,4.4956
2.97569722647091,6.61124340584794,6.02832869618884,6.02969,4.21298,4.4956
2.93818661047784,6.67553617888033,6.00732250468705,6.02969,4.36144,4.46481
2.9064970244975,6.66481879910695,5.98641212303997,6.0066,4.36144,4.46481
3.02761056512416,6.66736971386654,5.96609587471522,6.0066,4.36144,4.46481
3.10932910622315,6.69201533576646,5.94697575396234,6.0066,4.36144,4.46481
3.1088296826805,6.70532993025349,5.9281310672317,6.0,4.42962,4.45821
3.04527436211403,6.6790660701286,5.90965901511793,6.0,4.42962,4.45821
2.99353664175198,6.70216244056691,5.89213748362528,6.0,4.42962,4.45821
2.91048100770719,6.72046620940405,5.87708534517635,6.0,4.42962,4.45821
2.93454913539502,6.71334290766344,5.86278288465814,6.0176,4.36804,4.45601
2.96122243214664,6.70512999014615,5.85009249752569,6.0176,4.36804,4.45601
2.98018901418344,6.70578548565074,5.83888088788179,6.0176,4.36804,4.45601
3.03605830585974,6.67115187176721,5.82988542232934,6.0176,4.20088,4.4813
3.05579466099234,6.6400069024494,5.8226013100823,6.07148,4.20088,4.4813
3.05179662413994,6.60960957249823,5.81680516808424,6.07148,4.20088,4.4813
3.02303818854599,6.57037876182024,5.81261048350304,6.07148,4.20088,4.4813
3.01042446980731,6.53113584601768,5.80941670512413,6.07918,4.1371,4.47471
2.98462141490109,6.59227102644732,5.8067995640638,6.07918,4.1371,4.47471
3.00047862913936,6.63244588907535,5.8046151865723,6.07918,4.1371,4.47471
2.97059599065701,6.63393029551031,5.80189744290797,6.07918,4.1371,4.45491
2.96752607967799,6.66320190651302,5.79892029032556,6.05499,4.23937,4.45491
2.96680243287492,6.70490196632151,5.79596813194558,6.05499,4.23937,4.45491
3.00128013701515,6.72238625555097,5.7915542109716,6.05499,4.23937,4.45491
3.00658841353684,6.72114545076753,5.7870588367266,6.05499,4.33944,4.46151
3.02428145961874,6.77366017246982,5.78149289866348,6.02639,4.33944,4.46151
3.05314392330405,6.79533315861374,5.77499738567921,6.02639,4.33944,4.46151
3.07457669156628,6.78235567658769,5.76659995883754,6.02639,4.33944,4.46151
3.0608410470434,6.80880702307565,5.75833059257425,6.0176,4.40762,4.44501
2.94542306486631,6.80375879105665,5.75056880389689,6.0176,4.40762,4.44501
2.91318919728983,6.77554503165845,5.74299071252088,6.0176,4.40762,4.44501
2.94291842431589,6.74758647357317,5.73513329281697,6.0176,4.40762,4.38673
2.9980824206504,6.71734683211301,5.72831751474825,6.0121,4.45381,4.38673
3.02145330599902,6.66815880492408,5.7211973898768,6.0121,4.45381,4.38673
3.03435189730176,6.65093546549151,5.71540677123604,6.0121,4.45381,4.38673
3.02379076759015,6.73270835680691,5.71123852551487,5.9912,4.4967,4.33284
3.02968423140906,6.73685855585159,5.7087331997647,5.9912,4.4967,4.33284
3.0312564539887,6.730623885632,5.70945201295809,5.9912,4.4967,4.33284
2.99207916963294,6.75866067321485,5.71217988247203,5.9912,4.4967,4.32845
2.97514019352608,6.78347711750136,5.71844571288498,5.9868,4.4989,4.32845
2.98636619411543,6.77887039547067,5.72809873361031,5.9868,4.4989,4.32845
2.98625681865873,6.78286809034734,5.74063884238875,5.9868,4.4989,4.32845
2.99977382799272,6.82477181124173,5.75651713791213,5.9868,4.42082,4.34494
3.02950522971639,6.82217066302605,5.77721919418204,6.011,4.42082,4.34494
2.99582996305821,6.81544259858927,5.7988474501699,6.011,4.42082,4.34494
2.99694092603023,6.8485621095352,5.8231439219185,6.011,4.42082,4.34494
3.00710104639245,6.82307923798975,5.85001527723431,6.06928,4.23827,4.42962
3.01928371664887,6.79896972683618,5.87884860199393,6.06928,4.23827,4.42962
3.00818138362599,6.77558976724761,5.90895472031064,6.06928,4.23827,4.42962
2.99259136701614,6.74740859579242,5.93991533804705,6.06928,4.23827,4.42962
2.99756488466438,6.70311020074435,5.97139731117601,6.09018,4.10301,4.44941
3.0265825825595,6.75206270708808,6.00269630480052,6.09018,4.10301,4.44941
3.00142831742819,6.8234906541694,6.03410782576533,6.09018,4.10301,4.44941
2.99752792592362,6.83662526492969,6.06360468473804,6.09018,4.21738,4.33504
2.9839231819393,6.85269317256163,6.09114183992013,6.06158,4.21738,4.33504
2.98440627256017,6.90068733940722,6.11651670741825,6.06158,4.21738,4.33504
3.00123781898144,6.93600428652913,6.14055400296108,6.06158,4.21738,4.33504
2.96261127871631,6.93376321507423,6.16279989486652,6.0022,4.42962,4.29875
3.03252819849107,6.9702127074869,6.18363245142127,6.0022,4.42962,4.29875
3.04937488996371,7.00322242518877,6.2022449806836,6.0022,4.42962,4.29875
3.02192877429217,7.00320890786159,6.21942049728265,6.0022,4.42962,4.34054
3.0508879113102,7.00857240268335,6.23503311499749,5.97691,4.53519,4.34054
3.03350704759179,7.02012838296014,6.24860831134509,5.97691,4.53519,4.34054
2.8788536603527,6.98595702626296,6.26081771675228,5.97691,4.53519,4.34054
2.9542530795688,6.95161333641204,6.27109602022059,5.97691,4.47251,4.32405
3.02146561121277,6.91387180038069,6.28046418535849,5.9956,4.47251,4.32405
3.0200514433913,6.85788497940766,6.28935183298704,5.9956,4.47251,4.32405
3.03029370758124,6.8078236190425,6.29917028278316,5.9956,4.47251,4.32405
3.02639227886206,6.85668581608615,6.30757392875501,6.0099,4.41422,4.27236
3.01296607624573,6.88174074876442,6.31567762642097,6.0099,4.41422,4.27236
2.98652282699774,6.85813287245841,6.32338643570022,6.0099,4.41422,4.27236
2.98966998958179,6.86999624181506,6.33111424259782,6.0099,4.41422,4.28776
2.98694037122344,6.89281476126748,6.33830555685698,6.03739,4.37133,4.28776
2.98279026359088,6.89728055737161,6.34423200103926,6.03739,4.37133,4.28776
2.98360884337179,6.87602136207247,6.34863301475712,6.03739,4.37133,4.28776
3.02888107906003,6.9187519735774,6.35312962478237,6.05389,4.29545,4.31525
3.04171721072018,6.91874492719428,6.35616020181075,6.05389,4.29545,4.31525
3.05221683340781,6.90544975922288,6.35784841080441,6.05389,4.29545,4.31525
3.01880179823274,6.93673084478084,6.3579451731269,6.05389,4.29545,4.38343
3.00854414659932,6.91540507792692,6.35599942890524,6.02859,4.29106,4.38343
2.96423993253897,6.88383491404861,6.35301517341536,6.02859,4.29106,4.38343
2.94073043951821,6.85579185686666,6.34750217112606,6.02859,4.29106,4.38343
2.95335204313367,6.82033868639515,6.34195884322407,6.02859,4.40213,4.42632
2.94772375358129,6.76845381625233,6.3369241201052,5.9824,4.40213,4.42632
3.02915817063767,6.75158011300005,6.33006946526349,5.9824,4.40213,4.42632
3.08548301680975,6.82856661312919,6.3240067116028,5.9824,4.40213,4.42632
3.09183986655155,6.8374376398733,6.31821317871206,5.9912,4.43402,4.43512
2.98625299628875,6.83892488839312,6.30913194642982,5.9912,4.43402,4.43512
2.99018635273348,6.86621695446883,6.30088883789273,5.9912,4.43402,4.43512
2.98685943532949,6.89244521624757,6.29218502120412,5.9912,4.43402,4.43512
2.99629539655015,6.88944067581013,6.28343260860941,6.07588,4.22727,4.39773
2.97902419166663,6.89250718280108,6.27417578478517,6.07588,4.22727,4.39773
2.97211310917096,6.92520153896088,6.26495973217926,6.07588,4.22727,4.39773
3.00361357609111,6.91940833704348,6.25543179341562,6.07588,4.09641,4.30755
3.06938224337572,6.91106451628867,6.24475247174769,6.10557,4.09641,4.30755
3.03072965188174,6.91938637729892,6.23325683186561,6.10557,4.09641,4.30755
2.99011256919006,6.88342152435185,6.22049412574406,6.10557,4.09641,4.30755
2.95283402679764,6.84423504962713,6.20603991752097,6.08028,4.21957,4.28996
2.92453384741349,6.80522303012722,6.18910965476569,6.08028,4.21957,4.28996
2.95863186952566,6.75830126058021,6.17050858476506,6.08028,4.21957,4.28996
3.00473152167539,6.69657500899742,6.14921299113525,6.08028,4.21957,4.36474
3.09882707105981,6.70274210740149,6.12583531144392,6.04069,4.37903,4.36474
3.1219350473833,6.75763481238444,6.09928399649325,6.04069,4.37903,4.36474
3.03656723289367,6.7408230848531,6.07041631258015,6.04069,4.37903,4.36474
3.04159644653937,6.7372379225395,6.03979216830007,6.04069,4.47031,4.44831
2.94521123096097,6.75510267426166,6.00935636978319,5.96591,4.47031,4.44831
2.89978177057671,6.7567763013826,5.98077609810389,5.96591,4.47031,4.44831
2.97228621043071,6.72041406845612,5.95222795131668,5.96591,4.47031,4.44831
2.92741435350162,6.73983291071765,5.92394996327737,5.92632,4.57808,4.46371
2.98751894006604,6.74877910364093,5.89785359612597,5.92632,4.57808,4.46371
3.00539761762332,6.72820464151507,5.87439754373804,5.92632,4.57808,4.46371
3.05681529141902,6.73039147874024,5.85340615728473,5.92632,4.57808,4.39993
3.06272829958627,6.73331218890196,5.83583825652775,6.0022,4.44391,4.39993
3.05002081176801,6.70079920396877,5.82161632239406,6.0022,4.44391,4.39993
3.05069007386539,6.67424423051193,5.81194544322618,6.0022,4.44391,4.39993
3.03268230787334,6.6504885727975,5.80668511207344,6.02639,4.24047,4.34934
3.00443557004164,6.6189266214209,5.80556023476425,6.02639,4.24047,4.34934
2.97038879202844,6.58782746961981,5.8065779866374,6.02639,4.24047,4.34934
2.96255375562181,6.66894980476633,5.8124573700848,6.02639,4.24047,4.38563
2.91615370237636,6.72682765805926,5.82015607210203,6.04399,4.19318,4.38563
2.91711847768661,6.75074632193743,5.83053162447301,6.04399,4.19318,4.38563
2.91155265322045,6.79998956961857,5.84264625390481,6.04399,4.19318,4.38563
2.98125236439859,6.86261878393404,5.8553725539309,6.04399,4.18768,4.48021
3.11702710284021,6.89302452388493,5.86837914132597,6.05059,4.18768,4.48021
3.24114329332815,6.91915174077249,5.88171878492272,6.05059,4.18768,4.48021
3.20884236132785,6.99126730006681,5.89472513197968,6.05059,4.18768,4.48021
3.00228640116297,7.02727850055625,5.90800971752377,5.9912,4.28776,4.4846
2.819951785566,7.03639330147476,5.91974905026336,5.9912,4.28776,4.4846
2.83348027710652,7.09619916874576,5.93199384341713,5.9912,4.28776,4.4846
2.87224714651575,7.10970635948526,5.94451201035732,5.9912,4.28776,4.4846
2.97815746876801,7.10017958997957,5.95448435602419,5.94501,4.41532,4.43732
3.01970808960048,7.08949686174939,5.96485252514471,5.94501,4.41532,4.43732
3.05163585458712,7.07492704962521,5.97246612625902,5.94501,4.41532,4.43732
3.11503787193257,7.04133560666874,5.98059510109337,5.94501,4.32295,4.39443
3.11543137384577,7.04092284082761,5.98799919885609,6.04069,4.32295,4.39443
3.05657769385782,7.13498643312704,5.99649399444584,6.04069,4.32295,4.39443
2.94016051756491,7.14649323329989,6.0041316128078,6.04069,4.32295,4.39443
2.98625535004986,7.15124626603209,6.01180321575664,6.09787,4.14479,4.28336
2.93912925207742,7.18496331816217,6.01819216571517,6.09787,4.14479,4.28336
3.00242537101413,7.21632086675628,6.02325636953528,6.09787,4.14479,4.28336
2.99839972258283,7.21528609317097,6.02753391027419,6.09787,4.14479,4.29985
2.9776130083092,7.22572890558952,6.02975582289997,6.09787,4.1162,4.29985
2.9651823224345,7.2633955974705,6.03053170981517,6.09787,4.1162,4.29985
2.98797461290654,7.2512123162686,6.0282564221322,6.09787,4.1162,4.29985
2.95614538726322,7.23270051536048,6.02393956351087,6.09787,4.23827,4.43182
3.01459521055271,7.25104319678985,6.01712892625981,6.06488,4.23827,4.43182
3.07739118943086,7.20665923635605,6.00784645800422,6.06488,4.23827,4.43182
3.13692130113604,7.1593393253524,5.99685124813393,6.06488,4.23827,4.43182
3.12904033066187,7.10881725102534,5.98596908473415,5.9989,4.42632,4.5121
2.94515123139812,7.04515020100527,5.9746641307422,5.9989,4.42632,4.5121
2.88980500627786,6.96082652815501,5.96224508342572,5.9989,4.42632,4.5121
2.84460768330707,6.97623725270125,5.94818286807486,5.9989,4.42632,4.45381
2.9677647998752,7.0095018166609,5.93210074783666,5.98021,4.4923,4.45381
3.02162444235343,6.97997911141895,5.91605870996134,5.98021,4.4923,4.45381
3.08974691850754,6.96499000382313,5.90149609033212,5.98021,4.4923,4.45381
3.0362587214895,6.97121648506739,5.8888851237185,6.0132,4.32845,4.35484
3.05902060454821,6.96329195019191,5.87870220334027,6.0132,4.32845,4.35484
2.98840879670952,6.92585096296991,5.87183392080964,6.0132,4.32845,4.35484
2.99823386660469,6.93586864918407,5.86862181120603,6.0132,4.32845,4.41532
3.02953872738614,6.93587052868745,5.86917503221992,5.9835,4.21738,4.41532
2.98146184218442,6.91026056326546,5.87078571210212,5.9835,4.21738,4.41532
2.96622788286297,6.90831353231574,5.87632130075874,5.9835,4.21738,4.41532
2.93597886940282,6.91322117682915,5.88430842050165,5.9835,4.25147,4.52639
2.98050272199097,6.87656070061305,5.89611466249632,5.97361,4.25147,4.52639
3.01701199138519,6.84589963124033,5.91067098703748,5.97361,4.25147,4.52639
3.02604005868376,6.81621926920204,5.92684420746543,5.97361,4.25147,4.52639
3.04306051719177,6.76699479660086,5.94322907966656,6.04399,4.28336,4.43402
3.06441962842923,6.74708487994998,5.95867251570361,6.04399,4.28336,4.43402
3.03616231511113,6.816091306048,5.97436460427049,6.04399,4.28336,4.43402
3.04434657584226,6.85779825292266,5.99027023798001,6.04399,4.28336,4.43402
2.98899353844311,6.86142524296164,6.00547266058397,6.06818,4.19648,4.27896
2.86138635754119,6.90304193565158,6.01934058769368,6.06818,4.19648,4.27896
2.93707176515878,6.94522181543325,6.03319494064601,6.06818,4.19648,4.27896
2.98321546376195,6.96496132492227,6.04328428870118,6.06818,4.20528,4.34274
3.03887591755375,6.96268177915512,6.05151455903678,6.02199,4.20528,4.34274
3.06421189902149,7.01384903020559,6.0564010466546,6.02199,4.20528,4.34274
3.04118837505742,7.0234374977325,6.06000356874538,6.02199,4.20528,4.34274
3.01705393508181,7.01574659878201,6.06124314627534,6.0154,4.30315,4.44282
2.98424536312063,7.0469723408081,6.06176240549661,6.0154,4.30315,4.44282
2.93765712979335,7.0191115340981,6.05937614071601,6.0154,4.30315,4.44282
3.00707314567725,6.98147816518851,6.05655528316749,6.0154,4.30315,4.41422
3.07282356897072,6.94337668100062,6.05171929562023,6.02859,4.32405,4.41422
3.0942714965496,6.89696740695663,6.04584833609923,6.02859,4.32405,4.41422
3.04836150345005,6.83294838395801,6.04109604933302,6.02859,4.32405,4.41422
2.9562704451652,6.80803746613036,6.03753290855307,6.02859,4.35924,4.36804
2.86928386613639,6.86505793773309,6.0369999451832,5.96151,4.35924,4.36804
2.84574247318607,6.85300024350173,6.03654899713982,5.96151,4.35924,4.36804
3.02881411332889,6.83768610846083,6.03648418295478,5.96151,4.35924,4.36804
3.0747930130738,6.84998152382962,6.03779055617485,5.94391,4.40652,4.43622
3.04226150423029,6.85467576244596,6.03981178592745,5.94391,4.40652,4.43622
3.00738777521079,6.83358215699718,6.04291148225269,5.94391,4.40652,4.43622
3.04908215866525,6.83120352327483,6.049050034645,5.94391,4.40652,4.4934
3.03283305039397,6.85018720527862,6.05732140555785,5.95821,4.35704,4.4934
3.07155308648723,6.83712076645167,6.06792565458046,5.95821,4.35704,4.4934
3.04966134528472,6.83393602990613,6.08123110115702,5.95821,4.35704,4.4934
3.00090679572351,6.8558094840682,6.09592118075553,5.94501,4.34494,4.40323
2.93302130213601,6.82938504104478,6.11136845460886,5.94501,4.34494,4.40323
2.90583289349532,6.80479606979271,6.12757787261292,5.94501,4.34494,4.40323
2.87533440140888,6.78436380238788,6.14608928510587,5.94501,4.34494,4.20418
2.9309401386814,6.75816901907631,6.16629508093987,6.04179,4.29875,4.20418
2.96199522710539,6.72805920962453,6.18572736967728,6.04179,4.29875,4.20418
3.04977865429724,6.7754903128768,6.20530180588182,6.04179,4.29875,4.20418
3.1779657326077,6.8569090250967,6.22400632968769,6.04179,4.17999,4.14919
3.24427076981686,6.87774162372502,6.24088095368023,6.11437,4.17999,4.14919
3.19737851762282,6.91533441032875,6.25638494650034,6.11437,4.17999,4.14919
2.93950194481809,6.97107928682059,6.26984646155744,6.11437,4.17999,4.14919
2.78702594762128,7.01191192818105,6.28121575750045,6.09348,4.1272,4.28556
2.78283226535284,7.01282163276411,6.28914863234054,6.09348,4.1272,4.28556
2.82527335359111,7.06533102373265,6.29380692761185,6.09348,4.1272,4.28556
2.95208006163676,7.09993006710665,6.29416021442459,6.09348,4.1272,4.28556
3.11944404370042,7.10632630213687,6.28929050689678,6.04509,4.17999,4.45821
3.16453031925574,7.11697601891795,6.28327177617326,6.04509,4.17999,4.45821
3.13742529307918,7.12249392161071,6.27629314211995,6.04509,4.17999,4.45821
3.10864011505858,7.08907295770322,6.26710107403774,6.04509,4.25587,4.58358
3.05134444399701,7.05386952382919,6.25538226425822,5.94721,4.25587,4.58358
2.87227523448228,7.01300587638586,6.24305581744029,5.94721,4.25587,4.58358
2.8763848630419,6.95585566844236,6.22822071602129,5.94721,4.25587,4.58358
2.97636359123959,6.90030745751183,6.21350502254491,5.91972,4.31305,4.54949
2.98551258229081,6.94024899297094,6.19911674691909,5.91972,4.31305,4.54949
2.93725214499602,6.9579313552561,6.18510471878052,5.91972,4.31305,4.54949
3.01982822993276,6.93597556672613,6.17069229272869,5.91972,4.31305,4.39113
3.05467356557387,6.93605981732145,6.15737069692304,5.97251,4.31635,4.39113
3.09068704542317,6.94905831844597,6.14322607324835,5.97251,4.31635,4.39113
3.07259516345986,6.93110417171499,6.13017758995537,5.97251,4.31635,4.39113
3.01199751282136,6.91611153846604,6.11870686834428,5.97251,4.26466,4.29106
2.97565883094483,6.94630661793908,6.10757411792441,6.03629,4.26466,4.29106
2.9266086850147,6.94538372028109,6.09701001567392,6.03629,4.26466,4.29106
2.9534833678256,6.92163944325361,6.08869139440034,6.03629,4.26466,4.29106
2.95408099110186,6.94962291472296,6.08189886162166,6.05499,4.22947,4.32625
2.99219125885803,6.93856784857649,6.07426104508744,6.05499,4.22947,4.32625
3.07293478499904,6.91236529478683,6.0653110178723,6.05499,4.22947,4.32625
3.09639798546993,6.89065414166394,6.05382785834686,6.05499,4.22947,4.41422
3.02313122122383,6.86311025593251,6.04111082938379,6.04399,4.24487,4.41422
2.97341455854267,6.82544844994008,6.02729208633819,6.04399,4.24487,4.41422
2.96410069279013,6.8353209260678,6.0144465793944,6.04399,4.24487,4.41422
2.93393777879352,6.92946204183641,6.0024415552795,6.0044,4.21188,4.44282
3.02513396758665,6.9508939090121,5.99100952630169,6.0044,4.21188,4.44282
3.06361450134987,6.96935135491613,5.98031984377772,6.0044,4.21188,4.44282
3.03807255485238,7.01647245886639,5.9702462514562,6.0044,4.21188,4.44391
2.98074266890292,7.05243317320746,5.95782297916551,5.9989,4.17559,4.44391
2.97347061696822,7.05867399354396,5.94535193030882,5.9989,4.17559,4.44391
2.92208518696945,7.07898668871277,5.93434083676956,5.9989,4.17559,4.44391
2.98737385474413,7.1221306569957,5.92373874614105,5.9989,4.06672,4.54839
3.05564743758099,7.11831100773975,5.91289626099898,6.06048,4.06672,4.54839
3.0099017096084,7.10953670829017,5.90313885437172,6.06048,4.06672,4.54839
3.01209918765531,7.13122888241774,5.89422889133476,6.06048,4.06672,4.54839
3.09687713155107,7.09324970019986,5.88589857708104,6.04949,4.10301,4.56158
3.062079516234,7.05369242615225,5.87895099374171,6.04949,4.10301,4.56158
3.03503568062751,7.01084956130927,5.87253895214929,6.04949,4.10301,4.56158
2.9492702768413,6.95762600692931,5.86625930058102,6.04949,4.10301,4.56158
2.8163802269737,6.88757374181985,5.86008292377305,6.0099,4.29985,4.4857
2.88798514049886,6.91469560702275,5.85415962698124,6.0099,4.29985,4.4857
2.96368803136817,6.94995331307183,5.84806738340452,6.0099,4.29985,4.4857
3.0805231606239,6.93059166374667,5.84193205096192,6.0099,4.35594,4.45161
3.14873577171154,6.92028239061679,5.83524592363143,5.9945,4.35594,4.45161
3.15350759853461,6.93613519164613,5.82816600367191,5.9945,4.35594,4.45161
3.07203619409141,6.93482446213403,5.82088929303937,5.9945,4.35594,4.45161
2.94391717359185,6.90810026819485,5.81306392114209,6.0176,4.23387,4.42632
2.883252358617,6.92683762646611,5.80463201480975,6.0176,4.23387,4.42632
2.94653383545924,6.93066792118068,5.79474516378748,6.0176,4.23387,4.42632
2.97065971537981,6.91159060098615,5.78549406802546,6.0176,4.23387,4.38013
2.97248214133942,6.90634383661551,5.77699270783685,6.0176,4.18548,4.38013
3.0236998758649,6.9097684738058,5.76997759820791,6.0176,4.18548,4.38013
3.0258479701706,6.87016030640885,5.7634562681357,6.0176,4.18548,4.38013
3.02802612374596,6.83455585510489,5.75939489748758,6.0176,4.26246,4.39333
3.00197537132252,6.79699423980068,5.75606825803434,5.97801,4.26246,4.39333
3.03512200881067,6.73866704813177,5.75471089680225,5.97801,4.26246,4.39333
3.01860585377215,6.71181688862889,5.75666647768371,5.97801,4.26246,4.39333
2.98842918447492,6.77079228384412,5.7612675225387,5.94282,4.35924,4.47251
3.01529099728327,6.80161847394871,5.76811329457893,5.94282,4.35924,4.47251
3.00553718206615,6.79293659097042,5.77810671636339,5.94282,4.35924,4.47251
3.01516305394063,6.82224745812295,5.7906828848659,5.94282,4.35924,4.42412
3.00697277807585,6.85268920614694,5.80570155696921,5.97141,4.38453,4.42412
2.94068657994698,6.85993210598529,5.82197738909003,5.97141,4.38453,4.42412
2.95531885971431,6.8558976667481,5.83712164654398,5.97141,4.38453,4.42412
3.04106272399794,6.90303419668299,5.85325476356908,6.03409,4.26356,4.34384
3.03646796368328,6.90961829979097,5.87045796401826,6.03409,4.26356,4.34384
2.9894978946243,6.9047303050954,5.88887632987771,6.03409,4.26356,4.34384
2.98954061823618,6.94649851566077,5.90772225775777,6.03409,4.26356,4.42412
3.01091808834403,6.92909365175115,5.92671546175771,6.02089,4.20088,4.42412
3.01407115676628,6.9052117587832,5.94504963560756,6.02089,4.20088,4.42412
3.03688306922254,6.88454811876406,5.96238932966674,6.02089,4.20088,4.42412
3.00297624757564,6.85651222387048,5.97855601642245,6.02089,4.30535,4.5
3.00585705617484,6.8174533110378,5.99523781818997,5.9835,4.30535,4.5
2.95398744670296,6.82258774463111,6.01152991297998,5.9835,4.30535,4.5
2.94846528661845,6.90435182287353,6.02639464719108,5.9835,4.30535,4.5
2.99529779989536,6.92037244385051,6.04081251732028,6.0143,4.32955,4.44501
3.05700712115526,6.93373910941822,6.05406323145466,6.0143,4.32955,4.44501
3.06220781117817,6.97384122528281,6.06761636706694,6.0143,4.32955,4.44501
3.03117791079737,7.00680390636797,6.08045523561473,6.0143,4.32955,4.44501
3.03949078721517,7.01108261526459,6.09432486824415,6.05059,4.17999,4.30205
2.98522536772792,7.03495712773415,6.10830890758068,6.05059,4.17999,4.30205
2.91874338118918,7.06987793943258,6.12244292190149,6.05059,4.17999,4.30205
2.92108245875071,7.07247516525134,6.13618852965839,6.05059,4.16789,4.27786
2.99331322777801,7.0753301099635,6.14975983728482,6.0132,4.16789,4.27786
3.05426549521311,7.09209833664402,6.16260180062191,6.0132,4.16789,4.27786
3.03646707063941,7.06160352246542,6.1745091549902,6.0132,4.16789,4.27786
2.98620143301816,7.02736803793131,6.18461388796077,6.0077,4.24597,4.39883
2.97425839633356,6.99122899322936,6.1933434357587,6.0077,4.24597,4.39883
2.9980744648965,6.9417524340483,6.20120698833206,6.0077,4.24597,4.39883
3.07475425322715,6.88532404951626,6.20998066306103,6.0077,4.24597,4.42852
3.10461483956143,6.90578259644725,6.21814579258434,5.9846,4.36144,4.42852
3.07652332784046,6.95302479423831,6.22499507785753,5.9846,4.36144,4.42852
2.96453980852382,6.93947566941633,6.22944115112933,5.9846,4.36144,4.42852
2.88018022830737,6.93815187655116,6.23247338479233,5.9846,4.41532,4.36694
2.86821326939586,6.95746120121068,6.23464694673347,5.97471,4.41532,4.36694
2.9014150177365,6.95329595231569,6.23504378339536,5.97471,4.41532,4.36694
3.02390278780545,6.92600195015898,6.23604745253235,5.97471,4.41532,4.36694
3.08544007100858,6.95172680418382,6.23746598220148,5.94941,4.36804,4.33065
3.13558778300793,6.96199679291193,6.2383027814248,5.94941,4.36804,4.33065
3.09870644454915,6.95121507857349,6.2382042405879,5.94941,4.36804,4.33065
3.06125266443969,6.95650254690267,6.23780367753376,5.94941,4.36804,4.38893
2.95849335636418,6.95986553367959,6.23659402937906,5.96921,4.29106,4.38893
2.94394671263318,6.9308735719444,6.23550621990587,5.96921,4.29106,4.38893
2.8972865596976,6.90753569303129,6.23591151643867,5.96921,4.29106,4.38893
2.89309797766834,6.88261188126879,6.23646301253325,5.9901,4.21188,4.35484
2.9590373466064,6.84654738227517,6.23696191797547,5.9901,4.21188,4.35484
3.04000503156464,6.82580897110632,6.23739999918387,5.9901,4.21188,4.35484
3.09546318292876,6.90166079663486,6.23897248359207,5.9901,4.21188,4.34164
3.21098011338145,6.95197124576342,6.24283165771353,5.9879,4.19758,4.34164
3.11355960783933,6.96876208991397,6.24690094543914,5.9879,4.19758,4.34164
2.93004054511901,7.01291250597035,6.25030659944373,5.9879,4.19758,4.34164
2.78697832993985,7.06040442139735,6.25270255947935,5.9879,4.17339,4.35044
2.84868187136173,7.07296378673094,6.25497413292327,6.0055,4.17339,4.35044
2.93810828637352,7.09158773298456,6.25809066760525,6.0055,4.17339,4.35044
3.04621052110267,7.1489362292732,6.26032019440697,6.0055,4.17339,4.35044
3.1990729623409,7.16969997088331,6.2629177911281,5.9923,4.14919,4.36144
3.20871726191206,7.16759707767609,6.26357300004927,5.9923,4.14919,4.36144
3.05347806935174,7.20690586453798,6.26104955651984,5.9923,4.14919,4.36144
2.89570132591369,7.20304863975073,6.25633356714152,5.9923,4.14919,4.36144
2.83749163860192,7.18039731081418,6.24957620591987,6.0066,4.14699,4.43072
2.86664935443894,7.15721641963017,6.24161821850893,6.0066,4.14699,4.43072
3.00710679288863,7.12640031820946,6.23198900678296,6.0066,4.14699,4.43072
3.07947163541291,7.08142909771855,6.22107362112834,6.0066,4.16349,4.48021
3.05050243852715,7.08374863015319,6.20914866922213,6.0,4.16349,4.48021
3.04968225841816,7.16048498671555,6.1961509441745,6.0,4.16349,4.48021
3.04169797820595,7.16396729693988,6.18105929191887,6.0,4.16349,4.48021
3.05334352418855,7.16368276435245,6.16464700864313,6.0,4.18658,4.42412
3.03109104790179,7.19303020015423,6.14660203085454,6.0,4.18658,4.42412
2.90433816241623,7.21007664847742,6.1272042285066,6.0,4.18658,4.42412
2.8659915144878,7.20132320655346,6.10575394657111,6.0,4.18658,4.34274
2.91698683080717,7.21119202222726,6.08256443413648,6.04949,4.14589,4.34274
3.05920699625998,7.23767156924868,6.05744126141092,6.04949,4.14589,4.34274
3.13249266342871,7.2199848293106,6.03273965606641,6.04949,4.14589,4.34274
3.08446238399774,7.20163837898631,6.00794087424693,6.04949,4.07441,4.36804
3.0886088986206,7.21573017797826,5.9815306945814,6.05718,4.07441,4.36804
2.9731550898004,7.1694439287017,5.95342115535697,6.05718,4.07441,4.36804
2.88976876031398,7.12311458378328,5.92360851327834,6.05718,4.07441,4.36804
2.92760007667934,7.0735282565109,5.89363763036966,5.9956,4.1338,4.4813
2.975851072831,7.00579103538756,5.86294961319209,5.9956,4.1338,4.4813
2.98454689171821,6.93824225027969,5.83370041321958,5.9956,4.1338,4.4813
3.00259249289575,6.96412848406198,5.80564733181858,5.9956,4.1338,4.55169
3.02571245908518,6.99468614671188,5.77808191658049,5.96261,4.23717,4.55169
3.08002969227304,6.97339502914878,5.75148017980846,5.96261,4.23717,4.55169
3.05861513777403,6.96321541801948,5.72627647089531,5.96261,4.23717,4.55169
3.04031824882506,6.97297923354922,5.70183993956868,5.95161,4.29326,4.5099
3.01118622217527,6.96429984764415,5.68021839227391,5.95161,4.29326,4.5099
2.99769084089125,6.93700666174741,5.66089326164637,5.95161,4.29326,4.5099
2.96924606463641,6.95236121340547,5.64392768611345,5.95161,4.29326,4.43402
2.8946187138143,6.95285743799922,5.63118048813183,5.97581,4.23937,4.43402
2.90664011738197,6.93332283233344,5.62190141016827,5.97581,4.23937,4.43402
2.98775022419968,6.93203016775973,5.61627437743506,5.97581,4.23937,4.43402
3.0660346482956,6.93445477096336,5.61546103084753,5.97581,4.16239,4.41422
3.10952135196562,6.89765543545333,5.61458934455409,5.97801,4.16239,4.41422
3.0770965396191,6.86617026345399,5.61557048744812,5.97801,4.16239,4.41422
3.04648372634674,6.83244384246968,5.61884026927021,5.97801,4.16239,4.41422
2.93330346787179,6.77896029915337,5.62539399822945,6.0121,4.08541,4.4835
2.95178666674263,6.76427474264133,5.63330091590319,6.0121,4.08541,4.4835
2.9459586163604,6.82858776107705,5.643280336574,6.0121,4.08541,4.4835
2.9850444463022,6.86720954581461,5.65609738694058,6.0121,4.08541,4.4835
2.99989084538001,6.86940914654415,5.66881259721598,5.9868,4.114,4.59238
3.05581883439267,6.90607813586854,5.68168599658231,5.9868,4.114,4.59238
3.10077860705238,6.94169476838979,5.69539132503957,5.9868,4.114,4.59238
3.04284504643503,6.95587387755061,5.70960444593624,5.9868,4.18658,4.63526
2.92816823916931,6.95905963662269,5.72286058045822,5.95931,4.18658,4.63526
2.88946163393989,7.01032612372269,5.73700576398018,5.95931,4.18658,4.63526
2.88549365616216,7.02172881644899,5.7512626795741,5.95931,4.18658,4.63526
3.0185442226582,7.02167762764885,5.76584486509688,5.97911,4.15909,4.52529
3.1556399845495,7.06407765901788,5.78031606339374,5.97911,4.15909,4.52529
3.14457011058232,7.04612408887624,5.79452583620717,5.97911,4.15909,4.52529
3.0779173529676,7.0222379961387,5.80805115552835,5.97911,4.15909,4.42632
2.99615082243431,6.99933414090079,5.82126977169173,6.02199,4.06562,4.42632
2.81172736696108,6.96587667751598,5.83401663906645,6.02199,4.06562,4.42632
2.89459586479988,6.93073091474678,5.84600638604103,6.02199,4.06562,4.42632
2.98334207098444,6.93756068100864,5.85694248031851,6.02199,4.04142,4.38563
3.00930021580128,7.00906881300606,5.86696691623227,6.05059,4.04142,4.38563
2.98546779649243,7.01320082195011,5.87727375151524,6.05059,4.04142,4.38563
3.11998469056838,7.01636285175483,5.88692765376544,6.05059,4.04142,4.38563
3.1125164962428,7.04609929356656,5.89608256854538,6.05828,4.1426,4.34714
3.01746872198462,7.0670510300296,5.90443530852716,6.05828,4.1426,4.34714
3.01057029867917,7.0580080393555,5.91032764017942,6.05828,4.1426,4.34714
2.97043943594887,7.06868367754659,5.91547964214645,6.05828,4.1426,4.36254
2.91387204790017,7.08669634526446,5.91913394425348,6.02969,4.21518,4.36254
2.90524489448579,7.07189552690831,5.92165520552931,6.02969,4.21518,4.36254
3.03381097102849,7.05664584953845,5.92364827762213,6.02969,4.21518,4.36254
3.0517013057179,7.05452837581627,5.92577978893637,5.97581,4.25806,4.42082
3.02817899562372,7.00586743049108,5.92766576055709,5.97581,4.25806,4.42082
3.02716978027101,6.95357500951025,5.92936377290786,5.97581,4.25806,4.42082
2.99927900831249,6.89819082871173,5.92982312031135,5.97581,4.25806,4.44282
2.98029586962441,6.83000934163012,5.92963425163064,5.9857,4.25916,4.44282
2.98163396301475,6.76670738008806,5.92796077104912,5.9857,4.25916,4.44282
2.98719584291696,6.77198277518458,5.92679408858658,5.9857,4.25916,4.44282
3.04451687670182,6.80110902103121,5.92745247274861,5.9857,4.17559,4.47801
3.03004062938605,6.77703851463046,5.92957950690355,5.9989,4.17559,4.47801
3.00913143078319,6.76712461977952,5.93247126113452,5.9989,4.17559,4.47801
3.03179591894292,6.77733489911087,5.9360717873577,5.9989,4.17559,4.47801
2.97794088996563,6.76891931250434,5.93795279120101,5.97251,4.19978,4.48021
2.98908054403161,6.73788483234287,5.94136525379743,5.97251,4.19978,4.48021
2.94402447617669,6.76151187507124,5.94648349475476,5.97251,4.19978,4.48021
2.95461254678153,6.76837385041285,5.95298292465308,5.97251,4.19978,4.48021
2.99045126429406,6.75601974572987,5.96008840284035,5.96921,4.23607,4.39333
3.0091970379608,6.75912878724153,5.96853193652965,5.96921,4.23607,4.39333
3.03716667844028,6.7651529291633,5.97725690053021,5.96921,4.23607,4.39333
3.1050978673087,6.73753828099938,5.98484708885056,5.96921,4.136,4.33724
3.08978080766867,6.71631255448025,5.99290575836557,6.0066,4.136,4.33724
2.99313612570855,6.6916520376021,6.00063051026119,6.0066,4.136,4.33724
2.95925213541735,6.66130099263454,6.00791709094101,6.0066,4.136,4.33724
2.9334943463066,6.64785999594962,6.01386550034388,6.0066,4.08211,4.41312
2.93351354024016,6.72299891789966,6.01954154393602,6.0066,4.08211,4.41312
2.95226284423035,6.76913614414349,6.02395396500009,6.0066,4.08211,4.41312
3.01843977264942,6.78663524945298,6.02703540793323,6.0066,4.08211,4.44391
3.05558230807197,6.82742465999693,6.02852488363592,6.0154,4.1371,4.44391
3.06737044257894,6.87340566692516,6.02803439352555,6.0154,4.1371,4.44391
3.01397184911174,6.88368348188191,6.02594794477586,6.0154,4.1371,4.44391
2.95504647114895,6.89989539672438,6.02230009080714,6.0154,4.1371,4.42632
2.98277339800201,6.95339228322519,6.01707148865131,6.0077,4.1371,4.42632
3.04550411752286,6.97319275778555,6.01056777756546,6.0077,4.1371,4.42632
3.04589864900293,6.96529787787877,6.00298069089815,6.0077,4.1371,4.42632
3.03453673650401,6.99440604527893,5.99312228225864,5.9824,4.17559,4.41972
3.03320080825825,6.97886218586935,5.98286626156186,5.9824,4.17559,4.41972
2.91660991018204,6.95118158365524,5.97151736604235,5.9824,4.17559,4.41972
2.88509437307826,6.92287255426882,5.95986886041947,5.9824,4.17559,4.40433
2.94046989494672,6.88749016349477,5.94717731813339,5.95051,4.25477,4.40433
3.03759013239879,6.84106819899743,5.93527644445097,5.95051,4.25477,4.40433
3.07256919016802,6.84222482365118,5.92355117314091,5.95051,4.25477,4.40433
3.10221229239054,6.91325791366293,5.91150742470351,5.93622,4.29545,4.37463
3.0652751207389,6.91072272372433,5.90050887216403,5.93622,4.29545,4.37463
2.98600590609634,6.90778201260914,5.89178599195076,5.93622,4.29545,4.37463
2.95369913701408,6.93536336780076,5.88559820249279,5.93622,4.29545,4.36144
2.97160830055858,6.9476522257103,5.8810348121552,5.94062,4.25806,4.36144
2.95447652392368,6.93733080688907,5.87838350112597,5.94062,4.25806,4.36144
2.96607603893476,6.94983779513701,5.87642876946767,5.94062,4.25806,4.36144
3.01284712127912,6.97664579762348,5.8768374154922,5.94062,4.16019,4.39443
3.03234934522937,6.96469223742054,5.87961179037226,5.96371,4.16019,4.39443
3.04319186817069,6.95211668159398,5.88600973775444,5.96371,4.16019,4.39443
3.01275412795486,6.96894068830985,5.89612737831185,5.96371,4.16019,4.39443
3.01649529837388,6.93236112303211,5.91039640375675,5.96481,4.1162,4.47581
2.97065885919384,6.89758647210192,5.925745347758,5.96481,4.1162,4.47581
2.997934164119,6.86192104099022,5.94131627618128,5.96481,4.1162,4.47581
3.01544774587348,6.81336825052114,5.95736367723353,5.96481,4.1162,4.47581
2.99655783810856,6.77017215644469,5.97490638887739,6.03739,4.1074,4.5143
3.00365649431922,6.81758464519887,5.99438248562324,6.03739,4.1074,4.5143
3.03752101438514,6.85985615040972,6.01241474949935,6.03739,4.1074,4.5143
2.96092689131277,6.85718036591113,6.02864277338584,6.03739,4.1074,4.37573
2.94108369615319,6.86908724320547,6.04249375431786,6.07368,4.1074,4.37573
3.03143673416937,6.89947424665441,6.05357135878978,6.07368,4.1074,4.37573
3.07303551755401,6.90966643235597,6.06299439177969,6.07368,4.1074,4.37573
3.07080771259961,6.90144145825176,6.07219824466435,6.0055,4.1382,4.34604
3.01685487666194,6.93589708365113,6.08019137619158,6.0055,4.1382,4.34604
2.92007650254532,6.94976215562146,6.08666505814253,6.0055,4.1382,4.34604
2.84444490469269,6.94046574356591,6.08978269930044,6.0055,4.1382,4.47141
2.94546082945893,6.94367192514042,6.09003513928171,5.95051,4.18109,4.47141
3.04472616383066,6.94464702107263,6.08899885486978,5.95051,4.18109,4.47141
3.13718277925984,6.90839926222541,6.08914624560255,5.95051,4.18109,4.47141
3.15246400404278,6.87398637784963,6.08961380151704,5.95051,4.21078,4.53849
3.08110660529763,6.83610457724487,6.09138977981167,5.90213,4.21078,4.53849
2.89540322274776,6.77708099085627,6.09252456587721,5.90213,4.21078,4.53849
2.86746235670615,6.75530141918451,6.09258051682293,5.90213,4.21078,4.53849
2.93812225978689,6.81122272857029,6.09397000437461,5.96041,4.22067,4.47691
3.05206286443127,6.82919954916139,6.09505082753728,5.96041,4.22067,4.47691
3.11057954484907,6.81665189912832,6.09829589587774,5.96041,4.22067,4.47691
2.94801290403275,6.83776379986908,6.10440627293078,5.96041,4.22067,4.37243
2.87774354828809,6.86111713311616,6.11295902243581,5.9923,4.18658,4.37243
2.9778775566213,6.86093981666517,6.12250690806062,5.9923,4.18658,4.37243
3.05398989140257,6.85366454269949,6.13120067662128,5.9923,4.18658,4.37243
3.14024770651859,6.89132762774083,6.13994781403721,5.9934,4.18548,4.32295
3.14935685546643,6.8950406004637,6.14977796858184,5.9934,4.18548,4.32295
3.02304355031631,6.88597705681254,6.1584102652135,5.9934,4.18548,4.32295
2.85299883557149,6.91683171692278,6.1649648772184,5.9934,4.18548,4.34164
2.74956996284,6.89027116913871,6.1700171799154,6.01979,4.15469,4.34164
2.89585692721111,6.86085207372709,6.17494464546592,6.01979,4.15469,4.34164
3.12285961750422,6.8339865916373,6.17909645788978,6.01979,4.15469,4.34164
3.27762382482581,6.79486291989418,6.18174482278732,6.01979,4.10191,4.46151
3.21341236906879,6.76077845128564,6.18153121756136,5.9868,4.10191,4.46151
3.05370536787064,6.7658764849379,6.17627371311408,5.9868,4.10191,4.46151
2.76771508504488,6.83632491417507,6.16918064960194,5.9868,4.10191,4.46151
2.6979898986004,6.8402273430545,6.16239173688557,5.97031,4.03812,4.5154
2.85974206982913,6.84771505886739,6.15856173953855,5.97031,4.03812,4.5154
2.96944766436994,6.87900441029989,6.15119024575625,5.97031,4.03812,4.5154
3.18181969996059,6.89863470916749,6.14147446579822,5.97031,4.03812,4.5154
3.3001583615418,6.88961446612597,6.12854585180127,5.96701,3.99304,4.52089
3.17668674233394,6.90454594499689,6.11423668178852,5.96701,3.99304,4.52089
2.96891209231451,6.92795419705696,6.10020348467729,5.96701,3.99304,4.52089
2.84932700654686,6.92591323195354,6.08817889474022,5.96701,3.98754,4.52529
2.90537617744443,6.91859471671798,6.07807987711794,5.97471,3.98754,4.52529
2.94955558675778,6.9196002349621,6.06599798993869,5.97471,3.98754,4.52529
2.94770045375754,6.88172678369633,6.05218980528449,5.97471,3.98754,4.52529
2.9652753060369,6.84386041746782,6.03866621326723,5.9978,4.03152,4.47911
3.00984221715232,6.8033480364079,6.02524429846754,5.9978,4.03152,4.47911
3.12362414917609,6.75550783534695,6.0099446994784,5.9978,4.03152,4.47911
3.10378491504825,6.71209689247414,5.99559828716776,5.9978,4.03152,4.44172
3.0124244160241,6.73592033038303,5.98371099155576,6.0099,4.00513,4.44172
2.90145593895332,6.77862151256882,5.97155548532515,6.0099,4.00513,4.44172
2.87055957391677,6.76925823583702,5.95452614864624,6.0099,4.00513,4.44172
3.04850286309858,6.77673446928233,5.93580507594819,6.0099,4.04802,4.45931
3.23815615829335,6.80131182309216,5.91669008542757,5.97581,4.04802,4.45931
3.21023642485573,6.80743327694438,5.89921902023952,5.97581,4.04802,4.45931
2.76287122675243,6.79062612529829,5.88228247897697,5.97581,4.04802,4.45931
2.70513354147105,6.82160302420936,5.86489135422677,5.9879,4.06342,4.4945
2.85765611368458,6.8365676845976,5.84495063224689,5.9879,4.06342,4.4945
3.06807259810111,6.82896146689665,5.8238038550703,5.9879,4.06342,4.4945
3.22971431687468,6.83081038489815,5.80410158451016,5.9879,4.06342,4.52969
3.24887691364169,6.82651762753835,5.78378421828347,5.9989,4.00843,4.52969
3.08289601011908,6.79275087914067,5.76624989258418,5.9989,4.00843,4.52969
2.90719865992411,6.76231406419406,5.75211511684557,5.9989,4.00843,4.52969
2.86563307571238,6.72753053125869,5.73967135853374,5.9868,4.01173,4.5143
2.87435321523176,6.6874718633344,5.72753054483979,5.9868,4.01173,4.5143
2.89164190426051,6.65885113983112,5.71526481972552,5.9868,4.01173,4.5143
2.89098908557607,6.71447188299845,5.70469328459972,5.9868,4.01173,4.4967
3.14467841622958,6.74143418184453,5.69778866021764,5.90762,4.07001,4.4967
3.31024461722529,6.74033495539654,5.69427385150784,5.90762,4.07001,4.4967
3.12164689338738,6.76135151461718,5.69223607492498,5.90762,4.07001,4.4967
2.84515566476876,6.788759623305,5.6913291408123,5.90762,4.09641,4.54729
2.86241775916691,6.78098373512668,5.69032308310455,5.88123,4.09641,4.54729
2.93650942542549,6.78150993519785,5.69028745588433,5.88123,4.09641,4.54729
3.04027035621755,6.81944807207653,5.69177518812577,5.88123,4.09641,4.54729
3.04668661204972,6.83428877175797,5.69324041204536,6.0055,4.00513,4.55499
2.98863719129447,6.81102384354481,5.69290789124103,6.0055,4.00513,4.55499
3.0141777989572,6.83090096204386,5.69263820544243,6.0055,4.00513,4.55499
3.06743173887751,6.80962685064659,5.69289699473353,6.0055,4.00513,4.55499
3.04433302924382,6.77825665103961,5.69358103873338,6.05718,3.93255,4.4835
2.96858624148476,6.74810668645663,5.69002883609545,6.05718,3.93255,4.4835
2.99693386953246,6.71092275575552,5.68550530622058,6.05718,3.93255,4.4835
2.95152444606018,6.67576121598073,5.68033933908187,6.05718,3.98314,4.4857
2.92043352394202,6.67889343220814,5.6755437589141,5.9978,3.98314,4.4857
2.93021185854454,6.75057063880091,5.67178495587969,5.9978,3.98314,4.4857
2.9838661208921,6.75467602320128,5.67003616370179,5.9978,3.98314,4.4857
3.0798978548772,6.75624684176856,5.66920915207067,5.94721,4.1261,4.56598
3.21180839619843,6.7879157462964,5.66900155960832,5.94721,4.1261,4.56598
3.17713532768405,6.8030449796684,5.67023782899792,5.94721,4.1261,4.56598
2.9714556321889,6.79510270584365,5.67284958048751,5.94721,4.1261,4.52969
2.83585789465972,6.8065355416324,5.67766926772984,5.91532,4.17229,4.52969
2.7400548277079,6.83996388230872,5.68339964464195,5.91532,4.17229,4.52969
2.94291853444666,6.83049379865793,5.69460735704527,5.91532,4.17229,4.52969
3.13673291924466,6.81321090326637,5.71035682613132,5.91532,4.1437,4.44941
3.15265753311868,6.82774287660581,5.72976260060138,5.91532,4.1437,4.44941
3.07003635855755,6.79011561940155,5.74848064678196,5.91532,4.1437,4.44941
2.99560628237341,6.75491800541896,5.76807306225532,5.91532,4.1437,4.44941
2.89575639920994,6.71724474531049,5.79069071145449,5.96921,4.1096,4.45271
2.86980431185016,6.67247935896342,5.81563283848288,5.96921,4.1096,4.45271
3.02837903851208,6.63473938163566,5.84064018018435,5.96921,4.1096,4.45271
3.131453886936,6.67805985554965,5.86452890941382,5.96921,4.1096,4.52969
3.0543781031149,6.71803253870717,5.88783568739834,6.0143,4.05792,4.52969
2.9899271417126,6.71633697918755,5.91077419603792,6.0143,4.05792,4.52969
2.96132430881591,6.72645071272075,5.93215432172384,6.0143,4.05792,4.52969
2.99732620468868,6.7584377824673,5.95180969320999,5.9813,4.04142,4.56708
3.02755138652572,6.77147915187865,5.9700696002266,5.9813,4.04142,4.56708
3.0272692500851,6.76265467911438,5.98498499974821,5.9813,4.04142,4.56708
2.96613608425279,6.79732376574871,5.99757771693657,5.9813,4.04142,4.5143
2.9105878107311,6.82386961255693,6.0094070734638,5.92412,4.10301,4.5143
2.95166041475237,6.81872758622386,6.01898110028215,5.92412,4.10301,4.5143
3.03964234551036,6.82137755074065,6.02492673790124,5.92412,4.10301,4.5143
3.11032883651949,6.82455286649786,6.02743981920811,5.92412,4.1228,4.44501
2.99289344727858,6.79300103580907,6.02774252942449,5.9967,4.1228,4.44501
3.02226700576957,6.76342502220954,6.02588212407412,5.9967,4.1228,4.44501
2.9814184221177,6.7298930935503,6.02188929016643,5.9967,4.1228,4.44501
3.00021234744928,6.68593995248751,6.01436146357802,6.06048,4.05902,4.39333
3.10036042195339,6.66941895282097,6.004626492422,6.06048,4.05902,4.39333
3.01610415775854,6.7281001694629,5.99502380426323,6.06048,4.05902,4.39333
2.90308997023575,6.74761367113871,5.98476076927671,6.06048,4.05902,4.39333
2.92248940033209,6.7348096683605,5.97329047517721,6.05499,4.08211,4.43402
2.97268639465141,6.7532905413407,5.96138765670727,6.05499,4.08211,4.43402
2.99318899357782,6.77352414782115,5.94877077913294,6.05499,4.08211,4.43402
3.00538322645591,6.7709912296784,5.93573125676086,6.05499,4.1206,4.56378
3.07317125021725,6.75929272400972,5.9241530366321,5.97141,4.1206,4.56378
3.03338083942508,6.79193272607124,5.91635251825098,5.97141,4.1206,4.56378
2.99823608086241,6.79731499483685,5.90776802306967,5.97141,4.1206,4.56378
3.09097792181927,6.77271533376405,5.89853111823009,5.92302,4.17009,4.63306
3.14616954128813,6.78893755262998,5.88974313525275,5.92302,4.17009,4.63306
2.98671701828379,6.75287566169318,5.88115144607751,5.92302,4.17009,4.63306
2.8071411161791,6.71363534649209,5.87310273597284,5.92302,4.17009,4.55389
2.76416667766791,6.67715041115838,5.86839411154737,5.94721,4.18438,4.55389
2.94603820244565,6.62840812560187,5.86607516186409,5.94721,4.18438,4.55389
3.15885497778789,6.58903690567774,5.86460653298914,5.94721,4.18438,4.55389
3.18241292594114,6.58454078151449,5.86385975215599,5.94721,4.22397,4.42522
3.12205838034758,6.65102047163495,5.86377273731133,5.96481,4.22397,4.42522
2.96535153266578,6.64928495386711,5.86616865864045,5.96481,4.22397,4.42522
2.91517063191827,6.65103671929362,5.868398920414,5.96481,4.22397,4.42522
2.89198750136342,6.67938251015146,5.87193642529503,6.02749,4.18438,4.36584
2.9240127860675,6.69697138066118,5.87532941432978,6.02749,4.18438,4.36584
2.99614877427726,6.68940265383108,5.87816572396276,6.02749,4.18438,4.36584
3.08173887519495,6.70732231063934,5.88174487631837,6.02749,4.18438,4.42742
3.15242642050498,6.73588001325604,5.88535097940534,6.01979,4.114,4.42742
3.12711879729028,6.74081952481387,5.88689895016581,6.01979,4.114,4.42742
3.0720118599898,6.73874538160571,5.88745681860446,6.01979,4.114,4.42742
2.84407443359472,6.74514222927032,5.88711958213459,5.97471,4.1283,4.54839
2.80010236826014,6.71738842633198,5.8856968246493,5.97471,4.1283,4.54839
2.8789989741848,6.69069778870152,5.88417239463001,5.97471,4.1283,4.54839
2.92217020793256,6.66181406885925,5.8827132855125,5.97471,4.1283,4.56708
3.0446080325783,6.62930924807723,5.87866544748245,5.96371,4.16459,4.56708
3.23788630823429,6.59613815653151,5.87232384627289,5.96371,4.16459,4.56708
3.21851025726733,6.63061899973116,5.86574981782498,5.96371,4.16459,4.56708
3.07150233832979,6.68610972199163,5.85989077991206,5.96371,4.14479,4.41642
2.92358483457345,6.68843561181037,5.85370750896292,6.0055,4.14479,4.41642
2.85101544056791,6.69985398774022,5.84584090302933,6.0055,4.14479,4.41642
2.90811174577315,6.73174613894014,5.83700597399174,6.0055,4.14479,4.41642
2.98190062747247,6.74215504902897,5.82894374355885,5.9868,4.1129,4.38563
3.01506928142429,6.72724126971856,5.82372363310549,5.9868,4.1129,4.38563
3.01986395976365,6.75869727793335,5.81986308538821,5.9868,4.1129,4.38563
3.01358743995246,6.78436493192802,5.81860804856514,5.9868,4.1129,4.38563
2.99314722322328,6.77070457195909,5.81763048471979,5.96041,4.1184,4.53299
3.03417256082547,6.77523381162985,5.81862854275408,5.96041,4.1184,4.53299
3.01473928879421,6.76428874945474,5.8210212695852,5.96041,4.1184,4.53299
3.01248599511909,6.73238312356173,5.82452822546982,5.96041,4.14479,4.60337
3.00266290429256,6.70371420940247,5.829206401738,5.96591,4.14479,4.60337
3.04024143800136,6.67020458608024,5.83521116763406,5.96591,4.14479,4.60337
3.09855850011877,6.63611471402642,5.84351649459872,5.96591,4.14479,4.60337
2.9919226146901,6.61451280520371,5.8519726434252,5.9956,4.15689,4.4989
2.8799472816804,6.67959101687832,5.86281153502352,5.9956,4.15689,4.4989
2.92928408869412,6.70732036480802,5.87222190712062,5.9956,4.15689,4.4989
2.98604598099701,6.71120263892232,5.88114766383937,5.9956,4.15689,4.38893
2.99964820037987,6.7382809921345,5.890180042496,6.0022,4.1239,4.38893
3.03361213518072,6.77136669167391,5.8983070066213,6.0022,4.1239,4.38893
3.03437460546931,6.77126765914995,5.9057696822938,6.0022,4.1239,4.38893
3.06955191686308,6.78044504709104,5.91539083288052,6.0022,4.09531,4.36694
3.03344694139666,6.82392947405886,5.92537097639344,6.0011,4.09531,4.36694
2.99882848457129,6.83972467286805,5.93466848989265,6.0011,4.09531,4.36694
2.95884285868922,6.81996919512996,5.94281489223521,6.0011,4.09531,4.36694
2.99914644933135,6.84373251913739,5.9496099719102,5.97581,4.1151,4.46701
2.98972830535776,6.82110353240956,5.95640618338409,5.97581,4.1151,4.46701
3.02049692920029,6.79017514044302,5.96354903389959,5.97581,4.1151,4.46701
2.99480056992026,6.75873714238366,5.9719989533873,5.97581,4.1151,4.60227
2.96512777019645,6.71807231657368,5.98086171984345,5.95821,4.15249,4.60227
2.9689296580001,6.67953387702677,5.99059648872505,5.95821,4.15249,4.60227
3.00130528756727,6.68205283752059,6.00041128815747,5.95821,4.15249,4.60227
3.04239543417474,6.74533012430121,6.01170790337917,5.97911,4.1063,4.62647
3.01009035555897,6.74351861468847,6.02374689017366,5.97911,4.1063,4.62647
3.06072026268901,6.74107032113613,6.03672192520109,5.97911,4.1063,4.62647
3.03268184736031,6.76628069923914,6.04996018471136,5.97911,4.1063,4.4956
3.01430333528437,6.776568007434,6.06438479143126,6.011,4.01723,4.4956
2.95936833876806,6.76542052786279,6.08052961911309,6.011,4.01723,4.4956
2.94600258091123,6.77939677702237,6.09679283501073,6.011,4.01723,4.4956
2.97341444505716,6.80777751921807,6.11175762305477,6.011,4.01613,4.41972
3.0220683515958,6.79517930061292,6.1260520921653,6.0154,4.01613,4.41972
3.00420431161234,6.77249076986924,6.14058119315963,6.0154,4.01613,4.41972
3.00363164809711,6.77888818790632,6.15443520151278,6.0154,4.01613,4.41972
3.00508770163853,6.7383534833373,6.1678954931001,6.0066,4.05572,4.47911
3.0107476596958,6.69981391261924,6.18050001357479,6.0066,4.05572,4.47911
3.02130344460753,6.65940634621418,6.19277395673831,6.0066,4.05572,4.47911
3.02408379557902,6.60919471010508,6.20336170830837,6.0066,4.05572,4.47911
3.04854922428802,6.56408665260876,6.21251836672504,5.9978,4.07221,4.57698
2.99200108530674,6.6012969989797,6.21861409398537,5.9978,4.07221,4.57698
2.97719875654358,6.63447560704573,6.22338950382709,5.9978,4.07221,4.57698
2.96099688415859,6.62107658172663,6.22641357081477,5.9978,4.00733,4.61437
2.97981243387271,6.62733363194365,6.2283068838458,5.97911,4.00733,4.61437
2.98894777963933,6.64806749013415,6.22865889430385,5.97911,4.00733,4.61437
3.00550575684107,6.64938053867403,6.22724194895194,5.97911,4.00733,4.61437
3.0190728572038,6.63676360935139,6.22449263319189,5.95051,3.92265,4.62757
3.06006362842288,6.66334765255477,6.22113495109264,5.95051,3.92265,4.62757
3.01937882378991,6.67511739575136,6.21629546790887,5.95051,3.92265,4.62757
2.99083284746678,6.66032964005866,6.20956170875034,5.95051,3.92265,4.51979
2.97678772191773,6.65621732058148,6.20240735267104,5.97031,3.91056,4.51979
2.96016385991096,6.64557404867521,6.19395928035158,5.97031,3.91056,4.51979
3.00148191652068,6.60807883039708,6.18526131111742,5.97031,3.91056,4.51979
3.0189421467239,6.5737867977004,6.17511708899626,5.97031,4.01833,4.37133
3.03924997244565,6.53672523180851,6.16453102980728,5.96151,4.01833,4.37133
3.05262426354682,6.4867882283498,6.15339517308807,5.96151,4.01833,4.37133
3.02638982679397,6.47748601985198,6.14318088361217,5.96151,4.01833,4.37133
2.96792465504078,6.53677915331337,6.13220625870082,5.92742,4.15139,4.40213
2.94544467656378,6.55082059465012,6.12052308261022,5.92742,4.15139,4.40213
2.91506832959589,6.54291846585,6.10830855872771,5.92742,4.15139,4.40213
2.97849039020476,6.56832924001068,6.09585379933963,5.92742,4.15139,4.41862
3.03816182987486,6.5909086531672,6.08316827084292,5.93512,4.18768,4.41862
3.0572968151221,6.59128954815779,6.06977517154032,5.93512,4.18768,4.41862
3.06247175425838,6.59173272755808,6.05676714645161,5.93512,4.18768,4.41862
3.05636077913526,6.62965266185676,6.0429038763976,5.91312,4.10301,4.44831
3.05004557602853,6.64042015322067,6.02971298130706,5.91312,4.10301,4.44831
3.0147382356862,6.62555528950954,6.01669338728452,5.91312,4.10301,4.44831
2.90582174526744,6.64771872375063,6.00443392285474,5.91312,4.10301,4.53299
2.91298922034867,6.62003007538507,5.99242341734201,5.90103,3.97104,4.53299
2.93908814630875,6.58994926945309,5.98120216738622,5.90103,3.97104,4.53299
2.9749248946612,6.56232337934593,5.9710891412952,5.90103,3.97104,4.53299
3.03339075406844,6.52407820164628,5.96317839741114,5.90103,4.05902,4.38343
3.03928154261504,6.49650205886517,5.95589453630884,5.95051,4.05902,4.38343
3.0850336246422,6.51195381866889,5.94946899374712,5.95051,4.05902,4.38343
3.07371178363684,6.58117105862396,5.94413737122419,5.95051,4.05902,4.38343
3.06143031899029,6.58656393199847,5.93900434875811,5.97251,4.1107,4.24047
2.97324732961237,6.59540826584613,5.93450349266234,5.97251,4.1107,4.24047
2.93530756221343,6.63166331405957,5.93028292410025,5.97251,4.1107,4.24047
2.94726071484266,6.65720494551793,5.92602557088449,5.97251,4.1107,4.24047
2.98154475260213,6.65562181092693,5.92200388337603,5.9857,4.02603,4.34604
2.98881817988471,6.68588647970143,5.9179771876555,5.9857,4.02603,4.34604
2.98521544737581,6.71340904501805,5.91327259483051,5.9857,4.02603,4.34604
3.00272527545679,6.71870123749517,5.90818973346395,5.9857,3.98974,4.58138
3.01559167812533,6.71758298380567,5.90156543635481,5.96811,3.98974,4.58138
3.06587618899465,6.7226894654093,5.89380363670019,5.96811,3.98974,4.58138
3.04223987905339,6.69125008693412,5.88571406821841,5.96811,3.98974,4.58138
3.00613012138761,6.66000966182089,5.87809799589602,5.92192,4.00293,4.68035
2.96375139464504,6.62485189199296,5.86999388023906,5.92192,4.00293,4.68035
2.98070679291889,6.58149396049774,5.86038765530748,5.92192,4.00293,4.68035
3.01826100333524,6.54752790290042,5.85047533274719,5.92192,4.00293,4.4967
3.02713030282857,6.57929561858119,5.84054019148248,5.93182,4.04362,4.4967
2.98549771763265,6.62173228591801,5.82937380802915,5.93182,4.04362,4.4967
2.99489737363013,6.61838463369336,5.81862943978297,5.93182,4.04362,4.4967
3.00400722534314,6.62678440705472,5.80804217192337,5.93182,4.114,4.23057
2.98978447259227,6.65827304178232,5.79773096854552,5.95931,4.114,4.23057
2.98220597430763,6.66821666459169,5.78819865005921,5.95931,4.114,4.23057
2.99115047277808,6.66267918837089,5.77850313041324,5.95931,4.114,4.23057
3.0019688521447,6.70188504943183,5.76984288786762,5.97251,4.07331,4.27016
3.02641182357482,6.72225021793678,5.76123924155737,5.97251,4.07331,4.27016
3.03714584442261,6.72665248780189,5.75346869289744,5.97251,4.07331,4.27016
3.02817954583233,6.73761580235792,5.74517530353124,5.97251,4.07331,4.47581
3.00746785499939,6.73412621935089,5.73746684388481,5.95051,4.02163,4.47581
2.97161426512992,6.71090589948775,5.73034212699856,5.95051,4.02163,4.47581
2.96515596700049,6.69089572384368,5.72520860777982,5.95051,4.02163,4.47581
3.01714117265442,6.66328855616276,5.72068366891651,5.90103,4.06672,4.64186
3.06351764825682,6.63262941143989,5.71697132168478,5.90103,4.06672,4.64186
2.98787399155436,6.6234082961221,5.71439023796858,5.90103,4.06672,4.64186
2.919054143109,6.69395142358235,5.71309097506512,5.90103,4.06672,4.54509
2.96054661762264,6.72092188233157,5.71245144670692,5.95161,4.09201,4.54509
2.99540895609819,6.72543454116275,5.71150018417127,5.95161,4.09201,4.54509
3.04263703553736,6.75175593954576,5.71054967294639,5.95161,4.09201,4.54509
3.08517398774619,6.78160087492162,5.70829663205142,5.95161,4.00953,4.29765
3.06090922436133,6.77672862156246,5.70600604418284,6.0044,4.00953,4.29765
3.03263515010361,6.78724891505799,5.70305813185407,6.0044,4.00953,4.29765
2.9924194537909,6.82186752982663,5.69891898294141,6.0044,4.00953,4.29765
2.95888848512393,6.83129818944124,5.69363440098767,5.9912,4.03702,4.26136
2.95350965751835,6.81033864127969,5.68654399918791,5.9912,4.03702,4.26136
2.93031171562672,6.82696086678418,5.67813216485897,5.9912,4.03702,4.26136
2.94354070821719,6.7976085455027,5.66836253500836,5.9912,4.03702,4.26136
2.96969658467655,6.76274803158679,5.65717325856046,5.989,4.1151,4.4934
3.05327986268464,6.72903409019215,5.64652611922219,5.989,4.1151,4.4934
3.0720600159678,6.68708519275173,5.63353087131549,5.989,4.1151,4.4934
3.09633537400875,6.64722654553356,5.6188402758875,5.989,4.05902,4.57698
3.02818717592896,6.65782253457103,5.6039344556834,6.0121,4.05902,4.57698
3.02144107946411,6.71727447288248,5.58867972477432,6.0121,4.05902,4.57698
3.01889257469991,6.71805430829962,5.57386117612776,6.0121,4.05902,4.57698
3.00575544751296,6.72036335085577,5.55902520741791,6.0044,3.99853,4.38233
2.91717480444809,6.75205549682181,5.54477747645591,6.0044,3.99853,4.38233
2.90190131808289,6.76458420859656,5.53183428761082,6.0044,3.99853,4.38233
2.9623253001501,6.75773101429797,5.52274006091863,6.0044,3.99853,4.40652
2.99893123520398,6.78059351433174,5.51597537048366,5.92962,4.03372,4.40652
3.06581454574942,6.80926069081947,5.51229526077099,5.92962,4.03372,4.40652
3.03254976096316,6.800523798445,5.51224178155437,5.92962,4.03372,4.40652
3.0001861208563,6.78887997835145,5.51533706214092,5.92962,4.1272,4.58908
3.02352724557892,6.80263704092882,5.52168484486778,5.89003,4.1272,4.58908
2.9871492727049,6.76796578344593,5.53235507481769,5.89003,4.1272,4.58908
3.00966611008578,6.73483695375632,5.54758519398959,5.89003,4.1272,4.58908
3.04431941106851,6.70059894084049,5.56622020442819,5.91312,4.17339,4.54399
3.0639038144769,6.65530982333207,5.58755379582474,5.91312,4.17339,4.54399
3.08076889239199,6.62438040126224,5.60993993923471,5.91312,4.17339,4.54399
2.90291081668026,6.67142038404748,5.63397046382512,5.91312,4.17339,4.36584
2.8831468013309,6.70034368620266,5.65809819813336,5.97031,4.1217,4.36584
2.96693196134414,6.6979767775125,5.68286661057737,5.97031,4.1217,4.36584
3.00092348644673,6.70914969452391,5.70679267339102,5.97031,4.1217,4.36584
3.03022648606218,6.7361968377225,5.729842679265,5.98021,4.08321,4.28006
3.01079900164951,6.742736347295,5.75112884015441,5.98021,4.08321,4.28006
3.0173510393038,6.73312345339974,5.77088450101091,5.98021,4.08321,4.28006
3.01868298690655,6.767963460504,5.7876450436595,5.98021,4.08321,4.43622
3.06676300109642,6.77644452798878,5.80079586400655,5.95601,4.1327,4.43622
3.03362082788134,6.76583829658782,5.81047043361759,5.95601,4.1327,4.43622
3.03928144364517,6.76760386686735,5.81716546759025,5.95601,4.1327,4.43622
2.95405745831648,6.75446385332302,5.82008224301306,5.95601,4.17229,4.4912
2.89579037896842,6.71600594149079,5.81879931074356,5.9835,4.17229,4.4912
2.92548375788485,6.6791311400947,5.81517772124348,5.9835,4.17229,4.4912
3.03027160439344,6.63783996826891,5.80866244391434,5.9835,4.17229,4.4912
3.1217664370004,6.58381466802781,5.80149468589066,6.0132,4.10521,4.37903
3.07402729897566,6.57276859942734,5.79312826542846,6.0132,4.10521,4.37903
3.00608244777986,6.62656450154751,5.78431257977144,6.0132,4.10521,4.37903
2.93116355163402,6.63430211511372,5.77646813586115,6.0132,4.10521,4.37903
2.94670952325371,6.62289663985708,5.76859405105984,5.9978,3.99853,4.41972
2.96390366847527,6.64514988820897,5.76152199961117,5.9978,3.99853,4.41972
3.02659674281354,6.66426918197644,5.75591788103883,5.9978,3.99853,4.41972
3.01559463072371,6.66109083556182,5.75232483881465,5.9978,4.00513,4.55828
3.0021370519418,6.66249357537689,5.75210257161253,5.96701,4.00513,4.55828
3.01972720732921,6.69698544288121,5.75278916432766,5.96701,4.00513,4.55828
3.03255893000016,6.70528071636393,5.75436724444767,5.96701,4.00513,4.55828
3.03757728214721,6.68919966789524,5.75814823652208,5.96371,4.05022,4.58908
2.99370181766377,6.7090120114538,5.76335117981181,5.96371,4.05022,4.58908
2.99064703177088,6.6798052297416,5.77023522227684,5.96371,4.05022,4.58908
3.00096242003893,6.64822018495994,5.77832793861307,5.96371,4.05022,4.44611
3.00638947773894,6.61811871876289,5.7873604526078,5.9857,4.03812,4.44611
2.9702785602318,6.5742019479708,5.79714439684544,5.9857,4.03812,4.44611
2.98850256667653,6.5440142983023,5.80862273881202,5.9857,4.03812,4.44611
2.97603654937013,6.55855319184449,5.81934678151883,5.9857,4.08101,4.31305
3.01164635160279,6.62008221120384,5.83057771967437,5.96921,4.08101,4.31305
3.0160781606927,6.61635389975072,5.84051460654719,5.96921,4.08101,4.31305
3.03464088936279,6.62023050561457,5.84885562517748,5.96921,4.08101,4.31305
3.01058736816968,6.64981657455423,5.85503883747631,5.96591,4.16459,4.33065
2.97159247453329,6.66556524240988,5.85965097618676,5.96591,4.16459,4.33065
2.97412167208164,6.65611345097597,5.86358725242819,5.96591,4.16459,4.33065
3.01003026351693,6.67938897027959,5.86563176816783,5.96591,4.16459,4.43842
3.05479725138555,6.6970096647598,5.86629764016575,5.96041,4.1162,4.43842
3.05620291156015,6.69401376537237,5.86471372647927,5.96041,4.1162,4.43842
3.04527512641457,6.68275546838475,5.86171306202945,5.96041,4.1162,4.43842
2.97886220290972,6.67366855682688,5.85747841605989,5.93842,4.04252,4.52749
2.94102681369641,6.63341936340849,5.85325431804634,5.93842,4.04252,4.52749
2.9218658590033,6.59417474105271,5.84820104897793,5.93842,4.04252,4.52749
2.94744070909586,6.55092135236804,5.84234571762633,5.93842,4.04252,4.53629
2.99837244196007,6.5008725876952,5.8357373093777,5.92852,4.04032,4.53629
3.03029337543195,6.4600305940343,5.82932237177422,5.92852,4.04032,4.53629
3.07950950883058,6.4904382435173,5.8233135582703,5.92852,4.04032,4.53629
3.083777525897,6.519124050176,5.81776913539477,5.92852,4.03592,4.54069
3.01555409614282,6.51122134116377,5.81228663749678,5.93952,4.03592,4.54069
3.0088823375681,6.51538546582097,5.8074496225917,5.93952,4.03592,4.54069
2.97745370486151,6.5386029979627,5.80306240025004,5.93952,4.03592,4.54069
2.9754587097605,6.54301725074717,5.79856159330525,5.96701,3.99413,4.54509
2.94791041983872,6.53165812818385,5.79456963835962,5.96701,3.99413,4.54509
2.95140453545708,6.56730249969346,5.79080304150456,5.96701,3.99413,4.54509
2.98309712910817,6.58233808122462,5.78783995405178,5.96701,3.99413,4.54509
3.01855650720043,6.57853323615678,5.78532938044467,5.97031,3.97874,4.47801
3.06479849776003,6.5856185289821,5.78382211139999,5.97031,3.97874,4.47801
3.0536137975019,6.57600634812761,5.78291889692381,5.97031,3.97874,4.47801
3.02698352268385,6.54850084319658,5.78260048817453,5.97031,4.03372,4.45491
3.01956226939467,6.52488062208642,5.7823932686415,5.94391,4.03372,4.45491
2.99793706200526,6.4944476733112,5.78372129677679,5.94391,4.03372,4.45491
2.95185854985428,6.46344743044526,5.78588669578035,5.94391,4.03372,4.45491
2.9374284854339,6.45715125808517,5.78846344724502,5.93402,4.09201,4.4824
2.94161902515719,6.52435956611679,5.79179162514867,5.93402,4.09201,4.4824
3.01114912344827,6.54860216010891,5.79531281370543,5.93402,4.09201,4.4824
3.04923953191214,6.55256640158374,5.79882999341508,5.93402,4.09201,4.42192
3.08430064345852,6.57937480369829,5.80194666559954,5.96591,4.05902,4.42192
3.04066286111527,6.61001495184195,5.80530495892136,5.96591,4.05902,4.42192
3.02170211297287,6.60688409424187,5.80909150856036,5.96591,4.05902,4.42192
2.97433613178046,6.62220712759628,5.81307074512129,5.96591,3.99304,4.34054
2.96681602714039,6.65831993337288,5.81730449918634,5.9846,3.99304,4.34054
2.96857326090755,6.67153524242242,5.8218075685772,5.9846,3.99304,4.34054
2.98955165034603,6.64841375778899,5.82525513522926,5.9846,3.99304,4.34054
2.99227325618809,6.66524893964545,5.82814426635869,5.97471,4.00843,4.38563
2.99272155937167,6.63554118285441,5.82967563921735,5.97471,4.00843,4.38563
3.00205531945659,6.60138228884092,5.83073678994517,5.97471,4.00843,4.38563
3.0066142228001,6.5672663902692,5.83010827573459,5.97471,4.00843,4.4835
3.03448043718296,6.52490844800927,5.82881857424633,5.94721,4.07551,4.4835
3.03013030107429,6.48403436371291,5.82623654979363,5.94721,4.07551,4.4835
3.06831702610858,6.49754950248289,5.82325830901624,5.94721,4.07551,4.4835
3.0038141888213,6.55609474973713,5.8209100913493,5.91312,4.1118,4.57368
2.97059625620966,6.55607474220697,5.81920393182505,5.91312,4.1118,4.57368
2.96648059514819,6.55680991656226,5.81793690309526,5.91312,4.1118,4.57368
2.97574631504143,6.58943901163739,5.81802596055922,5.91312,4.1118,4.53189
2.9650815737008,6.60633061257543,5.81859505535819,5.92632,4.1162,4.53189
2.97014111322786,6.60311409745773,5.81897337223492,5.92632,4.1162,4.53189
3.01522023131635,6.6335606313503,5.82021648423951,5.92632,4.1162,4.53189
3.03779577539785,6.66747569668096,5.8217782863872,5.92632,4.07441,4.24487
3.05302257794367,6.66695511151002,5.82474034890222,6.011,4.07441,4.24487
3.03812704706877,6.66022844643582,5.82856950153478,6.011,4.07441,4.24487
3.02916627470119,6.67533802896244,5.83395160535963,6.011,4.07441,4.24487
3.00959871697968,6.64668131588537,5.83945808006131,6.02309,4.00513,4.1162
2.98743901903086,6.6196438210908,5.84582907297426,6.02309,4.00513,4.1162
2.96477272926201,6.58966195081349,5.85203830451318,6.02309,4.00513,4.1162
2.97007852067267,6.55216131673738,5.85806209472879,6.02309,4.00513,4.1162
2.94284502076241,6.52543750594076,5.86383936802916,5.97581,4.02493,4.31855
2.97717093805578,6.57934224448699,5.86943729422796,5.97581,4.02493,4.31855
2.96734426459641,6.60628635765825,5.87472355389177,5.97581,4.02493,4.31855
3.03493948307783,6.60338152805869,5.8793383335452,5.97581,4.1118,4.52419
3.08581908539905,6.61115621969589,5.88375407363242,5.95271,4.1118,4.52419
3.09992897540817,6.63442721473888,5.88735349956008,5.95271,4.1118,4.52419
3.07245436154163,6.63670888165871,5.89145763300712,5.95271,4.1118,4.52419
3.02394154437302,6.62756754304532,5.89494379117581,5.94282,4.125,4.58908
2.92064092149168,6.65700713799693,5.9000182641306,5.94282,4.125,4.58908
2.88521887476108,6.66219082767734,5.90576816767771,5.94282,4.125,4.58908
2.94169551075203,6.64666677606297,5.9119682113771,5.94282,4.125,4.54619
2.9777753145017,6.64758234056008,5.9189802605276,5.92852,4.04802,4.54619
3.02246920940262,6.63037203334358,5.9279200750388,5.92852,4.04802,4.54619
3.03815707013559,6.5917666822099,5.93862914712953,5.92852,4.04802,4.54619
3.05032194236857,6.5562617895075,5.95146170141726,5.92852,3.92265,4.38233
3.03474144077204,6.51804233456324,5.96689903739974,5.92412,3.92265,4.38233
3.04250801384867,6.47506423949162,5.98535533518369,5.92412,3.92265,4.38233
3.01623753968709,6.47505419832804,6.00836262805664,5.92412,3.92265,4.38233
2.98819682290727,6.53653573844175,6.03343380968097,5.92962,4.01283,4.35044
2.97894944176223,6.55100981739542,6.06109083922129,5.92962,4.01283,4.35044
2.97028100033716,6.54789077031203,6.08999455414729,5.92962,4.01283,4.35044
2.97227858380779,6.58158098574889,6.11942920978357,5.92962,4.01283,4.40213
2.9754198089787,6.61145772098195,6.14867764391829,5.96591,4.25806,4.40213
3.00283293767166,6.61808164676209,6.1780426824133,5.96591,4.25806,4.40213
3.00711545374925,6.63101294231227,6.20609035656079,5.96591,4.25806,4.40213
3.04982202324392,6.67400005278984,6.2333639960091,5.94282,4.27236,4.43292
3.03877868556414,6.68580743989182,6.25840937724716,5.94282,4.27236,4.43292
3.06156173084989,6.67926416609148,6.28147560540886,5.94282,4.27236,4.43292
3.02674402519215,6.70634372635933,6.30113105912377,5.94282,4.27236,4.53739
2.95632410485827,6.6801657054158,6.31837082372151,5.91972,4.07111,4.53739
2.92116161703287,6.64988501471019,6.33258028202591,5.91972,4.07111,4.53739
2.93811376959263,6.62024562441531,6.34218290779653,5.91972,4.07111,4.53739
2.95002689282489,6.57724356597557,6.34657385692039,5.91972,3.99633,4.44062
2.99125776416946,6.54568058241756,6.34580064011815,5.96041,3.99633,4.44062
3.03661298538989,6.56251706439685,6.3411334637231,5.96041,3.99633,4.44062
3.11618537234512,6.62082285016785,6.33248463921081,5.96041,3.99633,4.44062
3.16899423635531,6.61588749054398,6.32079778657169,6.011,4.04472,4.22837
3.04196122055929,6.61795999766275,6.30554432840672,6.011,4.04472,4.22837
2.98378224500726,6.64609341260172,6.28799128733306,6.011,4.04472,4.22837
2.89576478124594,6.65936996777898,6.26750787247165,6.011,4.04472,4.22837
2.8709961399795,6.65308422936353,6.2455595725071,6.0187,3.97654,4.29875
2.90729288773069,6.68195136021916,6.22186790536921,6.0187,3.97654,4.29875
2.98068004751319,6.70287920233034,6.19688878660329,6.0187,3.97654,4.29875
3.0341469680385,6.70554432093956,6.17118916092453,6.0187,3.87537,4.60007
3.08143990579412,6.70746695027297,6.14674284442245,5.96041,3.87537,4.60007
3.08661692190452,6.70488345314001,6.12273107852615,5.96041,3.87537,4.60007
3.05799986109295,6.67461250908792,6.10068880781179,5.96041,3.87537,4.60007
2.99891511985287,6.6464427593594,6.08135008119658,5.89003,3.86547,4.78262
3.03482506935319,6.61333377279552,6.06215118499242,5.89003,3.86547,4.78262
2.99997772451701,6.5766260304331,6.04473680951675,5.89003,3.86547,4.78262
2.90294124904847,6.55412660176474,6.02821148535481,5.89003,3.86547,4.4835
2.9219836038134,6.59895926978523,6.01264159090304,5.97801,3.95674,4.4835
2.9771609914579,6.63162384829079,5.99863640349297,5.97801,3.95674,4.4835
3.03506567753544,6.63232829341984,5.98564203572508,5.97801,3.95674,4.4835
3.06692593321459,6.64802290844101,5.97319216826265,5.97801,4.03592,4.1228
3.07943601104234,6.67622156741566,5.96246599502593,5.97471,4.03592,4.1228
3.02940635699534,6.68107599778841,5.9532007626913,5.97471,4.03592,4.1228
3.0130676516814,6.67770769359724,5.94631678751147,5.97471,4.03592,4.1228
2.94415939587088,6.71264682023432,5.93939885654412,5.89333,4.1151,4.31635
2.92409941648846,6.72652491578962,5.93214291285969,5.89333,4.1151,4.31635
2.8994113235458,6.7147492457664,5.9243221862252,5.89333,4.1151,4.31635
2.9338200763705,6.71571692280974,5.91575988486168,5.89333,4.1151,4.46701
3.00983791543612,6.69339952629542,5.90613056990702,5.95051,4.15689,4.46701
3.13744140742666,6.65625256750904,5.8940604442701,5.95051,4.15689,4.46701
3.13462222087718,6.62116226293096,5.87952321118091,5.95051,4.15689,4.46701
3.17634336457691,6.5774322274549,5.86334729014031,5.95821,4.06452,4.37903
3.09941509800406,6.53358250710293,5.84708513125079,5.95821,4.06452,4.37903
2.90532455736191,6.51419690149927,5.82962431832355,5.95821,4.06452,4.37903
2.85282346298258,6.56819295506734,5.81162328446974,5.95821,4.06452,4.41532
2.82712233706666,6.57639582195657,5.79366193249314,5.92192,4.01723,4.41532
2.83830636322497,6.56935585420938,5.77562830790905,5.92192,4.01723,4.41532
2.94586780735037,6.58535306889616,5.7567517271287,5.92192,4.01723,4.41532
3.03604322842471,6.600947774311,5.73833478958291,5.92192,4.09421,4.47581
3.09827236557672,6.58299944528745,5.72012484180844,5.93952,4.09421,4.47581
3.17963478640191,6.5908330925743,5.70135886636584,5.93952,4.09421,4.47581
3.20071813815208,6.62099486641648,5.68331309127472,5.93952,4.09421,4.47581
3.16082090268536,6.62990620693864,5.66736792584567,5.95711,4.03922,4.4945
2.96093912623226,6.60898461425812,5.65370114845039,5.95711,4.03922,4.4945
2.83260478214527,6.62944024095551,5.64139575799926,5.95711,4.03922,4.4945
2.8030273355343,6.60423464972176,5.6313786648729,5.95711,4.03922,4.4945
2.94905952108575,6.57908674721769,5.62325977112686,5.96261,3.96114,4.45601
2.97059996784526,6.55645900251252,5.61739925326746,5.96261,3.96114,4.45601
2.97496418407774,6.52572743050948,5.61366640142386,5.96261,3.96114,4.45601
3.0093036093832,6.50745609233515,5.61251166459448,5.96261,3.94245,4.44721
3.0792396061793,6.54361024354338,5.61249672937673,5.94941,3.94245,4.44721
3.12437985556719,6.61173466692887,5.61370935760578,5.94941,3.94245,4.44721
3.05343042405621,6.63037430862159,5.61544472319044,5.94941,3.94245,4.44721
3.0334011182722,6.65352426448217,5.61913643283578,5.95711,3.91166,4.4901
3.02431626440948,6.701209153678,5.62261905141355,5.95711,3.91166,4.4901
2.98630283044712,6.72765986949324,5.62700681941158,5.95711,3.91166,4.4901
2.94835928005704,6.73553535249485,5.63108685192955,5.95711,3.91166,4.40543
2.90870720807785,6.7764508911519,5.63294870997716,5.96921,4.01833,4.40543
2.91131873050601,6.81399769262468,5.63328681461928,5.96921,4.01833,4.40543
2.98225393397892,6.81671768031986,5.63226223857288,5.96921,4.01833,4.40543
3.05685277922522,6.81206578523874,5.62991975835322,5.96921,4.114,4.37903
3.11237410320398,6.81919715119687,5.62701005213441,5.97471,4.114,4.37903
3.06373979313958,6.78613767021747,5.62406122051221,5.97471,4.114,4.37903
2.97146416501159,6.75253627435745,5.62008905189388,5.97471,4.114,4.37903
2.96598805863393,6.71375475501279,5.61622567422067,5.9879,4.08651,4.38233
2.98401246421948,6.6652429405525,5.61235098293854,5.9879,4.08651,4.38233
2.99226723868802,6.635504821987,5.60963396138144,5.9879,4.08651,4.38233
3.03240090147427,6.68018470799028,5.6055655717722,5.9879,4.08651,4.37353
3.03151917315043,6.69122987226355,5.60092589347363,5.9934,4.02823,4.37353
2.9837988014886,6.6763490709253,5.59550890009667,5.9934,4.02823,4.37353
2.97988894016828,6.67797730282151,5.59239037367707,5.9934,4.02823,4.37353
2.97798313298841,6.69137379856787,5.59118064729354,5.95381,4.02603,4.48021
3.00966475564259,6.68489987951127,5.59143385001213,5.95381,4.02603,4.48021
3.01625396705983,6.67045515372133,5.59416388492823,5.95381,4.02603,4.48021
3.0173841063526,6.69680832160353,5.59998360410886,5.95381,4.02603,4.61547
2.98498557947067,6.69971546371436,5.60980503229664,5.91752,4.1074,4.61547
2.99640136260625,6.68005341753108,5.62276835825286,5.91752,4.1074,4.61547
2.99458157674042,6.68172030728397,5.63949906041004,5.91752,4.1074,4.61547
3.01646175429897,6.66403945772991,5.65974665455074,5.91752,4.17339,4.56598
3.0392071191653,6.62675766904524,5.68274164667751,5.90872,4.17339,4.56598
3.02056498819857,6.59338251904071,5.70832159710477,5.90872,4.17339,4.56598
3.00831418091221,6.55519617772623,5.73610071183449,5.90872,4.17339,4.56598
2.96557181195237,6.5096383370975,5.76483108800885,5.95381,4.1404,4.34714
2.98191712691166,6.51560482258543,5.79532685290561,5.95381,4.1404,4.34714
2.9926900791052,6.58130625967959,5.82708038170839,5.95381,4.1404,4.34714
3.01200288405806,6.59634299296708,5.85980040436254,5.95381,4.1404,4.34714
2.99104560921292,6.59559714998513,5.89297689047126,5.9978,3.97984,4.29875
3.01451482625691,6.63005288017175,5.92472093233895,5.9978,3.97984,4.29875
3.01493899587835,6.65672999938203,5.95482292571341,5.9978,3.97984,4.29875
3.01942185378436,6.66218720338307,5.98346526899915,5.9978,3.88526,4.46151
3.01044054565458,6.67551749007424,6.00983129360883,5.9824,3.88526,4.46151
2.98179822381707,6.71281879762867,6.03453027889466,5.9824,3.88526,4.46151
2.994812558259,6.72546261213464,6.05776253713128,5.9824,3.88526,4.46151
2.98922304937836,6.71733021971525,6.078837735693,5.92852,3.94355,4.62977
2.99557044643461,6.73589685756193,6.09698541068791,5.92852,3.94355,4.62977
3.02377120908276,6.70791203509415,6.11062696776938,5.92852,3.94355,4.62977
3.04001392553314,6.67798638520063,6.12305168838703,5.92852,3.94355,4.59018
3.00401224562408,6.64763390570156,6.13281625997707,5.95271,3.96884,4.59018
2.97635900787173,6.60346730020041,6.13993542925742,5.95271,3.96884,4.59018
2.98488665340178,6.57692384480185,6.14412484593315,5.95271,3.96884,4.59018
3.00474993955352,6.59576792384641,6.14587801841722,5.95271,3.99523,4.25257
2.99409587955309,6.64901136013983,6.14547837004354,5.9967,3.99523,4.25257
3.03274565987169,6.64372854663957,6.14336568745919,5.9967,3.99523,4.25257
3.0270966405791,6.64475876945263,6.14037031921934,5.9967,3.99523,4.25257
3.00182660422879,6.67335634314766,6.13656541051336,5.95161,4.09091,4.125
3.00259869539527,6.68646542353781,6.13241055162901,5.95161,4.09091,4.125
2.96753557696559,6.67419992733035,6.12701752296312,5.95161,4.09091,4.125
2.94307062628325,6.70101598666165,6.12095648787398,5.95161,4.09091,4.36034
2.97024053408705,6.71422203967417,6.11393524027955,5.92302,4.15359,4.36034
3.00417574858754,6.7093197948511,6.1078006880102,5.92302,4.15359,4.36034
3.06115987145138,6.70096832234193,6.10250515532226,5.92302,4.15359,4.36034
3.10201691200615,6.68626001919279,6.09800499413655,5.90982,4.08981,4.56708
3.07140386515182,6.64527084862034,6.09170991525495,5.90982,4.08981,4.56708
2.9674685563745,6.60588937534207,6.08599244569435,5.90982,4.08981,4.56708
2.91665618433475,6.55959536872832,6.08445658892587,5.90982,4.08981,4.60557
3.03550548786297,6.50843274690183,6.08375745282172,5.90762,3.94575,4.60557
2.98187145922662,6.46970993696329,6.08100813200553,5.90762,3.94575,4.60557
2.94411819087225,6.50457220761738,6.0777624580734,5.90762,3.94575,4.60557
2.95733792613675,6.52806916225493,6.07726979555595,5.90762,3.94355,4.44062
2.97783595744157,6.51713867463591,6.07933603569424,5.92742,3.94355,4.44062
3.01964215690564,6.52419425365382,6.0812918994542,5.92742,3.94355,4.44062
3.05202238469976,6.54681876640534,6.08391070126265,5.92742,3.94355,4.44062
3.07442473626938,6.55071704527563,6.08633143302019,5.94172,4.08761,4.25696
3.06826408501407,6.53848959012113,6.08750292020858,5.94172,4.08761,4.25696
3.02151948898347,6.57266049335713,6.08770116724463,5.94172,4.08761,4.25696
2.9575871631178,6.58710956264358,6.08758686289601,5.94172,4.08761,4.25696
2.92939635232697,6.58443588639609,6.08754996915255,5.9835,4.18328,4.07661
2.94794476983979,6.59198032795615,6.08640668919618,5.9835,4.18328,4.07661
3.04833280960058,6.57810467939925,6.08484513850304,5.9835,4.18328,4.07661
3.0742767213175,6.55176328810444,6.08324005616802,5.9835,4.1382,4.23607
2.97914145792933,6.52891458259757,6.08167723937226,5.92302,4.1382,4.23607
2.8679659049663,6.49747592492557,6.07885499458205,5.92302,4.1382,4.23607
3.02815965996406,6.46509924954262,6.07388354950158,5.92302,4.1382,4.23607
3.1941874254001,6.46591348632185,6.06898879063402,5.92522,4.02273,4.52089
2.97816627391483,6.53345001326296,6.06433517772133,5.92522,4.02273,4.52089
2.75738485687522,6.55274146914688,6.06010621634684,5.92522,4.02273,4.52089
2.92127541404908,6.55920845435889,6.05444007493093,5.92522,4.02273,4.56048
3.20694117121426,6.58726648986309,6.04836365912573,5.94831,3.92705,4.56048
3.2153481220705,6.61023013707988,6.04162608772794,5.94831,3.92705,4.56048
3.03418527854831,6.60683707643556,6.03708218229712,5.94831,3.92705,4.56048
2.99269144642224,6.62612013580867,6.03246910400906,5.94831,3.88636,4.47581
2.90239165660059,6.65667481122198,6.02629495289361,5.94941,3.88636,4.47581
2.82979787705795,6.66733820342392,6.02174595616305,5.94941,3.88636,4.47581
2.87913276757887,6.64402673981911,6.01713947089944,5.94941,3.88636,4.47581
3.01529206728204,6.65950227436277,6.01290842340983,5.9956,3.95125,4.29106
3.0613877488212,6.62960297828295,6.00856548815943,5.9956,3.95125,4.29106
3.060973364922,6.59814971145215,6.00418272695547,5.9956,3.95125,4.29106
3.11993205278376,6.56739388928908,5.99953318737867,5.9956,3.95125,4.17119
3.10505370410558,6.53162847704182,5.99414676550618,6.0055,4.02713,4.17119
3.05325747301194,6.50102344373862,5.98784814644519,6.0055,4.02713,4.17119
2.92586671633518,6.52637261393611,5.97957061740225,6.0055,4.02713,4.17119
2.86269557002475,6.57952588310569,5.96966056778141,5.96371,4.02933,4.28996
2.98825063626769,6.58500156309601,5.95947010461803,5.96371,4.02933,4.28996
3.00508873382875,6.59314570834613,5.94886015205504,5.96371,4.02933,4.28996
2.97067119463526,6.62983133932328,5.93834317388821,5.96371,4.02933,4.56048
2.91543630242715,6.6483745239596,5.92418450492983,5.94172,3.97764,4.56048
3.05042609202847,6.64223163169765,5.90881609373948,5.94172,3.97764,4.56048
3.12121056435631,6.67446273255051,5.8957237990586,5.94172,3.97764,4.56048
3.0855526116309,6.69874226790472,5.88214540301474,5.94172,3.93585,4.55169
2.98591858269911,6.68721433025965,5.86547247047848,5.9824,3.93585,4.55169
2.92402428479983,6.68300693457117,5.84822637176158,5.9824,3.93585,4.55169
3.04807986797027,6.68910817669142,5.83394201515179,5.9824,3.93585,4.55169
3.00650838946118,6.65284501824986,5.82145510195089,5.93842,3.85777,4.56378
2.9885901240762,6.61811886226896,5.80878392220613,5.93842,3.85777,4.56378
2.9681459347024,6.58151084006913,5.79872311361173,5.93842,3.85777,4.56378
2.96796926873308,6.54156768942285,5.78865028631508,5.93842,3.85777,4.56378
2.97075655347033,6.50684356755708,5.77598691846903,5.95381,3.86767,4.57258
2.99199799635463,6.55933764071505,5.7643968515314,5.95381,3.86767,4.57258
3.02260562917014,6.57928115688816,5.75524820227702,5.95381,3.86767,4.57258
3.00371749584501,6.57712171000244,5.74723016731562,5.95381,4.22067,4.20198
3.04595139237154,6.58787884336596,5.73898723581955,5.96261,4.22067,4.20198
3.07201309084896,6.61461533777148,5.73154740618124,5.96261,4.22067,4.20198
3.06154283564821,6.61991256344701,5.72507608432879,5.96261,4.22067,4.20198
3.06710539955094,6.6187206722237,5.71974569782636,5.91642,4.28446,4.24157
2.93295716477401,6.6562731716738,5.71413096103839,5.91642,4.28446,4.24157
2.88007782087454,6.66463492962854,5.70720797317644,5.91642,4.28446,4.24157
2.9171112761458,6.65776433609859,5.70286910225156,5.91642,4.28446,4.63856
2.97817970146621,6.67090211642792,5.69992937206224,5.92082,4.07661,4.63856
3.00898497349725,6.65648896591643,5.69813893244426,5.92082,4.07661,4.63856
3.02100000569701,6.62338653769429,5.69592171935765,5.92082,4.07661,4.63856
3.05549725817441,6.5926274912895,5.69553989320744,5.92082,3.88636,4.81891
3.07519125458933,6.55312884970723,5.69751293864236,5.94721,3.88636,4.81891
3.11487424249785,6.51301386600699,5.70199573820403,5.94721,3.88636,4.81891
3.09029617031631,6.5197446552218,5.70771461737314,5.94721,3.88636,4.81891
2.89914228376918,6.57938669686543,5.71432902616991,5.96701,3.79399,4.68145
2.80842496055131,6.58504650263027,5.72425970255281,5.96701,3.79399,4.68145
2.99484938584912,6.5802920553465,5.73532590765166,5.96701,3.79399,4.68145
3.05628138180634,6.60981411529786,5.747733979882,5.96701,3.79399,4.489
3.016302405581,6.63098492092175,5.7612733099394,5.97251,3.86657,4.489
2.97998573045728,6.63297171626774,5.77582388901897,5.97251,3.86657,4.489
2.98640722618366,6.64437716934259,5.7906419482664,5.97251,3.86657,4.489
3.0252697090494,6.67816515422551,5.8054170488128,5.97581,4.06342,4.35924
3.02844460756921,6.68582847413061,5.82005147198476,5.97581,4.06342,4.35924
3.00735981478677,6.66916326268378,5.83218484771588,5.97581,4.06342,4.35924
3.02042131063903,6.68522988073921,5.8428829546502,5.97581,4.06342,4.44282
3.07396687643645,6.65393444591679,5.85205316703225,5.9868,4.04032,4.44282
3.01622950026105,6.62164931012183,5.85832041971026,5.9868,4.04032,4.44282
2.97182267704767,6.5890687918305,5.86312465036337,5.9868,4.04032,4.44282
2.94740149250145,6.54432169201666,5.86433509292538,5.9868,3.83688,4.61327
2.9458839001443,6.50768574908476,5.86229973733395,5.97691,3.83688,4.61327
2.97235175112814,6.5302206767099,5.85760389250705,5.97691,3.83688,4.61327
3.01741896487674,6.58057610487229,5.85104859463592,5.97691,3.83688,4.61327
3.02344676635679,6.57330115133171,5.84346402547126,5.96591,3.92045,4.60557
3.04118704779908,6.57963193196606,5.83418441485078,5.96591,3.92045,4.60557
3.01143510348169,6.6069496375619,5.82388732044412,5.96591,3.92045,4.60557
2.99408866477031,6.61558071463377,5.81380008633838,5.96591,3.92045,4.60557
3.00626393439551,6.60982017602429,5.80330607524568,5.94282,4.05902,4.55828
3.02891547880917,6.64335847568288,5.79425258893288,5.94282,4.05902,4.55828
3.03179891194866,6.66234405580764,5.78534090124229,5.94282,4.05902,4.55828
3.0115867889612,6.65921645980933,5.77596043738518,5.94282,4.03152,4.47691
2.9970862052991,6.65890542669295,5.76961584566279,5.94172,4.03152,4.47691
2.96656421492526,6.65200236170453,5.76519399559243,5.94172,4.03152,4.47691
2.92745602777717,6.62059743761095,5.76318055643093,5.94172,4.03152,4.47691
2.98597378635328,6.59194404917277,5.76314660391354,5.96261,4.1393,4.25806
3.02401086969994,6.55849178945117,5.76485701502508,5.96261,4.1393,4.25806
3.01038461204095,6.52268589418862,5.76920037446821,5.96261,4.1393,4.25806
3.02760017191289,6.49934733160186,5.77599140575714,5.96261,4.1393,4.25806
3.02132430180972,6.54817239523372,5.78403868900213,5.96591,4.1404,4.25367
3.02753115397228,6.57539033624408,5.79379961804635,5.96591,4.1404,4.25367
3.01386352312752,6.57436806636577,5.80579873126481,5.96591,4.1404,4.25367
3.00948147872887,6.59072501772261,5.81750755680235,5.96591,3.90506,4.44831
3.0183282645623,6.61679099992703,5.82958979181242,5.9824,3.90506,4.44831
2.97581286045388,6.61731224802688,5.84113888930953,5.9824,3.90506,4.44831
2.97373927256286,6.61332589843548,5.85366900337523,5.9824,3.90506,4.44831
2.99925346208472,6.64753538200402,5.86607962968885,5.9857,3.7313,4.55938
2.9380190689133,6.65894971665724,5.87789063645119,5.9857,3.7313,4.55938
2.99094975976231,6.64909961598543,5.89021964620883,5.9857,3.7313,4.55938
3.0523670796659,6.64903225052767,5.90237829814002,5.9857,3.7313,4.47031
3.06032533137807,6.62128341758864,5.91243517143626,5.9945,3.80499,4.47031
3.01578692768577,6.58292254529383,5.92134398364091,5.9945,3.80499,4.47031
2.95868215662014,6.54640472515229,5.92907833670639,5.9945,3.80499,4.47031
3.00621129367173,6.50189983789319,5.93557267783375,5.9923,3.96554,4.22177
3.01093566515756,6.46703842717134,5.9412095142835,5.9923,3.96554,4.22177
2.99777562847483,6.45721497461719,5.9455495815997,5.9923,3.96554,4.22177
3.0185721900975,6.5081066088476,5.94931418086339,5.9923,3.96554,4.23277
3.02404231121097,6.50668316691351,5.95252159771389,5.94831,4.01723,4.23277
2.99562699089127,6.4981291566469,5.95372519240108,5.94831,4.01723,4.23277
3.00657429553695,6.51413257696254,5.95334522392899,5.94831,4.01723,4.23277
2.96347671124458,6.53127634840551,5.95169659669546,5.94831,4.00183,4.29545
2.91009590938123,6.51328011820471,5.94775551618146,5.96481,4.00183,4.29545
2.97396270833757,6.52528151205272,5.9432624572089,5.96481,4.00183,4.29545
3.01675345151026,6.54354652212684,5.93629464611896,5.96481,4.00183,4.29545
3.12062732983998,6.53747715200737,5.92660672730696,5.94282,3.85447,4.30205
3.08172616357268,6.49459465687759,5.91505808881754,5.94282,3.85447,4.30205
3.03294968687141,6.48970014504737,5.90232061374675,5.94282,3.85447,4.30205
3.06090539635015,6.43723117042133,5.88807370595024,5.94282,3.85447,4.30205
2.95620603623542,6.38080820134956,5.87163369687147,5.92522,3.95345,4.27016
2.86067685493426,6.32171768605155,5.85248223451145,5.92522,3.95345,4.27016
2.91764868721346,6.25561619982345,5.83293320819185,5.92522,3.95345,4.27016
2.9487445686335,6.20127198778096,5.81074799149849,5.92522,4.25367,4.32515
2.98876753130277,6.19673680712217,5.78850757722744,5.88453,4.25367,4.32515
3.05643518638085,6.21480520284852,5.76795886508173,5.88453,4.25367,4.32515
3.09386164358696,6.18712673241243,5.74881066027147,5.88453,4.25367,4.32515
3.1235620694352,6.16471213241092,5.73081769184355,5.86474,4.47141,4.35044
3.08386961515141,6.17265426892214,5.71278053561363,5.86474,4.47141,4.35044
2.99007291944215,6.1653234978191,5.69763501922617,5.86474,4.47141,4.35044
2.91406987654679,6.14266318728636,5.68495585141015,5.86474,4.47141,4.25367
2.9068955253434,6.15912316999822,5.67387609876571,5.88563,4.39553,4.25367
2.93603984500263,6.17481974202429,5.66507096202825,5.88563,4.39553,4.25367
3.02206892411235,6.15600126245847,5.66002691601779,5.88563,4.39553,4.25367
2.9794736832408,6.14851569838733,5.65773624679136,5.88563,4.23717,4.00733
2.99401788889053,6.15151381090189,5.65904172331711,5.93952,4.23717,4.00733
3.08818080159217,6.12403262368909,5.66302464431386,5.93952,4.23717,4.00733
3.12514025519099,6.10254634453689,5.66940032566143,5.93952,4.23717,4.00733
3.03949576718546,6.08084627032878,5.67856997815661,5.95381,4.09641,4.09091
2.94803258076115,6.05924599263524,5.68871772403475,5.95381,4.09641,4.09091
2.87644482865373,6.06076929147642,5.70068444648764,5.95381,4.09641,4.09091
2.9273825573338,6.13990520974741,5.71392728276593,5.95381,4.09641,4.38893
2.95263968853874,6.1804884861069,5.72656404974309,5.96701,3.91166,4.38893
3.07544118852613,6.20231777266931,5.73947502064873,5.96701,3.91166,4.38893
3.14613487245243,6.23460616673611,5.75084042341866,5.96701,3.91166,4.38893
3.08983498891481,6.28445312549064,5.76053581498094,5.95931,3.88087,4.4967
3.0105117506142,6.30980709050057,5.76990021911509,5.95931,3.88087,4.4967
2.93937290058983,6.32666760851584,5.7763046394397,5.95931,3.88087,4.4967
2.96653843401903,6.38601762790994,5.78049707508404,5.95931,3.88087,4.47801
2.93910760360718,6.41881912315512,5.78431602399953,5.92082,4.01283,4.47801
2.90822609059009,6.42082678368382,5.78709174325765,5.92082,4.01283,4.47801
2.95145645450309,6.43284591162152,5.7881387974592,5.92082,4.01283,4.47801
3.05320665611311,6.41715333182667,5.78641661764825,5.92082,4.18548,4.31855
3.07041080741145,6.38893974358866,5.78399654611114,5.93292,4.18548,4.31855
3.07476204091803,6.35959871892402,5.78063442953054,5.93292,4.18548,4.31855
3.05788805955101,6.32639032498027,5.77704712858196,5.93292,4.18548,4.31855
3.0643840379322,6.28046042268312,5.77283287447501,5.94941,4.29985,4.17779
2.99439622049056,6.29427114761547,5.7689766097483,5.94941,4.29985,4.17779
2.91543952603268,6.35076163652593,5.76550729441839,5.94941,4.29985,4.17779
2.90941551563004,6.348958337801,5.7629346808764,5.94941,4.29985,4.17779
2.99183198978254,6.333119226101,5.76442997222925,5.92302,4.02383,4.39883
2.98452537926523,6.35849273981625,5.76666342602824,5.92302,4.02383,4.39883
2.98731964651803,6.38080419440173,5.76961061103527,5.92302,4.02383,4.39883
3.02065008829012,6.38089366965866,5.77352525044436,5.92302,3.93365,4.33394
3.09125082632424,6.39712620010009,5.77720022967648,6.02199,3.93365,4.33394
3.06427068855986,6.43468897766035,5.78286226096263,6.02199,3.93365,4.33394
2.9489882002668,6.44284074739754,5.78969464449833,6.02199,3.93365,4.33394
3.00025917278088,6.42250723710219,5.79724377716434,6.0077,4.07221,4.15359
3.07398698149275,6.43565991189759,5.80615799474753,6.0077,4.07221,4.15359
3.01327856662799,6.40451960979221,5.81491431643104,6.0077,4.07221,4.15359
2.89627052127742,6.3725016773722,5.8216908238171,6.0077,4.07221,4.26026
2.87218378033052,6.33921835150098,5.82693125499708,5.97471,4.1239,4.26026
3.03689453443827,6.29533802637538,5.83281835204897,5.97471,4.1239,4.26026
3.08355608890979,6.26651792936872,5.83730466952799,5.97471,4.1239,4.26026
3.05861570107861,6.28851992100305,5.84080946354983,5.97471,4.04362,4.45931
2.9837008493349,6.32962160588562,5.8435156542085,5.94282,4.04362,4.45931
2.9479756610986,6.31705751041735,5.84695826111254,5.94282,4.04362,4.45931
3.03664398182439,6.31807195741331,5.84976790352872,5.94282,4.04362,4.45931
3.09959317549832,6.34300252005631,5.85255765234043,5.95381,4.10411,4.46151
3.10220345644021,6.35171704403437,5.85451649057728,5.95381,4.10411,4.46151
2.86504082721853,6.33899695831281,5.85662324226613,5.95381,4.10411,4.46151
2.85789388465036,6.3702410638071,5.85831551639829,5.95381,4.10411,4.40213
2.92652005547792,6.38560924623686,5.85930871475886,5.95051,4.09641,4.40213
3.0061150697882,6.38147337843408,5.85944529789265,5.95051,4.09641,4.40213
3.12630975996612,6.37592637306279,5.85949039350314,5.95051,4.09641,4.40213
3.14659110165111,6.36085934984068,5.85825001335829,5.94501,3.98534,4.41312
3.04988314729182,6.3279106700091,5.85699066125844,5.94501,3.98534,4.41312
2.99773645197317,6.29878384260009,5.85491512688907,5.94501,3.98534,4.41312
2.92642267443995,6.26570642183192,5.85319336997294,5.94501,3.98534,4.41312
2.86787592722788,6.23021174202483,5.85211895534756,5.94062,4.04032,4.42852
2.95879073692436,6.20805481310923,5.84867459233262,5.94062,4.04032,4.42852
3.04531443843079,6.26912706829633,5.84502358470082,5.94062,4.04032,4.42852
3.01118445746055,6.3028225300477,5.84218221473105,5.94062,4.37793,4.36034
3.05169098396965,6.30872626062793,5.83959600689847,5.89993,4.37793,4.36034
3.04961506644574,6.32861279114709,5.83629475197124,5.89993,4.37793,4.36034
3.03507276545246,6.36446825816618,5.83175350085622,5.89993,4.37793,4.36034
2.98641626306506,6.37851877195767,5.82880519974699,5.90323,4.44941,4.37573
2.98949035798557,6.39174154740256,5.82730710272197,5.90323,4.44941,4.37573
2.97210643489981,6.44021948138199,5.82745785111031,5.90323,4.44941,4.37573
2.97921146728823,6.46472471997371,5.8279907127552,5.90323,4.44941,4.37573
3.00351800379453,6.47573330198213,5.82902710426664,5.97691,4.15249,4.33284
3.03026449102095,6.49719722356723,5.83227414333854,5.97691,4.15249,4.33284
3.01116621175647,6.48478475455431,5.83772543742699,5.97691,4.15249,4.33284
2.96776182080592,6.46666748202722,5.84642632226041,5.97691,3.80609,4.28666
2.96052413207634,6.4500910650878,5.85446970608747,6.03739,3.80609,4.28666
3.03472697476368,6.4294039139785,5.86258589826508,6.03739,3.80609,4.28666
3.01871086521169,6.41565054959439,5.8691626436466,6.03739,3.80609,4.28666
3.02056047448113,6.4265729240136,5.87555588424259,6.05059,3.60154,4.35044
3.03282662002834,6.49679929951165,5.88281114142233,6.05059,3.60154,4.35044
2.99236412450195,6.51083484679428,5.88850534436489,6.05059,3.60154,4.35044
3.01819457703743,6.51652317013494,5.89349205980479,6.05059,3.60154,4.35044
3.00613389609791,6.54599859581901,5.89765414928943,5.97691,3.7434,4.44941
2.99911930830947,6.57210010606084,5.89902313605443,5.97691,3.7434,4.44941
2.98912167354547,6.56271320972064,5.89876153559412,5.97691,3.7434,4.44941
2.9701243568916,6.58197035646294,5.89641547836069,5.97691,4.22947,4.4868
2.96518085936019,6.60575911655587,5.8931542014941,5.89443,4.22947,4.4868
2.97725534161391,6.60828707612067,5.88771040727426,5.89443,4.22947,4.4868
2.99370049305409,6.57697239094374,5.88166042064948,5.89443,4.22947,4.4868
2.98878468498822,6.57777774351803,5.87453015400716,5.91092,4.5176,4.27566
3.04584566282483,6.53401764872393,5.86747015594656,5.91092,4.5176,4.27566
3.08990900139653,6.48828300633729,5.85941932065536,5.91092,4.5176,4.27566
3.08792841088467,6.44207574855926,5.85221111517121,5.91092,4.5176,4.08871
3.05660868980493,6.39224272783139,5.84543975736916,5.96151,4.28886,4.08871
3.00401286203954,6.35216772935219,5.83957882883437,5.96151,4.28886,4.08871
2.90913148782487,6.37354517655016,5.8349080605791,5.96151,4.28886,4.08871
2.8216373808477,6.40410702240527,5.83209255423625,6.0099,3.88306,4.1151
2.94005711936405,6.39788276643368,5.83003957234138,6.0099,3.88306,4.1151
3.00611539703628,6.39794790579111,5.8292213397644,6.0099,3.88306,4.1151
2.98820724324818,6.4290012891701,5.82871590389599,6.0099,3.88306,4.1151
3.13664614497169,6.44600446832117,5.82984278513354,6.0055,3.78409,4.21298
3.12357729088432,6.4446106004538,5.83107805683635,6.0055,3.78409,4.21298
3.03209616646591,6.48295378872874,5.83242825294067,6.0055,3.78409,4.21298
3.06133975616988,6.51053615013358,5.83451957106124,6.0055,4.06122,4.27016
2.94551253117155,6.50072323105553,5.8351222706432,5.97691,4.06122,4.27016
2.9211486500949,6.50401150996902,5.83527508889748,5.97691,4.06122,4.27016
2.93849890960931,6.50707150938323,5.834316848986,5.97691,4.06122,4.27016
2.97182985695041,6.47560238687656,5.83237815042134,5.94831,4.38233,4.25806
2.97768080358969,6.44418298451668,5.82824843995957,5.94831,4.38233,4.25806
3.02303707742451,6.40570844838868,5.82285056670989,5.94831,4.38233,4.25806
3.02153658808657,6.36140253452262,5.81547371862488,5.94831,4.38233,4.25806
3.06334501099272,6.33737344670229,5.80825366396923,5.92962,4.36804,4.26136
3.04715537168843,6.39074892777682,5.80168033004371,5.92962,4.36804,4.26136
3.02214008415065,6.39391842556611,5.79468384283663,5.92962,4.36804,4.26136
2.99908629445846,6.37998242213115,5.78778599949953,5.92962,4.36804,4.23057
2.97958291108216,6.38106769196562,5.78166750400224,5.93182,4.23937,4.23057
2.94741294289111,6.39434262716947,5.77746203049948,5.93182,4.23937,4.23057
2.98996287660866,6.38458501500674,5.7745188327053,5.93182,4.23937,4.23057
2.9845563311437,6.37030322739894,5.77375509746946,5.94062,4.18109,4.17009
2.99725440941005,6.39964688860338,5.77509840271402,5.94062,4.18109,4.17009
2.99963975286016,6.40167041865572,5.77711293432741,5.94062,4.18109,4.17009
3.03359274294136,6.37548285154432,5.78179952492487,5.94062,4.18109,4.17009
3.06199487536964,6.37490561963745,5.78932930801211,5.95601,4.17669,4.17229
3.01556144739997,6.34496846215275,5.79721170000589,5.95601,4.17669,4.17229
3.01947227619446,6.30923220067861,5.80810809353366,5.95601,4.17669,4.17229
3.0006300692493,6.27673643769604,5.82026207273233,5.95601,4.04252,4.30755
2.96954222383424,6.24090549123603,5.83071021197332,5.95821,4.04252,4.30755
2.91369367706307,6.2068447441272,5.84236205505925,5.95821,4.04252,4.30755
2.96364262318681,6.22352137412609,5.85195407989397,5.95821,4.04252,4.30755
2.99234058946164,6.28619499933515,5.8596208225659,5.97911,3.94685,4.31525
3.10840374512111,6.29691670902945,5.86469893245216,5.97911,3.94685,4.31525
3.10273700342098,6.29893493944924,5.86708865152362,5.97911,3.94685,4.31525
3.00689047776277,6.33902804425898,5.86461425662142,5.97911,3.94685,4.20418
2.93597388044862,6.36898751916137,5.85956456281711,5.97801,4.08101,4.20418
2.93919566227441,6.36841516837189,5.8512463832639,5.97801,4.08101,4.20418
2.99927488426074,6.38992581233871,5.84195043725283,5.97801,4.08101,4.20418
2.99353422615277,6.42543704595534,5.83108567327303,5.92082,4.31745,4.24377
3.02718120339493,6.4351466117864,5.81950260428535,5.92082,4.31745,4.24377
3.03915596304718,6.42256891244782,5.8071192926162,5.92082,4.31745,4.24377
3.01841149684277,6.4357177513405,5.7950501162345,5.92082,4.31745,4.24377
2.98828156101877,6.40689573452275,5.78373684963988,5.91202,4.45381,4.41422
2.97666378193381,6.37875766876206,5.77219593321239,5.91202,4.45381,4.41422
2.97262047208556,6.3505550961835,5.76176501233674,5.91202,4.45381,4.41422
3.00324716031994,6.31852966666475,5.75488454286935,5.91202,4.10411,4.4923
2.99844122101566,6.29801960189838,5.74948492946769,5.93402,4.10411,4.4923
3.00439973837924,6.33411219590506,5.74626475214487,5.93402,4.10411,4.4923
3.09012132161824,6.38185908965647,5.74605801218186,5.93402,4.10411,4.4923
3.07867499686554,6.38204102720411,5.74818279034127,5.96481,3.91606,4.25037
3.0454772784751,6.39992604820797,5.75347716893052,5.96481,3.91606,4.25037
2.96346540392691,6.44142623329378,5.7604174467823,5.96481,3.91606,4.25037
2.8846883058887,6.4646968614544,5.76982942716113,5.96481,3.91606,4.25037
2.82139007697789,6.46698007450479,5.78067992490062,5.93952,4.23167,4.1107
2.94231119155526,6.51505901505531,5.79363735304244,5.93952,4.23167,4.1107
3.03857053268524,6.54278450318815,5.80676887708337,5.93952,4.23167,4.1107
3.14062228407419,6.54953345758807,5.82145523637821,5.93952,4.23167,4.30205
3.12686855138448,6.56659560964703,5.83681712225008,5.93072,4.45821,4.30205
3.09796643285118,6.55905482347629,5.85256345656003,5.93072,4.45821,4.30205
3.01602014482045,6.53391094636578,5.86628733206722,5.93072,4.45821,4.30205
2.97968352161685,6.51035669970541,5.87753330919496,5.96481,4.22837,4.44941
2.94874714445144,6.4813830817735,5.88788197365747,5.96481,4.22837,4.44941
2.84329869275956,6.44848930875999,5.89663839428579,5.96481,4.22837,4.44941
2.95499489272589,6.43092164003101,5.90405234924684,5.96481,4.22837,4.44941
3.08402990208286,6.49191425004161,5.91025343894249,5.97801,3.88087,4.41752
3.00638205406229,6.51163517576523,5.91524725358147,5.97801,3.88087,4.41752
2.98794785443772,6.511991063206,5.91813986703956,5.97801,3.88087,4.41752
3.00408738866294,6.53056063699072,5.91728070872354,5.97801,3.88526,4.33065
3.02492422580228,6.55825965617763,5.91433942992503,6.0022,3.88526,4.33065
3.02763128810799,6.56171957746235,5.91081301427338,6.0022,3.88526,4.33065
2.97475778866202,6.56869368441301,5.9057233548339,6.0022,3.88526,4.33065
3.0224377408186,6.60467359178193,5.89887659645997,5.9956,4.23607,4.16679
3.05274111835842,6.62345068956929,5.89125357152215,5.9956,4.23607,4.16679
3.0384587778349,6.61358750397359,5.88203075632543,5.9956,4.23607,4.16679
2.98913598424475,6.62502392029829,5.87207923782961,5.9956,4.23607,4.26466
2.98490687351922,6.6019873463074,5.86158317811824,5.95271,4.32405,4.26466
2.99285931626963,6.57287252558377,5.8507967576641,5.95271,4.32405,4.26466
3.01166718035963,6.54590917657789,5.83871564220606,5.95271,4.32405,4.26466
2.91505392933734,6.51322132653389,5.82761058166705,5.94501,4.24377,4.28556
2.90217242317672,6.4768820801473,5.81726178574938,5.94501,4.24377,4.28556
2.99462481836304,6.4821751078746,5.80893506122279,5.94501,4.24377,4.28556
3.07523587270146,6.54609795716444,5.80165048705133,5.94501,4.24377,4.28556
3.10498415448755,6.55310474473089,5.79585835941648,5.97031,4.26026,4.19538
3.09730313886889,6.55610613111164,5.79075475483291,5.97031,4.26026,4.19538
3.04386728102736,6.5867540273636,5.78744884762149,5.97031,4.26026,4.19538
2.93369299089109,6.60615244856975,5.78624133719692,5.97031,4.21628,4.20748
2.84105876831499,6.59539837733672,5.78529613781226,5.9824,4.21628,4.20748
2.96848429764464,6.61782204199096,5.78650119076963,5.9824,4.21628,4.20748
3.07869941086278,6.64664263245715,5.79176944096944,5.9824,4.21628,4.20748
3.06500603273324,6.65283830895284,5.79899274159769,5.9989,4.1184,4.27346
3.03298714371395,6.62903037282665,5.80819443157458,5.9989,4.1184,4.27346
2.96259333154415,6.63721008390935,5.81873963885918,5.9989,4.1184,4.27346
2.93512087204375,6.60459239063399,5.82983550273071,5.9989,4.1184,4.27346
2.97881546562083,6.57270452647132,5.84225524084098,5.9967,3.89956,4.34054
3.0334611846044,6.54018576746136,5.85543405337534,5.9967,3.89956,4.34054
3.05068542558665,6.49996190888154,5.86895971429005,5.9967,3.89956,4.34054
3.04163179884805,6.46698010677159,5.88194200096993,5.9967,3.89956,4.32295
3.02906403473813,6.50350989910512,5.89611988279543,5.97141,3.92045,4.32295
3.00123573707283,6.54940611042587,5.91011701121865,5.97141,3.92045,4.32295
2.97952138504104,6.55238195766639,5.92211241562603,5.97141,3.92045,4.32295
2.95094055529991,6.5652923765493,5.93251894340906,5.94611,4.28116,4.31415
2.94777457849601,6.60093118461919,5.94135769907387,5.94611,4.28116,4.31415
2.95852620802798,6.61129172768752,5.94646490578963,5.94611,4.28116,4.31415
3.00889888921132,6.61207994161209,5.95063706266252,5.94611,4.28116,4.31415
3.01978490126487,6.65625744136183,5.9520443397073,5.94611,4.27786,4.35044
3.05828699069432,6.68282267491538,5.95115658946796,5.94611,4.27786,4.35044
3.08685465104733,6.67618071325129,5.9502054652263,5.94611,4.27786,4.35044
3.08885333318636,6.68666980870336,5.94705684519315,5.94611,4.09311,4.25587
3.05569832540123,6.68706760854246,5.94234611799629,5.97141,4.09311,4.25587
2.97331561511518,6.66113174939417,5.93522106500631,5.97141,4.09311,4.25587
2.86826427467158,6.63694018975804,5.92464298774852,5.97141,4.09311,4.25587
2.83272131787654,6.6076005943977,5.91301014073355,5.9868,4.10191,4.1393
2.93247387646731,6.57160210337118,5.90093931448821,5.9868,4.10191,4.1393
3.04283131434775,6.56104469873647,5.88856436492214,5.9868,4.10191,4.1393
3.04384481623846,6.63055860785831,5.87673241786568,5.9868,4.10191,4.1129
3.06555283160326,6.64815507176397,5.86453849749757,5.9934,4.28006,4.1129
3.1814635130693,6.64832805087541,5.85148827992815,5.9934,4.28006,4.1129
3.11935926989101,6.67007559452471,5.83776583255267,5.9934,4.28006,4.1129
2.95652423207518,6.69629286411593,5.82536485063802,5.9813,4.20968,4.28226
2.90053511777175,6.69671829974955,5.81353796034179,5.9813,4.20968,4.28226
2.86281393592789,6.69829295081191,5.80157445318536,5.9813,4.20968,4.28226
2.92049637952783,6.73463608534766,5.79187028874029,5.9813,4.20968,4.28226
3.08382536061093,6.74015057899145,5.78343057294036,5.95271,4.05682,4.34604
3.00350001073892,6.72728496492561,5.77711740999658,5.95271,4.05682,4.34604
3.03045733382498,6.73665380944274,5.77339099880333,5.95271,4.05682,4.34604
3.12817342311226,6.70831448559231,5.77306500736101,5.95271,4.1294,4.35374
3.00429068026428,6.67149644285388,5.77353263933525,5.93072,4.1294,4.35374
2.95331795496848,6.63595865665269,5.77645611596021,5.93072,4.1294,4.35374
2.9197217534716,6.59194466563479,5.78192770473807,5.93072,4.1294,4.35374
2.94079636201575,6.54810142322879,5.78995303931595,5.97361,4.36913,4.1371
2.97971863083872,6.56331099957891,5.79977895718397,5.97361,4.36913,4.1371
3.02610899404483,6.61814734102621,5.81143972365853,5.97361,4.36913,4.1371
3.11540774285058,6.61707903972774,5.82530075977659,5.97361,4.36913,4.1371
3.14057652868319,6.6098271213174,5.84031066357546,5.9824,4.31745,4.1316
3.06067019689067,6.63950131682305,5.85573885184011,5.9824,4.31745,4.1316
2.95065892936592,6.65536763195083,5.87074674910859,5.9824,4.31745,4.1316
2.88116865187558,6.65155275640712,5.88544586052139,5.9824,4.31745,4.44172
2.92700305788567,6.66934027750484,5.90196637243801,5.96701,3.96444,4.44172
2.90892554092954,6.69679293738507,5.9189310971318,5.96701,3.96444,4.44172
2.92081861758736,6.69926691856609,5.9318648308572,5.96701,3.96444,4.44172
3.06674702514908,6.67885900240681,5.94557085417783,5.96371,3.761,4.56708
3.08896092388063,6.68102568219834,5.958104005891,5.96371,3.761,4.56708
3.11657120205147,6.64036974776422,5.96575316015524,5.96371,3.761,4.56708
3.12763922893681,6.59818432045962,5.97143844034199,5.96371,3.761,4.56708
3.06341205577775,6.55277755660863,5.97373286871778,6.0099,4.02933,4.26906
2.8823487069551,6.49100168436733,5.97264730932005,6.0099,4.02933,4.26906
2.90237121917069,6.45113144913162,5.97137652955305,6.0099,4.02933,4.26906
2.95974784145834,6.47144315947902,5.96730087723221,6.0099,4.28226,4.24047
2.97402500628311,6.49331322059305,5.96124569732081,5.96371,4.28226,4.24047
2.97084793546638,6.46649182957369,5.95573992358818,5.96371,4.28226,4.24047
3.00048050761711,6.45952946019915,5.94754376862915,5.96371,4.28226,4.24047
3.04248001606594,6.47178743363545,5.9386514930214,5.96041,4.17889,4.43512
3.02987868903953,6.46747571517247,5.92876820136173,5.96041,4.17889,4.43512
3.0302821415292,6.44207675367493,5.91771496670364,5.96041,4.17889,4.43512
3.02008804132062,6.46666011327965,5.90510582274909,5.96041,4.17889,4.35594
3.02193235911286,6.46713698379903,5.89258088032576,6.0099,3.96994,4.35594
3.09810382183697,6.45275888526337,5.87947475918857,6.0099,3.96994,4.35594
3.05155679722749,6.45057600182263,5.86681723241417,6.0099,3.96994,4.35594
2.87828108190153,6.42550023013214,5.85492948800642,5.97031,3.97874,4.27676
2.97560783740423,6.38648852173798,5.84277764567272,5.97031,3.97874,4.27676
2.95092720058554,6.35175512789695,5.8315111605289,5.97031,3.97874,4.27676
2.90579211219639,6.31212545904933,5.82337164154906,5.97031,3.97874,4.27676
3.01686173004105,6.26597229173791,5.81667217695082,5.90213,4.27566,4.41532
3.01055409350754,6.24818327051379,5.80963131117985,5.90213,4.27566,4.41532
3.018048584662,6.30988290729533,5.80635335283046,5.90213,4.27566,4.41532
3.05285081537299,6.3312867065283,5.80710669768821,5.90213,4.34054,4.5176
3.07267844617047,6.33699745566498,5.81175585196134,5.89883,4.34054,4.5176
3.0619692503696,6.35844096679979,5.81674424133068,5.89883,4.34054,4.5176
3.03024796113805,6.39165171704256,5.82519731214699,5.89883,4.34054,4.5176
2.97543369428708,6.40278920274871,5.83321286499525,5.9945,4.09531,4.27126
3.01238003641778,6.41792275092976,5.84094140162442,5.9945,4.09531,4.27126
2.9891415101533,6.4587377390322,5.85021575337358,5.9945,4.09531,4.27126
2.9324302780627,6.47613023486992,5.86069713328517,5.9945,4.09531,4.27126
2.91457979133735,6.47750425903788,5.87082826135943,6.04509,3.99523,3.94685
2.99790854733037,6.49433211938196,5.88120564638172,6.04509,3.99523,3.94685
2.95985724597883,6.47354672315637,5.89176802238048,6.04509,3.99523,3.94685
2.99804284993294,6.44864007405146,5.90064299500062,6.04509,3.99523,4.08541
3.05394202862742,6.42345638389106,5.90775143362637,6.0099,4.16349,4.08541
3.05768215409268,6.3892244627706,5.91306991035012,6.0099,4.16349,4.08541
3.10016952004979,6.35752145687965,5.91724251066522,6.0099,4.16349,4.08541
3.06338028425292,6.36458528544053,5.92020361083559,5.95491,4.19098,4.44941
2.93987419096085,6.43166709035497,5.92098840685005,5.95491,4.19098,4.44941
2.87582933824607,6.44003730953535,5.91841847510829,5.95491,4.19098,4.44941
3.02835353712941,6.43780745730633,5.91614271629304,5.95491,4.19098,4.44941
3.14004393985981,6.46168333734772,5.91120834188702,5.94941,4.1151,4.47141
3.0566263748854,6.48127894587514,5.90262631356821,5.94941,4.1151,4.47141
2.8580654320684,6.46790906912087,5.89553409238912,5.94941,4.1151,4.47141
2.95211841025848,6.49737635006473,5.88799015061282,5.94941,4.1195,4.22617
2.93047565418094,6.5252168817095,5.8804291402668,5.97691,4.1195,4.22617
2.93429994961342,6.53126245013819,5.87427467248694,5.97691,4.1195,4.22617
3.05652548678643,6.51832197687833,5.87002605767387,5.97691,4.1195,4.22617
3.1084039473689,6.53358149922019,5.86704513425454,5.95931,4.21518,4.16239
3.07499159494065,6.50780780735304,5.86530404089662,5.95931,4.21518,4.16239
3.06408755625716,6.4844543270715,5.86420495679737,5.95931,4.21518,4.16239
2.99417232727046,6.46178166694692,5.86410715159422,5.95931,4.21518,4.29985
2.90872912683123,6.4376877646006,5.86392239457807,5.97031,4.1217,4.29985
2.9172285133377,6.41851452185236,5.86409833821927,5.97031,4.1217,4.29985
2.99743745102344,6.47027020359441,5.86352908868305,5.97031,4.1217,4.29985
3.09270049465068,6.52317575239232,5.86457768795407,5.989,4.01723,4.24157
3.02980673876464,6.54091555472569,5.86575189669385,5.989,4.01723,4.24157
2.99443351701632,6.56167474746941,5.86728584880021,5.989,4.01723,4.24157
3.07362317705604,6.60844769418565,5.86888453030444,5.989,4.01723,4.24157
3.02952967494209,6.62453467961424,5.86903961609817,5.989,4.22617,4.17449
2.86282128512829,6.63724049729521,5.868506427001,5.989,4.22617,4.17449
2.86264669067506,6.68600163366058,5.86856098947329,5.989,4.22617,4.17449
3.00380057887033,6.71352029354711,5.86686386812099,5.989,4.31855,4.32845
3.01491577739215,6.71047732177552,5.86297965990157,5.94172,4.31855,4.32845
3.05372202750998,6.73269415884655,5.85934667005332,5.94172,4.31855,4.32845
3.12117714223272,6.73424280670057,5.8569377341153,5.94172,4.31855,4.32845
3.12140774741063,6.70806460497293,5.85581909453703,5.91862,4.32185,4.37903
3.0383142807308,6.6832672263277,5.85307897769351,5.91862,4.32185,4.37903
2.98117877872966,6.65476352033566,5.85269754248645,5.91862,4.32185,4.37903
2.94373351381098,6.62039782458686,5.85425019833638,5.91862,4.32185,4.37903
2.873413113215,6.61316293528826,5.85776571635818,5.93182,4.24047,4.31195
2.86531077487186,6.68344679259546,5.8650332411662,5.93182,4.24047,4.31195
2.97598164550418,6.69914500905344,5.8763265655242,5.93182,4.24047,4.31195
3.03987911576305,6.70629576949747,5.89082936837628,5.93182,4.24047,4.25587
3.12159447811386,6.73415731708428,5.9087103680855,5.96041,4.1074,4.25587
3.13828476934619,6.7610988381829,5.92852548784067,5.96041,4.1074,4.25587
3.07252048215442,6.77209801857465,5.94968605844499,5.96041,4.1074,4.25587
2.9630045016231,6.79022514522218,5.9712493448368,5.9879,4.01393,4.21408
2.89575499221348,6.84064367857486,5.99330211006953,5.9879,4.01393,4.21408
2.91480535598229,6.8524615534884,6.01644927415577,5.9879,4.01393,4.21408
3.0133040594509,6.84604483967302,6.03812670711875,5.9879,4.01393,4.21408
3.01253643704743,6.87841266421011,6.05725124790449,5.97471,4.07881,4.15799
3.0397570860429,6.86163587267003,6.07532240666163,5.97471,4.07881,4.15799
3.0366062824592,6.8358047775441,6.09161065808138,5.97471,4.07881,4.15799
3.00257577145684,6.81030748347528,6.10352556472363,5.97471,4.28006,4.1151
3.00232671007066,6.77547904344792,6.11191529972467,5.94941,4.28006,4.1151
2.98434750223541,6.73824644733518,6.11869670013375,5.94941,4.28006,4.1151
2.97550434004002,6.76297061818652,6.12282799670681,5.94941,4.28006,4.1151
2.99420344681804,6.82167419116802,6.12431391197149,5.93292,4.33724,4.15689
3.01953181922599,6.82105082411017,6.1247762926333,5.93292,4.33724,4.15689
3.02362086835047,6.81938237423215,6.12412743216578,5.93292,4.33724,4.15689
3.02893709828376,6.84734549239255,6.12177185930289,5.93292,4.33724,4.16899
3.02427962817915,6.85557127156437,6.11849330618612,5.94062,4.24487,4.16899
2.99450223790729,6.84879424961095,6.11532586186056,5.94062,4.24487,4.16899
2.95696523401511,6.86592009906414,6.11207808325673,5.94062,4.24487,4.16899
2.98839936113939,6.88928211378518,6.10897973061814,5.95931,4.16129,4.14699
2.98391707880696,6.88409599380432,6.10754386519285,5.95931,4.16129,4.14699
3.00817139237339,6.86289289915061,6.10778520207263,5.95931,4.16129,4.14699
3.02336210604586,6.86602000491274,6.11035285165962,5.95931,4.16129,4.14699
3.01774534768364,6.82653887457129,6.11560041028036,5.97691,4.15249,4.15029
3.01610520046158,6.78860690257214,6.12325203159673,5.97691,4.15249,4.15029
3.00935875963977,6.74889030093564,6.13203631286492,5.97691,4.15249,4.15029
2.9959562610045,6.69330624565285,6.14218042658445,5.97691,4.16459,4.17559
2.99176219748071,6.66796384695779,6.15294473142533,5.97691,4.16459,4.17559
3.00928328843154,6.70278460064287,6.16586863092638,5.97691,4.16459,4.17559
2.99332340994632,6.73291455891793,6.17980550613838,5.97691,4.16459,4.17559
3.00322088358612,6.71993590551382,6.19465168763549,5.96811,4.14589,4.18988
2.99750883936052,6.73191139952857,6.20962312170482,5.96811,4.14589,4.18988
3.01765190799546,6.75018827305234,6.22464526276896,5.96811,4.14589,4.18988
2.99577809784593,6.74851313738355,6.2394490131873,5.96811,4.14589,4.18988
2.98708525078578,6.73842282510345,6.25400974717702,5.97361,4.1294,4.17669
3.00128809325225,6.77197708294615,6.26807190898611,5.97361,4.1294,4.17669
3.01518947228353,6.7777512590063,6.28164667454593,5.97361,4.1294,4.17669
3.01985457909596,6.76789537123118,6.29529426448264,5.97361,4.1294,4.16899
3.01442029414849,6.77809104059146,6.30850545879302,5.97581,4.1217,4.16899
2.99385015614415,6.75684996736677,6.32149653468405,5.97581,4.1217,4.16899
2.99911651570996,6.72201017218303,6.33483612838348,5.97581,4.1217,4.16899
2.99339499592805,6.69088651581898,6.34850830706628,5.96921,4.14589,4.18218
3.00003177477166,6.6474636729156,6.3617653155388,5.96921,4.14589,4.18218
3.00755474124353,6.61256026068039,6.37617937056274,5.96921,4.14589,4.18218
2.99350754891542,6.60218611272074,6.39102992049814,5.96921,4.14589,4.18218
3.011819700767,6.6638131266628,6.40725911050378,5.95051,4.19208,4.22947
2.98985644888607,6.68032409169028,6.42498721405009,5.95051,4.19208,4.22947
3.01348577516822,6.68206225863853,6.44334540762051,5.95051,4.19208,4.22947
3.03063055699416,6.70909737889174,6.46331690290968,5.95051,4.22947,4.26246
3.00488402888553,6.72793424144063,6.48443722002307,5.95491,4.22947,4.26246
2.98117467194856,6.72840328479943,6.50687695998463,5.95491,4.22947,4.26246
3.00678960066388,6.74431623783426,6.53038433681972,5.95491,4.22947,4.26246
2.99300619069077,6.77907347063478,6.55536673889513,5.96151,4.23497,4.26906
3.00597173342196,6.79437377950469,6.58122201692311,5.96151,4.23497,4.26906
3.00767387608075,6.78758052452756,6.60803711131523,5.96151,4.23497,4.26906
3.00195611064457,6.80979441502114,6.63541656965857,5.96151,4.23497,4.25696
3.0100397935797,6.78858716365362,6.6644127296902,5.96591,4.23277,4.25696
2.99237335473699,6.76477984547941,6.69386020465273,5.96591,4.23277,4.25696
2.99698321247682,6.74179014691144,6.72410688523122,5.96591,4.23277,4.25696
3.01465927092951,6.70873689427935,6.75502640775443,5.96261,4.22397,4.24817
3.01194505164216,6.69003825851995,6.78665403540858,5.96261,4.22397,4.24817
2.99640925558148,6.71172254831392,6.81954458316405,5.96261,4.22397,4.24817
3.01012462041542,6.78305563880777,6.85334619453328,5.96261,4.22397,4.24817
2.9997302546482,6.79529460676694,6.88761787240859,5.96261,4.21518,4.23167
3.01673014567802,6.8078541236841,6.92279577643359,5.96261,4.21518,4.23167
3.00362828858397,6.84483469139521,6.9590962150965,5.96261,4.21518,4.23167
2.97337044033159,6.86097288781084,6.99606591972896,5.96261,4.20308,4.21518
3.00692184479093,6.85569893742686,7.0343082310388,5.97251,4.20308,4.21518
3.00129493489599,6.89358418151694,7.07325758042524,5.97251,4.20308,4.21518
3.01682576716558,6.92031846092466,7.11365169599362,5.97251,4.20308,4.21518
3.01237035901915,6.9271171912811,7.1543026866837,5.9824,4.19208,4.21078
3.00791929123753,6.91480862581809,7.1960181115091,5.9824,4.19208,4.21078
2.99920189397597,6.91867777730828,7.23861944034628,5.9824,4.19208,4.21078
2.9895901015258,6.88546347650563,7.28219128185951,5.9824,4.19208,4.21078
2.99840991967489,6.85288818958346,7.32581129798111,5.9901,4.19868,4.21188
3.02451199524324,6.81334035675239,7.37026960538583,5.9901,4.19868,4.21188
2.99873805258474,6.76906418148568,7.41474539340112,5.9901,4.19868,4.21188
3.00700956858546,6.74372228006633,7.4598076074859,5.9901,4.19868,4.21188
2.99349838044606,6.78026864992269,7.50513186259079,5.9835,4.20858,4.21188
2.99498200053617,6.81057944704695,7.54917640623804,5.9835,4.20858,4.21188
3.02345138746736,6.80523414493798,7.59419149675958,5.9835,4.20858,4.21188
3.00622911732334,6.81139048263818,7.63859776234539,5.97801,4.20858,4.20968
2.99412893407789,6.83252491300136,7.68344873291882,5.97801,4.20858,4.20968
3.00312983229588,6.82406478855993,7.72846207928235,5.97801,4.20858,4.20968
3.01688598207117,6.82190817758452,7.77403683039349,5.97801,4.20858,4.20968
2.99310845547735,6.85313760750094,7.81968116839324,6.0022,4.21738,4.18438
3.00733932056639,6.8651791838215,7.86580626122888,6.0022,4.21738,4.18438
3.00346186517988,6.84187059958152,7.91259685460814,6.0022,4.21738,4.18438
3.00364999411469,6.84452522477156,7.96133642427538,6.0022,4.24597,4.1371
2.98393189109623,6.83215094222716,8.01122551799608,6.02529,4.24597,4.1371
2.99977137551373,6.79499350908161,8.06235422582504,6.02529,4.24597,4.1371
3.00011836662743,6.76000428686059,8.11514171202317,6.02529,4.24597,4.1371
3.0275632727027,6.7131401951113,8.1687536359005,6.09348,4.30865,4.1316
3.01457050459143,6.67313644574685,8.22380051807237,6.09348,4.30865,4.1316
3.01582080513661,6.66718179416317,8.27963199467504,6.09348,4.30865,4.1316
3.0072825138117,6.72490998257735,8.33591943602801,6.09348,4.30865,4.30205
3.00885441149392,6.73004075294029,8.39134051465597,6.23314,4.38123,4.30205
2.9779983888019,6.72370455362736,8.44566435354744,6.23314,4.38123,4.30205
2.9369618395476,6.74390350925357,8.49730335993676,6.23314,4.38123,4.30205
3.03277116882032,6.74596301174801,8.54651188816399,6.3574,4.44831,4.58468
3.01655533974612,6.73894891826894,8.59083912748819,6.3574,4.44831,4.58468
3.04536033226039,6.74400332957129,8.63008946643235,6.3574,4.44831,4.58468
3.01095141056183,6.77076626136311,8.66219548470724,6.3574,4.44831,4.58468
2.99936895430476,6.76815808088036,8.68679121618993,6.41239,4.4945,4.81672
2.96955602028166,6.75062510059234,8.70256643137486,6.41239,4.4945,4.81672
2.9645503333481,6.7708708771815,8.70838998812483,6.41239,4.4945,4.81672
3.00673925224514,6.7435237979513,8.70369736425095,6.41239,4.47581,4.90579
3.0467782718198,6.71547989774676,8.68768500225643,6.41679,4.47581,4.90579
3.01687288512682,6.69016870722081,8.66026492399932,6.41679,4.47581,4.90579
3.02389954029973,6.65270877157188,8.62092944748841,6.41679,4.47581,4.90579
2.99138047602785,6.6254868182436,8.57050611024156,6.39589,4.40323,4.84641
2.97617947824324,6.67382754626984,8.50852517936649,6.39589,4.40323,4.84641
3.00355299189065,6.74681261644305,8.43646837044263,6.39589,4.40323,4.84641
3.00909187188909,6.76951544704338,8.35415083591682,6.39589,4.40323,4.84641
3.00745020913204,6.79207636834802,8.26352595763164,6.34861,4.30865,4.72324
2.98205085257144,6.84083808726232,8.16505693215715,6.34861,4.30865,4.72324
3.00615219845479,6.87003133135792,8.06084537228451,6.34861,4.30865,4.72324
2.99148413678309,6.89296471299368,7.95163952809416,6.34861,4.30865,4.59018
3.02414320895629,6.94700248886948,7.83896301058881,6.27163,4.21078,4.59018
3.00540354965896,6.99280416840674,7.72423934980924,6.27163,4.21078,4.59018
3.0198196594056,7.02076038950333,7.60933034075642,6.27163,4.21078,4.59018
2.9997081177708,7.03290287011409,7.49501545724681,6.18915,4.1118,4.4923
3.01939766963312,7.06374419323735,7.38179067202636,6.18915,4.1118,4.4923
2.98456203571147,7.05193087042905,7.27245874502739,6.18915,4.1118,4.4923
2.99269463076763,7.04055613262912,7.16660363762481,6.18915,4.1118,4.4923
3.01036434492389,7.02255674848505,7.06615639102857,6.10557,4.02493,4.45161
2.99427405007414,6.98780522075586,6.97057720673439,6.10557,4.02493,4.45161
2.99224587949725,6.98751324550113,6.88092395219021,6.10557,4.02493,4.45161
3.01031689943129,7.03889458688104,6.79679855827221,6.10557,3.97434,4.44062
3.01919369913919,7.08209987022868,6.71868126149681,6.05609,3.97434,4.44062
2.9938764454845,7.07913295250813,6.6460916685291,6.05609,3.97434,4.44062
3.0182028652801,7.09860383645099,6.58021542571832,6.05609,3.97434,4.44062
2.99940721086995,7.1206212192494,6.51976332728433,6.04179,3.95455,4.43182
3.01280883502159,7.12050630699909,6.46478957686786,6.04179,3.95455,4.43182
2.9969691527447,7.11620998020978,6.4142909554683,6.04179,3.95455,4.43182
3.00203303507779,7.14947179616072,6.36816190089196,6.04179,3.95455,4.42742
2.99428008954715,7.15405634168605,6.32636470053765,6.0165,3.95894,4.42742
2.99375349127759,7.13896590041063,6.2884971781981,6.0165,3.95894,4.42742
3.00611859267801,7.14145340523102,6.25441231235525,6.0165,3.95894,4.42742
3.01445783237512,7.11080751531594,6.22289517122492,6.0165,3.98754,4.43182
3.00448127109763,7.06779270533426,6.19477755857986,6.0165,3.98754,4.43182
3.01535334966796,7.02726073349058,6.16884183005077,6.0165,3.98754,4.43182
2.99896910785024,6.96678268360542,6.14590265205174,6.0165,3.98754,4.43182
2.99658960850323,6.92713085539807,6.1245152085758,6.04949,4.02163,4.42522
3.00924917175599,6.91126161367897,6.10580796405783,6.04949,4.02163,4.42522
2.99453164724108,6.95480742942957,6.08809549580091,6.04949,4.02163,4.42522
3.00558943770156,6.95404933161498,6.07268749206955,6.04949,4.05462,4.37683
2.99794276402518,6.94450303202654,6.05815784218627,6.07808,4.05462,4.37683
3.01252135155578,6.95771748878429,6.04496767071548,6.07808,4.05462,4.37683
2.98534473544407,6.95578363363828,6.03305841543082,6.07808,4.05462,4.37683
3.0216268527773,6.93852571865992,6.02167029312883,6.06818,4.09091,4.34274
3.01711815834742,6.94127270115945,6.01111751597797,6.06818,4.09091,4.34274
2.99595236326305,6.9528196888874,6.00142885268359,6.06818,4.09091,4.34274
2.98612940194665,6.94358955913702,5.99276159238142,6.06818,4.09091,4.34274
3.00559271513609,6.9252126085508,5.98423384423809,6.02749,4.1184,4.33174
3.00301551205916,6.92699385642112,5.97653762999629,6.02749,4.1184,4.33174
3.00741875672508,6.88648816175365,5.96912984945532,6.02749,4.1184,4.33174
3.00708152606536,6.84388317858294,5.96214596524021,6.02749,4.1184,4.30645
2.99467223160436,6.79789820287477,5.95547566038751,6.011,4.1426,4.30645
3.00768030677095,6.74333919553578,5.94946034876708,6.011,4.1426,4.30645
3.00135390276442,6.71139056207558,5.94359802225844,6.011,4.1426,4.30645
3.00802078898304,6.724320590756,5.93813407764918,6.0165,4.136,4.26356
2.99200934563246,6.77194920132297,5.93289107723832,6.0165,4.136,4.26356
3.01989636591813,6.77089075965227,5.92831872194342,6.0165,4.136,4.26356
2.99056071404702,6.77193535968658,5.92411943004941,6.0165,4.136,4.26356
3.01555852692772,6.79487419575989,5.92049153512922,6.02419,4.1305,4.20638
3.00063831935953,6.79519596373475,5.91691800981511,6.02419,4.1305,4.20638
3.00501462213485,6.78424846154505,5.91356427449576,6.02419,4.1305,4.20638
2.99001024483741,6.81161340547787,5.91080032987708,6.02419,4.1437,4.18109
2.98527002741202,6.82940970104801,5.90807556167847,6.02749,4.1437,4.18109
3.01150808429164,6.83073893334531,5.90602016759024,6.02749,4.1437,4.18109
3.01588336348698,6.8178698168704,5.90394572771838,6.02749,4.1437,4.18109
3.01586665811928,6.82534888701334,5.90250153513971,6.02309,4.16129,4.16569
3.00431954493678,6.79480596212275,5.90073002224007,6.02309,4.16129,4.16569
2.99932832687009,6.7667146365906,5.89967676486613,6.02309,4.16129,4.16569
2.99833941654083,6.73108434987036,5.89882337473704,6.02309,4.16129,4.16129
2.98718554932694,6.69246983547624,5.89836427540389,6.0077,4.18658,4.16129
3.00375704944623,6.67941492588634,5.89767639392827,6.0077,4.18658,4.16129
3.01151135580148,6.72865757143425,5.897386562813,6.0077,4.18658,4.16129
2.99798177083684,6.76730413594264,5.8974342378093,6.0077,4.20858,4.16019
3.00627913082069,6.77454781474208,5.89763392494306,5.9945,4.20858,4.16019
2.9989305722283,6.79517169666228,5.89826141829341,5.9945,4.20858,4.16019
3.01685792488614,6.82335621246265,5.8985747142195,5.9945,4.20858,4.16019
3.01589383011673,6.82532316251059,5.89945436178885,5.9846,4.21298,4.15469
2.99815240679022,6.83653639926404,5.90005669660601,5.9846,4.21298,4.15469
2.98466729147032,6.8780986961301,5.90120546045653,5.9846,4.21298,4.15469
2.99433133149778,6.90187759098615,5.90203544427273,5.9846,4.20638,4.14699
3.00420121018918,6.8902257086178,5.90353547074407,5.97911,4.20638,4.14699
3.00601635931258,6.90722769175426,5.90454908177139,5.97911,4.20638,4.14699
3.0168617173388,6.90277608109036,5.90575010849192,5.97911,4.20638,4.14699
3.00094906769086,6.87874473838743,5.90682590806457,5.96481,4.20528,4.16129
3.00161042990085,6.8570897659562,5.90824468317218,5.96481,4.20528,4.16129
2.99810349747902,6.8211075657929,5.90942982839198,5.96481,4.20528,4.16129
3.0053573687642,6.79453687324988,5.91055343115618,5.96481,4.20528,4.16129
2.99897577516214,6.80599209908991,5.91183477588336,5.95381,4.20968,4.17449
3.01265167039289,6.87591311455796,5.91312422075679,5.95381,4.20968,4.17449
2.99431170780779,6.89262765510873,5.91486624278025,5.95381,4.20968,4.17449
3.00225348825253,6.90139478285911,5.91629063062551,5.95381,4.20968,4.18438
3.0115740481619,6.93051079849273,5.9177300043156,5.94831,4.19538,4.18438
3.00126191777391,6.94164583869626,5.9191211431031,5.94831,4.19538,4.18438
3.0031071426834,6.94618878881586,5.9203276615309,5.94831,4.19538,4.18438
2.98934959301502,6.96286827402192,5.92137373373727,5.94501,4.16129,4.16569
3.00871280711869,6.99676495007312,5.92270601587297,5.94501,4.16129,4.16569
2.99635455248538,6.9993202224735,5.92375436018958,5.94501,4.16129,4.16569
3.01926679348822,6.98391490092602,5.92487209609389,5.94501,4.16129,4.16569
3.00986051488145,7.00135956205337,5.92550017001006,5.95491,4.14699,4.1184
3.00816894991736,6.97100670431165,5.92628017011715,5.95491,4.14699,4.1184
2.99038409456421,6.93762388935807,5.92690223203552,5.95491,4.14699,4.1184
2.98500530034756,6.90309420505715,5.92734748407316,5.95491,4.14699,4.08981
2.99921985227407,6.85304518397446,5.92749577997914,5.96481,4.14699,4.08981
3.01065051770855,6.8242188383935,5.92726633134544,5.96481,4.14699,4.08981
3.00166064026057,6.85299111291821,5.92702426773457,5.96481,4.14699,4.08981
3.01412484716165,6.90316428086722,5.92665819713528,5.97471,4.15579,4.07001
3.0063356382119,6.90522784233883,5.92644494862404,5.97471,4.15579,4.07001
3.00784897623833,6.90765153089199,5.92561968787879,5.97471,4.15579,4.07001
3.01794828385503,6.93251478727092,5.92505444506733,5.97471,4.15579,4.07551
2.98867238937303,6.93991565652717,5.92398616225099,5.9868,4.14699,4.07551
2.99378252590337,6.94016065810916,5.92326483654262,5.9868,4.14699,4.07551
2.99004950286816,6.96805680540047,5.92198772349098,5.9868,4.14699,4.07551
3.00056370553508,6.98664644825352,5.92116477939732,5.9868,4.10411,4.09091
2.99815247775839,6.98821002038771,5.92007279209882,5.97581,4.10411,4.09091
3.01841983687177,6.97719858002094,5.9187495514757,5.97581,4.10411,4.09091
3.01266447779783,6.98411065040575,5.91762061330603,5.97581,4.10411,4.09091
3.0083261036171,6.95000480315806,5.91634381443424,5.95271,4.05682,4.09421
2.99711638164861,6.91741714057587,5.91531039682261,5.95271,4.05682,4.09421
3.00537295631572,6.87547715413215,5.91417505464352,5.95271,4.05682,4.09421
2.99558807859731,6.8247159862808,5.91322258319209,5.95271,4.01833,4.10301
3.00218274761725,6.81172021200722,5.91202695828699,5.94501,4.01833,4.10301
3.00181659221508,6.84919027022096,5.91128933559589,5.94501,4.01833,4.10301
2.99273554078765,6.87532385992398,5.91053869733792,5.94501,4.01833,4.10301
3.0084406057153,6.86287988031205,5.9100763625231,5.93842,3.97764,4.10301
3.01311873706267,6.87651679746755,5.90952547062958,5.93842,3.97764,4.10301
3.00592472809468,6.88970339512706,5.90910249085549,5.93842,3.97764,4.10301
2.98936440683356,6.88413302960798,5.9083106831536,5.93842,3.97764,4.10301
3.01446507532244,6.87927043973038,5.90816208116859,5.93292,3.93475,4.08101
2.99424236187819,6.90853602818743,5.9078440600627,5.93292,3.93475,4.08101
3.01450963642504,6.91254092437483,5.90790147607391,5.93292,3.93475,4.08101
2.99336483495656,6.90033230481161,5.90752081558684,5.93292,3.93475,4.07771
3.01251002055229,6.90648109285755,5.90732191647724,5.90213,3.91166,4.07771
3.00045743278825,6.8793639281833,5.90717912723637,5.90213,3.91166,4.07771
2.98857419484434,6.84208923546408,5.90670853291397,5.90213,3.91166,4.07771
3.00060474750658,6.80786826314685,5.90643168506092,5.85814,3.92375,4.08651
3.00508490824253,6.75337227919014,5.90568908923478,5.85814,3.92375,4.08651
3.01440093606,6.72656424591919,5.90509875242895,5.85814,3.92375,4.08651
3.01202086889002,6.72187437842811,5.90438240569497,5.85814,3.92375,4.08651
2.99548350140507,6.77367174892607,5.90381207632323,5.83724,3.95894,4.07661
2.99833254099698,6.77705532724705,5.90303990852163,5.83724,3.95894,4.07661
3.00643046126362,6.77420483004937,5.90257184813883,5.83724,3.95894,4.07661
3.00248476914919,6.79225234395796,5.9017692138404,5.83724,3.98864,4.06672
3.00467889915959,6.79811058855367,5.90102670391246,5.81745,3.98864,4.06672
2.99777283947443,6.78561123171453,5.89999957661324,5.81745,3.98864,4.06672
3.00152589736875,6.79553559781256,5.89927122875918,5.81745,3.98864,4.06672
2.98322352556881,6.80878846878444,5.89850850660812,5.80865,4.01833,4.05352
3.02401392184996,6.80590098563257,5.8972397491242,5.80865,4.01833,4.05352
3.01390702573845,6.78377196685313,5.89622394818029,5.80865,4.01833,4.05352
3.01119572993025,6.78124384616087,5.8952235094592,5.80865,4.01833,4.04912
2.98708165438325,6.73885934425616,5.89435519215619,5.79106,4.02713,4.04912
3.00663926730012,6.69374208765358,5.89311154561382,5.79106,4.02713,4.04912
2.99193727384479,6.64492122211648,5.89224798597644,5.79106,4.02713,4.04912
3.00256518218772,6.59058086439796,5.89106291356223,5.79106,4.00953,4.05132
3.00837576857913,6.55846319403824,5.89016618056732,5.76136,4.00953,4.05132
2.99032630147206,6.56795390672485,5.88894351732455,5.76136,4.00953,4.05132
3.00937099947403,6.60898376020563,5.88824299629815,5.76136,4.00953,4.05132
3.01203754464687,6.60216005937605,5.88740357440568,5.73387,3.98314,4.03922
3.00425775332543,6.59946331248185,5.88669754975605,5.73387,3.98314,4.03922
3.00088803364359,6.61989661478131,5.88577945401483,5.73387,3.98314,4.03922
3.01630969313342,6.61779061794726,5.8850586875624,5.73387,3.96774,4.01063
2.99567993938645,6.60723166752932,5.88471144795287,5.71848,3.96774,4.01063
2.99411861144838,6.63712213025748,5.88462983268563,5.71848,3.96774,4.01063
2.99687304656146,6.65302711569475,5.8842151305453,5.71848,3.96774,4.01063
3.01356613726969,6.65406890817016,5.8839302834611,5.72287,3.95784,3.99853
2.99739879883177,6.64347660946254,5.88395936425457,5.72287,3.95784,3.99853
2.98993494940697,6.64996321162562,5.8837960858737,5.72287,3.95784,3.99853
3.01168601423803,6.62168838233193,5.88409583876082,5.72287,3.95784,3.99853
3.00915064748592,6.59683987676937,5.88433870037239,5.72287,3.93255,4.01283
3.0114915499789,6.56444227886143,5.88486569207135,5.72287,3.93255,4.01283
3.00339460913774,6.53337853122286,5.88501761967011,5.72287,3.93255,4.01283
3.00063200688078,6.52871470272315,5.88589243858092,5.72287,3.93255,4.02823
2.99721522250306,6.58301166926695,5.88668917189927,5.72177,3.91276,4.02823
2.99645640669225,6.62320654172291,5.88809093480514,5.72177,3.91276,4.02823
3.00196900694327,6.63676146569255,5.88913713039768,5.72177,3.91276,4.02823
3.01347255189305,6.65919407422828,5.8906605811908,5.74267,3.90616,4.02933
2.99816736183062,6.69278701735198,5.8920991857689,5.74267,3.90616,4.02933
3.00734626719835,6.69823321912308,5.8936710165048,5.74267,3.90616,4.02933
2.98776967953647,6.71580642321304,5.89576529514612,5.74267,3.90616,4.02933
3.01175993871711,6.76182508526193,5.89739559079258,5.75696,3.90176,4.02603
3.01832840541871,6.79082287272543,5.89946547887027,5.75696,3.90176,4.02603
3.00535579284199,6.78136267852345,5.90157250432538,5.75696,3.90176,4.02603
2.98684120607074,6.80110610821688,5.90377722851986,5.75696,3.89736,4.01943
3.00053825476024,6.7944222894407,5.90581441179444,5.77566,3.89736,4.01943
3.00466109452327,6.77190703341426,5.90834038603136,5.77566,3.89736,4.01943
2.99473549346161,6.75076487007451,5.91046146936566,5.77566,3.89736,4.01943
3.01565739835926,6.71707706996819,5.91257444188139,5.79435,3.89736,4.02163
3.00033414090548,6.69331798569312,5.9142865978105,5.79435,3.89736,4.02163
3.0004375919894,6.70877167008902,5.9166828113142,5.79435,3.89736,4.02163
3.00100246128802,6.7768148648316,5.91862800678911,5.79435,3.89736,4.04252
3.00937763734882,6.78995373976691,5.9205472203413,5.80975,3.90176,4.04252
3.00215234036929,6.79826716766615,5.92256755617249,5.80975,3.90176,4.04252
3.01621052393851,6.82741550499762,5.92442814885541,5.80975,3.90176,4.04252
2.99684660034371,6.83816607578207,5.92662451229996,5.80975,3.90616,4.04802
2.99798400188301,6.84268194146906,5.92842043214236,5.80865,3.90616,4.04802
2.99562850776906,6.86196097158402,5.9302544174784,5.80865,3.90616,4.04802
2.99857497656102,6.89587035571501,5.93196469091432,5.80865,3.90616,4.04802
3.0083138214078,6.90006009618379,5.93357547978591,5.80535,3.91056,4.04582
2.99451431150987,6.88246743724772,5.93478925384314,5.80535,3.91056,4.04582
3.01358005481035,6.89788963917714,5.93641646805861,5.80535,3.91056,4.04582
3.00492667382601,6.86462163877188,5.93767339535634,5.80535,3.91496,4.05352
3.01143438582608,6.83132546733752,5.93919153108903,5.79985,3.91496,4.05352
3.00534571372195,6.7958232416524,5.93984148174013,5.79985,3.91496,4.05352
3.00709150158549,6.74528437969273,5.94094117693224,5.79985,3.91496,4.05352
2.98586672673281,6.71849992403555,5.94186475593366,5.78776,3.91496,4.06452
2.99372949548654,6.75243045384041,5.94298064337562,5.78776,3.91496,4.06452
2.99186978592594,6.79330246168175,5.94364027477026,5.78776,3.91496,4.06452
3.02239345030105,6.7935810767945,5.94428693577859,5.78776,3.91496,4.06452
2.99876967907876,6.7965030656635,5.94505832971042,5.77566,3.92265,4.06782
3.01605338521965,6.81919595505227,5.94546568608603,5.77566,3.92265,4.06782
3.00372156249132,6.82299585947116,5.9462258335568,5.77566,3.92265,4.06782
3.00279721390332,6.82160980581859,5.94655891090886,5.77566,3.92265,4.06122
3.01179125984363,6.85300780834916,5.9471053809383,5.75806,3.93915,4.06122
2.98797694716114,6.87043539265233,5.9473649228108,5.75806,3.93915,4.06122
3.00022110903651,6.87036431500532,5.94782524715405,5.75806,3.93915,4.06122
2.99924088561163,6.86188830414512,5.94803223134191,5.71957,3.93805,4.08101
3.00065418998478,6.86651931052804,5.94854583912156,5.71957,3.93805,4.08101
2.99482885441213,6.83502491378896,5.94871100287289,5.71957,3.93805,4.08101
3.02099152904302,6.80621855747484,5.94875725601891,5.71957,3.93805,4.08101
3.00759257437466,6.76980235276257,5.94867441353078,5.69318,3.93365,4.07661
3.00369651911527,6.72589622463618,5.94864762073394,5.69318,3.93365,4.07661
2.98559408359458,6.72223831455912,5.94869168862406,5.69318,3.93365,4.07661
3.01614655640776,6.77327239787784,5.94860361130435,5.69318,3.92815,4.07111
2.99917463638974,6.80001092068211,5.94868953837573,5.66239,3.92815,4.07111
3.01370342044673,6.79567581894171,5.94866194284642,5.66239,3.92815,4.07111
2.99855062248567,6.81771745459136,5.94890224730844,5.66239,3.92815,4.07111
2.99813196568264,6.8380962866844,5.94887851135293,5.6338,3.93035,4.05792
3.00145689913864,6.84128727298055,5.94919940787202,5.6338,3.93035,4.05792
2.99770737060766,6.84458810228823,5.94903336635732,5.6338,3.93035,4.05792
3.00291414422367,6.8800669299691,5.94912955263564,5.6338,3.93035,4.04802
2.99496558860602,6.89012762038209,5.94874123746731,5.6151,3.92705,4.04802
3.01738484092844,6.87746307721705,5.94889700080247,5.6151,3.92705,4.04802
3.00363990269219,6.88271736940414,5.94883470509847,5.6151,3.92705,4.04802
3.01329820438775,6.85044527151145,5.94884824268998,5.6151,3.92155,4.03043
3.00559184045262,6.80932979153995,5.94858960659385,5.60411,3.92155,4.03043
3.00237746135109,6.7692203259282,5.94834061972287,5.60411,3.92155,4.03043
2.98934045994333,6.7068185891765,5.9482152390112,5.60411,3.92155,4.03043
2.98926401632398,6.67458988064027,5.94773679224462,5.59861,3.91826,4.00293
2.99839406952267,6.66233309923071,5.94742678033895,5.59861,3.91826,4.00293
3.01122451978016,6.70207123703574,5.9469123024279,5.59861,3.91826,4.00293
3.00666262182323,6.68962791133645,5.9466150783064,5.59861,3.91166,3.97104
3.01544041302717,6.67134544545997,5.9458576860002,5.60521,3.91166,3.97104
3.00667991193777,6.67658692375441,5.94574790939739,5.60521,3.91166,3.97104
3.00568838500152,6.66840655596153,5.94514239944508,5.60521,3.91166,3.97104
3.00613936669931,6.6439972116423,5.94496930954823,5.6129,3.91276,3.94355
2.98970315211781,6.64565734962465,5.94415557756234,5.6129,3.91276,3.94355
3.0004907278425,6.6482232805818,5.94379595350469,5.6129,3.91276,3.94355
2.9895953440313,6.63375244548705,5.94319100190046,5.6129,3.91276,3.94355
3.00787274588624,6.60556811536526,5.9429685418567,5.636,3.92925,3.92925
2.998853443456,6.59097656609362,5.9425960328584,5.636,3.92925,3.92925
3.01571212529139,6.54353848399431,5.94194449921892,5.636,3.92925,3.92925
3.01560446090325,6.49609084753819,5.94144763657865,5.636,3.92925,3.92045
2.99731591223751,6.44502432609072,5.94091295388686,5.66569,3.94355,3.92045
2.99514851478315,6.39165430325862,5.94069369544548,5.66569,3.94355,3.92045
3.00550175634937,6.36367170784234,5.94018996612552,5.66569,3.94355,3.92045
2.99891882116786,6.38076776970171,5.94021305040859,5.69538,3.96004,3.92155
3.00297714506845,6.41880171275997,5.94013628390066,5.69538,3.96004,3.92155
3.00687369457119,6.41444665274115,5.94052164362494,5.69538,3.96004,3.92155
2.99860746502445,6.41766027170056,5.94067353377936,5.69538,3.96004,3.92155
3.01009329076585,6.44336726801633,5.94140694392963,5.73497,3.98644,3.93255
2.99793526176287,6.44718465995606,5.941842796074,5.73497,3.98644,3.93255
3.01186955387674,6.44013617862646,5.94265658050484,5.73497,3.98644,3.93255
2.98702127006567,6.4769898433448,5.9433188724236,5.73497,4.01063,3.94025
3.0125725558632,6.4964881041132,5.94446194161617,5.78446,4.01063,3.94025
2.99541435408227,6.50107868788922,5.94581392180373,5.78446,4.01063,3.94025
3.00834381166306,6.49337090346279,5.94740243374956,5.78446,4.01063,3.94025
3.01045647135813,6.49310460954939,5.94884778384723,5.83944,4.03262,3.95345
3.01162642252881,6.46508986700531,5.95049937619281,5.83944,4.03262,3.95345
2.99492638030579,6.44005711322528,5.95234615109552,5.83944,4.03262,3.95345
2.9830206550472,6.40636124272354,5.95405093994043,5.83944,4.03262,3.96554
3.000247763839,6.37793826479619,5.95613749845103,5.90323,4.04912,3.96554
3.0065227970929,6.37247419465923,5.95781424484861,5.90323,4.04912,3.96554
3.01433343534744,6.42590908664402,5.96003712406633,5.90323,4.04912,3.96554
3.00462616970294,6.45778387546321,5.96202858713102,5.90323,4.06782,3.96444
3.01211911356833,6.46478214314782,5.96441799646716,5.95931,4.06782,3.96444
3.00535549523427,6.48302162877197,5.96670451513907,5.95931,4.06782,3.96444
3.00525743580327,6.5133110671639,5.96914506056115,5.95931,4.06782,3.96444
2.98456265098929,6.51463453147921,5.9713024714478,5.9989,4.08431,3.96884
3.00721301157998,6.52950699399885,5.9734224354155,5.9989,4.08431,3.96884
2.98715172631431,6.57515028728167,5.97547936497609,5.9989,4.08431,3.96884
3.01035923390887,6.60064044155832,5.97751721452965,5.9989,4.1118,3.97214
2.99632544937119,6.58824500311317,5.97957086069028,6.02639,4.1118,3.97214
3.01870553612376,6.60363121865237,5.98095322043936,6.02639,4.1118,3.97214
3.01845711985832,6.5914817391184,5.98249907623067,6.02639,4.1118,3.97214
3.00058558601027,6.56820770666434,5.98356769355082,6.02419,4.1415,3.97984
2.98947345203922,6.54619258629555,5.98487274512304,6.02419,4.1415,3.97984
3.0006817458277,6.51160938086822,5.98531468889151,6.02419,4.1415,3.97984
2.99920070926739,6.49273419468783,5.98609851314978,6.02419,4.1415,3.97984
3.00144776071281,6.51240280202313,5.98636481687869,5.9912,4.14809,4.00513
3.00524514306748,6.58111101858582,5.98644945761302,5.9912,4.14809,4.00513
2.99507191401396,6.59146771369041,5.98618102297822,5.9912,4.14809,4.00513
3.01709909279009,6.60294302010405,5.9862651363263,5.9912,4.14809,4.02163
3.00685626810743,6.63491136010385,5.98575619699061,5.96151,4.1437,4.02163
3.01085176521219,6.64956494631285,5.98500556173705,5.96151,4.1437,4.02163
2.9923562964538,6.65680028694046,5.98409861869923,5.96151,4.1437,4.02163
3.00931795528917,6.68483201080857,5.98305637127771,5.94611,4.1437,4.01833
2.99157799156177,6.72207879885326,5.98250843611603,5.94611,4.1437,4.01833
2.99399046831273,6.72924768988397,5.98135215121295,5.94611,4.1437,4.01833
3.00992136328248,6.71275600897705,5.98021489348539,5.94611,4.1437,4.01833
3.01250793560479,6.72764728110096,5.97907753535091,5.92852,4.1393,4.02383
3.00252376542379,6.69684737607177,5.97800376818662,5.92852,4.1393,4.02383
2.98582043407498,6.66672504515044,5.97644707075487,5.92852,4.1393,4.02383
3.0087578920956,6.6335597378666,5.97545552592736,5.92852,4.1195,4.03152
3.00707505151821,6.58784753492495,5.97409450830266,5.89993,4.1195,4.03152
3.0116421722391,6.56383133015002,5.9731001070298,5.89993,4.1195,4.03152
2.99838976094555,6.60489668380662,5.97180178103518,5.89993,4.1195,4.03152
3.01223063671401,6.64171296269614,5.97102770379909,5.87243,4.09971,4.02493
2.99958695898395,6.64368115697502,5.97035372983506,5.87243,4.09971,4.02493
2.99438968657401,6.64561377134174,5.96993566956011,5.87243,4.09971,4.02493
2.995466245366,6.67108575162552,5.96922563685483,5.87243,4.09971,4.01723
3.01688443036581,6.67740959415869,5.96862820660455,5.85154,4.07771,4.01723
2.98820257534077,6.67767456606414,5.96823957195567,5.85154,4.07771,4.01723
3.00509991666664,6.71273092230214,5.96780856125439,5.85154,4.07771,4.01723
3.00223379237398,6.73359147393534,5.96774923418918,5.85154,4.06232,4.00183
3.0130822518297,6.73366781046542,5.96709714272367,5.84824,4.06232,4.00183
3.02594701319193,6.726869244559,5.9670103463168,5.84824,4.06232,4.00183
2.98567081311526,6.72821147840479,5.96661939718362,5.84824,4.06232,4.00183
2.99382352751542,6.69823052118561,5.96637619062069,5.84494,4.04362,3.98314
3.00226417838474,6.66992995936426,5.9656865023158,5.84494,4.04362,3.98314
2.99795094634289,6.63480980191063,5.96558566538326,5.84494,4.04362,3.98314
2.99808201977644,6.59133250802705,5.96498330277214,5.84494,4.02163,3.96994
3.01295556079848,6.59046664521028,5.96414643061521,5.84494,4.02163,3.96994
3.00338229238019,6.64681796188486,5.96336517381929,5.84494,4.02163,3.96994
3.00345185502998,6.66791865944894,5.9628364032758,5.84494,4.02163,3.96994
3.00321941946374,6.66441907971497,5.96220069261911,5.83614,3.99853,3.96114
3.01616432476623,6.68577473188761,5.96139492660132,5.83614,3.99853,3.96114
3.00103624387097,6.70511776534045,5.96060537301081,5.83614,3.99853,3.96114
3.00636074011124,6.70844091140138,5.95972603555123,5.83614,3.99853,3.96114
2.98702135900207,6.71231575911991,5.95923756376235,5.81415,3.98424,3.96224
2.99284302676817,6.75168316235338,5.95824977994958,5.81415,3.98424,3.96224
3.00872027519024,6.76340412689102,5.95766679707971,5.81415,3.98424,3.96224
3.00507792033256,6.7523127250783,5.95685979050555,5.81415,3.98424,3.96554
3.01207511129304,6.76712681649799,5.95611594240536,5.79765,3.97874,3.96554
2.99187979539254,6.73955446879073,5.95494323927416,5.79765,3.97874,3.96554
3.01518356974253,6.70754051062931,5.95437060289364,5.79765,3.97874,3.96554
2.99786630315845,6.677941516294,5.95343320872415,5.77456,3.96884,3.98094
3.00379023551701,6.62859378586006,5.95283254711033,5.77456,3.96884,3.98094
3.004188182846,6.60757438400585,5.95187267991898,5.77456,3.96884,3.98094
3.01656618385828,6.61617526289978,5.95123063918384,5.77456,3.96884,3.98094
2.98689977979357,6.67242576850103,5.95093867742703,5.76796,3.96664,3.97434
2.99116455798756,6.67542483360321,5.95043107828666,5.76796,3.96664,3.97434
3.00241521815249,6.67541686157885,5.95011751772843,5.76796,3.96664,3.97434
3.01576287123842,6.7004007461792,5.94974773434624,5.76796,3.96994,3.96004
3.00472352804355,6.71072196847659,5.94954357549423,5.76686,3.96994,3.96004
3.00934828794095,6.70323844446498,5.94920762686021,5.76686,3.96994,3.96004
2.99387621384579,6.72675419188593,5.94926471167801,5.76686,3.96994,3.96004
3.00208137784705,6.74537769633529,5.94912864677699,5.76576,3.95784,3.96444
3.01371377406323,6.74667958203592,5.94937143376254,5.76576,3.95784,3.96444
2.99450955857239,6.73342528190949,5.94917244141656,5.76576,3.95784,3.96444
3.00856402534644,6.72789349240353,5.94941622950471,5.76576,3.95784,3.96774
2.99617716304244,6.68939587328324,5.94937905924808,5.76686,3.94795,3.96774
3.00209297927155,6.65035944223028,5.94982786600621,5.76686,3.94795,3.96774
2.98990690904186,6.60538814519671,5.94993179278763,5.76686,3.94795,3.96774
3.01189977681466,6.55549888531922,5.94976527277762,5.76686,3.94025,3.97654
3.00872946189028,6.52709599671588,5.94977216663738,5.75696,3.94025,3.97654
3.00780146374226,6.54734398139041,5.94985624302417,5.75696,3.94025,3.97654
2.99265965771065,6.58029593331331,5.95020376251236,5.75696,3.94025,3.97654
3.01366374045049,6.57113632115975,5.95028413420285,5.76576,3.93255,3.97984
3.00221245339912,6.56845256667865,5.95070519274148,5.76576,3.93255,3.97984
3.01018750904168,6.58783194481685,5.95089440813336,5.76576,3.93255,3.97984
3.00362800494848,6.58429467330973,5.95129013161176,5.76576,3.93255,3.96884
2.98588964350462,6.56975364429551,5.95139511670852,5.78116,3.93255,3.96884
3.00064335170664,6.59949737254896,5.95208814146548,5.78116,3.93255,3.96884
2.99819544238813,6.60972797125876,5.95224083746382,5.78116,3.93255,3.96884
3.00886246641932,6.60488547040717,5.95256620657617,5.79216,3.93585,3.97104
3.00345355795592,6.59468958789883,5.95259280573778,5.79216,3.93585,3.97104
3.01808451040237,6.58456333656651,5.95296193318603,5.79216,3.93585,3.97104
2.99130192083444,6.55040747389159,5.95335606411638,5.79216,3.93585,3.97104
3.01146248540716,6.52040358054124,5.95382916753549,5.80205,3.93915,3.98094
3.00367121217588,6.48013783976798,5.95386206937125,5.80205,3.93915,3.98094
3.01237344421162,6.4437358274589,5.95397122735701,5.80205,3.93915,3.98094
2.98835576507535,6.43300042874339,5.95436947282741,5.80205,3.93915,3.99304
2.98253306999388,6.48766889426905,5.9543789971789,5.81195,3.94575,3.99304
3.0006194284421,6.51909098257452,5.95481640639176,5.81195,3.94575,3.99304
3.01720939103723,6.52606514854025,5.95487792276429,5.81195,3.94575,3.99304
3.01518379398297,6.55079269610095,5.95530326580501,5.81745,3.95674,3.99743
3.01108740125682,6.58563547456952,5.95530278300494,5.81745,3.95674,3.99743
3.00155363172733,6.59057566674309,5.95570046434808,5.81745,3.95674,3.99743
2.996328426077,6.61116721899628,5.9557677646813,5.81745,3.95674,3.99743
3.00255486169349,6.6587576737565,5.95632611265243,5.82845,3.97104,3.99633
2.99083143747245,6.68664089997846,5.95625437677397,5.82845,3.97104,3.99633
3.00797184807646,6.67721904345621,5.95640029839661,5.82845,3.97104,3.99633
2.99429467801942,6.70243631807762,5.95637303800427,5.82845,3.98314,3.99743
3.01038854779794,6.69328141138988,5.95652193068952,5.84054,3.98314,3.99743
2.99667496610733,6.67384038179113,5.9566766709405,5.84054,3.98314,3.99743
3.01622207624619,6.65414245893273,5.95622631151143,5.84054,3.98314,3.99743
3.01582734308568,6.62107587640946,5.9559040406419,5.83614,3.98094,4.01283
2.9971319517753,6.59702386369671,5.95553548655149,5.83614,3.98094,4.01283
2.98678769504494,6.6207090350142,5.95542259410491,5.83614,3.98094,4.01283
3.00296133391584,6.68870699252615,5.95505094385317,5.83614,3.98094,4.03372
3.00478043574882,6.69468871996241,5.95510213420038,5.82735,3.97434,4.03372
3.00143008860332,6.70143171573896,5.95470709513664,5.82735,3.97434,4.03372
3.0121902795524,6.72950763270899,5.95453175526812,5.82735,3.97434,4.03372
2.99698484834288,6.7432344157299,5.95414520740546,5.82735,3.98204,4.04032
3.01111825296338,6.74114128725735,5.95430263121406,5.83394,3.98204,4.04032
2.99744260075078,6.76152034646866,5.95395416325154,5.83394,3.98204,4.04032
3.00643094111696,6.78922870667524,5.95371554563541,5.83394,3.98204,4.04032
2.99359873751862,6.78644640262986,5.95340193018108,5.85154,3.99304,4.03372
3.01759966899795,6.76291580358577,5.9531645864136,5.85154,3.99304,4.03372
2.99191582588478,6.76647701357254,5.95342389078649,5.85154,3.99304,4.03372
3.00137000838811,6.72651332201267,5.95337905224565,5.85154,3.99743,4.02053
3.00770996635141,6.68672465527904,5.95318184273757,5.86034,3.99743,4.02053
3.00964214245528,6.64417540734908,5.95299175876206,5.86034,3.99743,4.02053
2.99619260940388,6.58740198456989,5.95299143486981,5.86034,3.99743,4.02053
2.9844662739973,6.551849399684,5.95271491115304,5.85154,3.99194,4.01613
3.00433417572442,6.58991413118116,5.95285339680076,5.85154,3.99194,4.01613
3.01667928471397,6.61579407317098,5.95262371072117,5.85154,3.99194,4.01613
3.01882433058251,6.60738974773174,5.95301640873886,5.85154,3.99194,4.01613
3.00444130592525,6.6060450253889,5.95297417003788,5.83284,3.97764,4.03592
3.00344765412323,6.62716687505274,5.95328809761586,5.83284,3.97764,4.03592
2.99278584116616,6.63102148211016,5.95363606928267,5.83284,3.97764,4.03592
2.99312018472207,6.62217185445608,5.95416458135441,5.83284,3.97764,4.06782
2.99536231202893,6.65408551496392,5.95441009900657,5.82515,3.96224,4.06782
3.01053362976069,6.66410655651431,5.95478804337386,5.82515,3.96224,4.06782
2.9925144448231,6.65680208615823,5.95538101155104,5.82515,3.96224,4.06782
3.01711710849928,6.64831295744007,5.95592401963989,5.82075,3.95125,4.08321
3.00512252094191,6.64935231848513,5.95677152048269,5.82075,3.95125,4.08321
3.00845995141347,6.61433569437564,5.95706689459722,5.82075,3.95125,4.08321
3.02310683714092,6.58211928482334,5.95797178119797,5.82075,3.95125,4.08321
2.98292853718346,6.54497484706788,5.95853400450087,5.81965,3.95125,4.08541
2.98718993472258,6.49553479109083,5.95961653553925,5.81965,3.95125,4.08541
3.0012678847447,6.49056782261633,5.96001195640834,5.81965,3.95125,4.08541
3.00499980276086,6.54467840887126,5.96121058847756,5.81965,3.95674,4.07881
3.00314900136867,6.56137902388435,5.96203107293107,5.82185,3.95674,4.07881
3.01166323314259,6.55412406685942,5.96294043668326,5.82185,3.95674,4.07881
3.00410475052579,6.5780031893044,5.9637421744661,5.82185,3.95674,4.07881
3.01836555930606,6.60309496387533,5.96493154982233,5.81635,3.95125,4.09311
2.99348834992469,6.60608201776734,5.96578513812381,5.81635,3.95125,4.09311
3.00027742981111,6.6122651235366,5.96656546061722,5.81635,3.95125,4.09311
2.99353983993852,6.6512288202371,5.96737652829878,5.81635,3.95125,4.1085
3.00886311540873,6.6614862930395,5.96811500816191,5.80535,3.94355,4.1085
2.99809977284369,6.65275260110434,5.96918200877175,5.80535,3.94355,4.1085
3.00176366764748,6.67173514073889,5.96976842993192,5.80535,3.94355,4.1085
3.01010407691527,6.64353501194592,5.9702720780529,5.80205,3.94685,4.1162
3.00593187626054,6.61183729054335,5.97067201168896,5.80205,3.94685,4.1162
2.99945350506943,6.58163820246367,5.97099122584628,5.80205,3.94685,4.1162
2.98787620962872,6.53653465237818,5.97083137764528,5.80205,3.94685,4.1162
3.01797275094669,6.50575765830252,5.97113532303209,5.81085,3.93805,4.1151
3.00227986376829,6.51431579633812,5.97098644198743,5.81085,3.93805,4.1151
3.01369703396353,6.57113529457887,5.97117023029507,5.81085,3.93805,4.1151
2.98845233683431,6.57092714982233,5.97096893374017,5.81085,3.92595,4.1096
3.01620821807491,6.56973458744247,5.97111165412812,5.81305,3.92595,4.1096
2.99944174220576,6.59431478783692,5.97148095735277,5.81305,3.92595,4.1096
2.99719909084971,6.61002940355461,5.97149861912214,5.81305,3.92595,4.1096
2.99270123604764,6.60112116358101,5.97157917824421,5.81965,3.91386,4.1107
3.00970008656019,6.62592603644947,5.97160679588679,5.81965,3.91386,4.1107
2.99391663096885,6.642801964054,5.97197176470509,5.81965,3.91386,4.1107
3.01505299550345,6.64390195364356,5.97231963360834,5.81965,3.91386,4.1107
3.00861344334011,6.63358234728639,5.97286032107103,5.80755,3.88196,4.1327
3.00425844619143,6.62932199450515,5.97317148847624,5.80755,3.88196,4.1327
3.01354635768587,6.59192848314025,5.97406617442757,5.80755,3.88196,4.1327
2.98837734591103,6.55454307324124,5.97460373285971,5.80755,3.88196,4.1426
2.99565254838686,6.51330547984503,5.97550210114508,5.79765,3.85337,4.1426
3.00416059001438,6.46527318821462,5.97598407413969,5.79765,3.85337,4.1426
3.00148486502564,6.43105113780836,5.97716766181563,5.79765,3.85337,4.1426
2.99156202232832,6.45701361875892,5.97802490773564,5.78226,3.82698,4.15909
3.0176250738505,6.4903430974296,5.97894535248531,5.78226,3.82698,4.15909
3.00723405039169,6.48220322972932,5.97982443617972,5.78226,3.82698,4.15909
3.00658568441793,6.48447445150158,5.98096088726536,5.78226,3.82698,4.15909
2.99832985724655,6.50882627328878,5.98214674820673,5.76026,3.80609,4.16789
3.02029561057632,6.51210102964895,5.98300673998661,5.76026,3.80609,4.16789
2.99134104077222,6.50080691016511,5.98417588503807,5.76026,3.80609,4.16789
2.99522480864103,6.53666140673981,5.98505196115968,5.76026,3.79509,4.16239
2.99962615936943,6.54803360936192,5.98631760405518,5.74707,3.79509,4.16239
2.99319303855262,6.54781380084581,5.98679852484867,5.74707,3.79509,4.16239
3.01385273861425,6.54603859784563,5.98777690995643,5.74707,3.79509,4.16239
3.00697428470662,6.53852679329633,5.98840165270867,5.73717,3.78849,4.16459
3.00247552955323,6.50845134415191,5.98912014340665,5.73717,3.78849,4.16459
2.99835840239883,6.48181895238868,5.98895282184821,5.73717,3.78849,4.16459
3.01225536969429,6.44938690872127,5.98931080355937,5.73717,3.78849,4.17009
2.99971697220774,6.41911257305692,5.98938610925676,5.73277,3.77749,4.17009
3.00860209485112,6.4123162997375,5.9896693594539,5.73277,3.77749,4.17009
2.99396684411244,6.47139239266516,5.98952013032425,5.73277,3.77749,4.17009
3.01675886285926,6.49494700167545,5.98938654166072,5.74377,3.77859,4.16349
2.98980440187642,6.50050640452917,5.98932383164948,5.74377,3.77859,4.16349
2.99600591325742,6.52243585006528,5.98898683031092,5.74377,3.77859,4.16349
2.99499821260877,6.547090612236,5.98862248828598,5.74377,3.77859,4.16349
3.01667441188161,6.54465759697546,5.98798757914573,5.76026,3.80059,4.15469
3.01040788392676,6.56208081816426,5.98755769497216,5.76026,3.80059,4.15469
3.00490212002844,6.60032779085489,5.9866139235122,5.76026,3.80059,4.15469
3.0002837553753,6.61379877322973,5.98614832161226,5.76026,3.82478,4.14479
3.00122084282753,6.59705093308164,5.98500768770628,5.77676,3.82478,4.14479
3.0082350601107,6.61508766634504,5.9843193841819,5.77676,3.82478,4.14479
2.99291722475412,6.59303512715681,5.9829647843471,5.77676,3.82478,4.14479
3.01063560485322,6.56357150204943,5.9819277546951,5.78446,3.83688,4.1371
2.99735878755316,6.53495553665913,5.98037039996641,5.78446,3.83688,4.1371
2.99927190411715,6.49950235130202,5.97895620392957,5.78446,3.83688,4.1371
2.97762323775182,6.47204996425646,5.97754769503628,5.78446,3.83688,4.1371
3.02469825725915,6.49220796594058,5.97560109552405,5.76906,3.84238,4.15029
3.02301800395088,6.55466199427604,5.97394520593276,5.76906,3.84238,4.15029
3.00876940743573,6.56397812008236,5.9723288318429,5.76906,3.84238,4.15029
2.98772405693625,6.57239837620109,5.97074414623488,5.76906,3.84238,4.15469
3.00645635901396,6.60943184241765,5.96907980820233,5.76246,3.85887,4.15469
2.99685609785216,6.62400605199804,5.96759906120481,5.76246,3.85887,4.15469
3.00362953534606,6.63310711778577,5.96587830027305,5.76246,3.85887,4.15469
3.00014586300412,6.67015665271784,5.96442467032883,5.77236,3.88306,4.15579
2.99025091107024,6.70656099212378,5.96258567644499,5.77236,3.88306,4.15579
3.01465589378571,6.71310650075678,5.96147753714421,5.77236,3.88306,4.15579
3.00537858363814,6.70635354627244,5.95982940894494,5.77236,3.88306,4.15579
3.01407668182274,6.72578086491185,5.95848653054071,5.77126,3.88526,4.16569
2.98853774735989,6.6982103007912,5.9568670664233,5.77126,3.88526,4.16569
3.02123213456677,6.67133560715135,5.95545361604809,5.77126,3.88526,4.16569
2.99014708427557,6.64173966129565,5.95450156977182,5.77126,3.88196,4.17339
2.99805977420171,6.60189503042836,5.95353679586626,5.77016,3.88196,4.17339
2.99830507890623,6.57765629314953,5.95236981838468,5.77016,3.88196,4.17339
3.01392615217531,6.62575460638071,5.9514053932478,5.77016,3.88196,4.17339
3.0001417777736,6.65605255566246,5.95076584578035,5.77676,3.87647,4.18438
2.99005583972704,6.65685294385604,5.94998426672524,5.77676,3.87647,4.18438
3.00920566697251,6.66274258321403,5.94970246547503,5.77676,3.87647,4.18438
3.01539516914759,6.68571357561245,5.94930219465784,5.77676,3.87647,4.18768
3.01155305667202,6.69058737986083,5.94941273247809,5.78336,3.87097,4.18768
3.00384765602222,6.68804532391255,5.94906335177989,5.78336,3.87097,4.18768
2.99455266739395,6.72628323514884,5.9495569010268,5.78336,3.87097,4.18768
2.99174358105655,6.73990268938778,5.94998710631901,5.77346,3.85227,4.19428
3.00103328902559,6.73322816642736,5.95104751942027,5.77346,3.85227,4.19428
3.00070956800957,6.73057550225772,5.95166120717563,5.77346,3.85227,4.19428
3.01505787325754,6.72211483028442,5.9527486721474,5.77346,3.85227,4.19428
2.9928345005772,6.68861315994276,5.95371137347206,5.76906,3.82698,4.21298
3.0085905347025,6.65790599598264,5.95514554754771,5.76906,3.82698,4.21298
2.99735884613593,6.6177280739449,5.95680011196194,5.76906,3.82698,4.21298
3.00615624348992,6.5754627999896,5.95787698674308,5.76906,3.81378,4.23387
3.02571972288191,6.57854402427423,5.95963133474858,5.77566,3.81378,4.23387
2.99864133853318,6.63487703682772,5.96115528520137,5.77566,3.81378,4.23387
2.98557419013422,6.64961240391045,5.96329760323958,5.77566,3.81378,4.23387
3.00277192192497,6.64369713547633,5.96485433758171,5.78226,3.80389,4.24927
3.00418820431958,6.66762519256872,5.9670947170855,5.78226,3.80389,4.24927
3.0020285669062,6.68698127089621,5.9687680018201,5.78226,3.80389,4.24927
3.00500460760864,6.68646509424987,5.97048533494267,5.78226,3.80389,4.24927
2.99680455871253,6.69398153278275,5.97183978383354,5.77016,3.78079,4.27346
3.01005033014164,6.73013831248812,5.97364625967548,5.77016,3.78079,4.27346
3.00361304491262,6.73994643147861,5.97504445875491,5.77016,3.78079,4.27346
3.01058769206714,6.7236993586618,5.97629526056342,5.77016,3.78079,4.28336
2.99256355746268,6.73881842936485,5.97723927572743,5.76796,3.7654,4.28336
3.01723070219199,6.70805104467875,5.97803356931121,5.76796,3.7654,4.28336
2.9912411989514,6.67383100768279,5.97911056816158,5.76796,3.7654,4.28336
3.00029140117705,6.64114826637276,5.97969542128642,5.76796,3.7544,4.29875
2.99780611581167,6.58749983236173,5.97991927440573,5.76796,3.7544,4.29875
3.01460041185497,6.55875329501608,5.98004916524549,5.76796,3.7544,4.29875
3.00024663306428,6.57370711514154,5.98017853865386,5.76796,3.7544,4.29875
2.98322335847625,6.62950017107779,5.97992379903875,5.76466,3.7423,4.30205
3.01569481669528,6.62660955424019,5.98010114681307,5.76466,3.7423,4.30205
3.00813102805572,6.62728312549467,5.97993201108078,5.76466,3.7423,4.30205
3.02186464318059,6.65432077072427,5.98002765925661,5.76466,3.739,4.30205
3.00074838664222,6.6704516918117,5.97950161486072,5.76576,3.739,4.30205
3.00074874123233,6.66246874762807,5.97926388254263,5.76576,3.739,4.30205
2.98475080079618,6.69085753383463,5.97923973075309,5.76576,3.739,4.30205
2.99473943179305,6.71124955282958,5.97931870069611,5.76466,3.7335,4.30865
2.99725529686527,6.71592206312049,5.97888299800924,5.76466,3.7335,4.30865
3.01997019785814,6.7053936225335,5.97842453747339,5.76466,3.7335,4.30865
3.00291429707253,6.70337847305357,5.97820640850229,5.76466,3.7335,4.31745
3.01387078526958,6.66964914184893,5.97778788528768,5.75367,3.72251,4.31745
2.99298194919876,6.63580201373419,5.97741724682308,5.75367,3.72251,4.31745
3.00495396382043,6.59381203142242,5.97674048485005,5.75367,3.72251,4.31745
3.02051677079458,6.54645366636634,5.97630587142901,5.75367,3.72581,4.30425
2.98549762692485,6.51760304057108,5.97565548888604,5.75477,3.72581,4.30425
2.98974981263147,6.55205528405504,5.97524709928831,5.75477,3.72581,4.30425
3.00744002349425,6.58001713558345,5.97432342493824,5.75477,3.72581,4.30425
3.00687914070211,6.57113414765161,5.97420291712244,5.73717,3.72911,4.30865
3.00013633123934,6.57347998784995,5.9734873681289,5.73717,3.72911,4.30865
3.01700256885168,6.59402143775692,5.9726871620399,5.73717,3.72911,4.30865
3.00635054890749,6.59324807112063,5.9717569668341,5.73717,3.73021,4.30865
2.99852830222669,6.58226518613424,5.97131103214838,5.72177,3.73021,4.30865
2.98158297569872,6.61251083774008,5.97074430861077,5.72177,3.73021,4.30865
3.01782034916096,6.6229832868937,5.96984856381374,5.72177,3.73021,4.30865
3.0056794751758,6.6145632604158,5.96923052160292,5.69318,3.71151,4.30205
3.01363203178878,6.61193907357808,5.96838924517197,5.69318,3.71151,4.30205
2.99014191122661,6.59744767678859,5.96807530305427,5.69318,3.71151,4.30205
2.99449275751183,6.56520669840732,5.96720233210818,5.69318,3.71151,4.30205
3.01219783517229,6.53669869650633,5.96674950931677,5.67779,3.69611,4.29106
2.99852273442333,6.4989885665016,5.96584392703368,5.67779,3.69611,4.29106
3.00028652298565,6.46307048265251,5.96513598131103,5.67779,3.69611,4.29106
3.0002434507942,6.45849799989064,5.96394635815919,5.67779,3.69611,4.28006
3.01145267477451,6.5200315297716,5.96338088347952,5.65799,3.69391,4.28006
3.0050622716616,6.54275796992119,5.96267368746214,5.65799,3.69391,4.28006
3.00954350919805,6.54632638143969,5.96220059168552,5.65799,3.69391,4.28006
3.00380645253394,6.57185972770696,5.96128343229722,5.6393,3.70161,4.25477
3.01562985602371,6.60130507430738,5.96044284089563,5.6393,3.70161,4.25477
2.98152007289825,6.59707664921212,5.95986900536972,5.6393,3.70161,4.25477
2.98338890892246,6.61874389694295,5.95895482175244,5.6393,3.70161,4.25477
3.00356218293324,6.65600120711655,5.95808719511536,5.6393,3.70711,4.22177
3.01879826048264,6.66771312051122,5.95702398757544,5.6393,3.70711,4.22177
3.00572150425013,6.65189977497384,5.95609263995327,5.6393,3.70711,4.22177
3.00894869048234,6.67383742779099,5.95491431555268,5.6393,3.70931,4.20638
3.00257717969754,6.65087161034178,5.95401557165603,5.6371,3.70931,4.20638
3.00316946317487,6.6221095494456,5.9527622570867,5.6371,3.70931,4.20638
3.01034752481275,6.59370653245372,5.95187769368709,5.6371,3.70931,4.20638
2.98731705754944,6.55673061241393,5.95022401174914,5.6437,3.70931,4.20968
3.0093312906032,6.52377871493396,5.94922380778183,5.6437,3.70931,4.20968
2.99040442085555,6.5455168447638,5.9479702761165,5.6437,3.70931,4.20968
3.00116059276262,6.60573308278916,5.94718753388338,5.6437,3.70931,4.20088
2.99378845703771,6.61178064037681,5.94639711593906,5.66459,3.71811,4.20088
3.02380857467449,6.61660819236765,5.94517472565897,5.66459,3.71811,4.20088
3.01790927330772,6.65205850434356,5.94456673033122,5.66459,3.71811,4.20088
3.00204446526088,6.66567697159436,5.94390875916334,5.66459,3.72031,4.20198
2.99096073160914,6.66860488883528,5.94345796629407,5.67999,3.72031,4.20198
3.00094657241013,6.70316951756711,5.94307279674991,5.67999,3.72031,4.20198
2.99562930573681,6.73139540597455,5.94285795194361,5.67999,3.72031,4.20198
3.00658069589168,6.73165042000411,5.9426473438679,5.70528,3.72911,4.21518
3.01058925959016,6.72258516168328,5.94274547920705,5.70528,3.72911,4.21518
2.99109088629,6.73667649220857,5.94245383359416,5.70528,3.72911,4.21518
3.00916241929079,6.70527391447198,5.94299788751631,5.70528,3.7467,4.22947
3.00608562343638,6.67513691223308,5.94293068089899,5.73827,3.7467,4.22947
3.00518983357748,6.64204372044388,5.94292042291291,5.73827,3.7467,4.22947
2.99182506034706,6.59805380719605,5.94274767953353,5.73827,3.7467,4.22947
3.01319515923712,6.57237991164912,5.94301135848953,5.76356,3.7621,4.24597
2.99131940372359,6.62134283202851,5.94340280448934,5.76356,3.7621,4.24597
3.01232457986468,6.64873846567991,5.94385920853003,5.76356,3.7621,4.24597
3.0036356978987,6.64562355540701,5.944160106376,5.76356,3.7621,4.24597
3.01309412314971,6.65530339628952,5.94456943268175,5.78556,3.77309,4.26796
3.00326566405297,6.68211177792757,5.94521548608107,5.78556,3.77309,4.26796
2.97908464090503,6.6886873195629,5.94557892887944,5.78556,3.77309,4.26796
3.00735582530952,6.68650361912218,5.94638377637385,5.78556,3.77309,4.29216
3.00547144419167,6.72181711916505,5.94685844146005,5.80865,3.77529,4.29216
3.00968074949282,6.73213947551632,5.94791301432588,5.80865,3.77529,4.29216
3.00577278073391,6.72325527052789,5.94849492323046,5.80865,3.77529,4.29216
3.00042799228577,6.72278528921373,5.94975746370754,5.81965,3.77749,4.31745
3.0033020408343,6.71178655767344,5.95084558386411,5.81965,3.77749,4.31745
3.00757991695505,6.6743398990624,5.95234162969345,5.81965,3.77749,4.31745
2.99221926978199,6.638710175715,5.95351044184684,5.81965,3.77749,4.31745
3.01527437255968,6.59696706064308,5.95491350496283,5.81085,3.77309,4.34824
2.98661650677324,6.54138888936342,5.95629726254916,5.81085,3.77309,4.34824
3.0008722134029,6.54084241520073,5.9579876512235,5.81085,3.77309,4.34824
2.99478937235518,6.58780946945236,5.95996289622146,5.81085,3.7632,4.36694
3.01909898841195,6.59455511433978,5.96145448103807,5.81965,3.7632,4.36694
3.02272909953879,6.58162475690003,5.96324303698144,5.81965,3.7632,4.36694
3.0032784177774,6.60281644708649,5.96508114370032,5.81965,3.7632,4.36694
2.99132889666088,6.62120613746447,5.96708891336054,5.83065,3.7566,4.37683
2.99877365120922,6.61867003836884,5.96861030347824,5.83065,3.7566,4.37683
2.99539545568327,6.62199847560447,5.97065452301975,5.83065,3.7566,4.37683
2.99952643032798,6.65372413440462,5.97203555801072,5.83065,3.7566,4.38013
3.00382510909607,6.6591841354343,5.97356742646399,5.83614,3.7467,4.38013
3.00164809933485,6.64322124986346,5.97460235896157,5.83614,3.7467,4.38013
3.02082511189449,6.66026191133799,5.97589676599573,5.83614,3.7467,4.38013
2.99755141243946,6.62887782244873,5.97669318387091,5.83614,3.7357,4.39003
3.00928677978872,6.59520494989267,5.97702080846994,5.84714,3.7357,4.39003
2.99084025228452,6.56299477894865,5.97733363627529,5.84714,3.7357,4.39003
3.01274435195101,6.51339941673584,5.97714888183911,5.84714,3.7357,4.39003
2.99156396857511,6.48460001609872,5.97730272712747,5.85044,3.73021,4.40433
3.00124594893598,6.50396692667992,5.97709551183004,5.85044,3.73021,4.40433
3.00596847232833,6.55591471637407,5.97641834772608,5.85044,3.73021,4.40433
3.01314341240472,6.55129815588117,5.97581831173736,5.85044,3.7379,4.41202
3.00167080133119,6.5513718321096,5.97528123824151,5.84824,3.7379,4.41202
2.98857943456531,6.57958621705813,5.9741779259599,5.84824,3.7379,4.41202
3.00478021552138,6.59196053249231,5.97362696700485,5.84824,3.7379,4.41202
3.00967054386642,6.58408899672364,5.97267565767624,5.84274,3.7544,4.41642
3.00982289309143,6.61311914911128,5.97197319488523,5.84274,3.7544,4.41642
3.00009049838603,6.62633095471458,5.97080402398488,5.84274,3.7544,4.41642
3.01179409381665,6.62381361150431,5.97019238615206,5.84274,3.7544,4.41642
2.99321319987763,6.61425720747146,5.96966100987417,5.84714,3.7654,4.41312
2.99925180173343,6.60707436167048,5.96927060361448,5.84714,3.7654,4.41312
2.99598686814448,6.56833690636675,5.9686996598761,5.84714,3.7654,4.41312
3.01223281822084,6.53073690161338,5.96808103295923,5.84714,3.7654,4.41972
2.9890501935956,6.48850250040281,5.96764296958075,5.84274,3.7687,4.41972
3.0108815896575,6.43993092396159,5.96732082446359,5.84274,3.7687,4.41972
3.00379981308489,6.40901936593574,5.96721403168751,5.84274,3.7687,4.41972
3.0031483283591,6.4427812701054,5.96682853946647,5.83174,3.7643,4.43732
3.02788395006155,6.46844014943763,5.96705659682244,5.83174,3.7643,4.43732
2.99503143980803,6.46091159066877,5.96707260342045,5.83174,3.7643,4.43732
2.98711409927375,6.46612663721767,5.96731646713218,5.83174,3.7643,4.43732
3.00684718254858,6.4900801409175,5.96724228940769,5.83394,3.7665,4.42742
3.00080989500782,6.49391809547175,5.96775268236617,5.83394,3.7665,4.42742
2.99318453814859,6.48974724904371,5.96781327207799,5.83394,3.7665,4.42742
3.01033424313462,6.52568077487441,5.96778565820911,5.83394,3.77419,4.40762
3.00537794095574,6.53578133006046,5.9677755246146,5.84054,3.77419,4.40762
3.00471675935795,6.53477535239241,5.96797616844098,5.84054,3.77419,4.40762
2.99634269530375,6.53502244619443,5.96798863412076,5.84054,3.77419,4.40762
3.01944882802611,6.5244760835486,5.96777168282973,5.84714,3.77309,4.40213
3.00158786751652,6.49292939571593,5.96749330913029,5.84714,3.77309,4.40213
3.00616081073525,6.46493289968264,5.96708629332717,5.84714,3.77309,4.40213
2.9912425186036,6.42939846495086,5.96708860920174,5.84714,3.77309,4.40323
2.98711296166358,6.39541344741333,5.96647769938414,5.84054,3.7599,4.40323
3.0081294713006,6.3855532255905,5.96615466391129,5.84054,3.7599,4.40323
3.00904487139764,6.44614209874977,5.96560181898498,5.84054,3.7599,4.40323
3.00855358956107,6.46156294746249,5.96543899454682,5.84054,3.7423,4.41862
2.99757831579036,6.46089636789663,5.96463562060813,5.82625,3.7423,4.41862
3.01478023916559,6.48318248775083,5.96454696575552,5.82625,3.7423,4.41862
3.00515311793365,6.50851839487851,5.96412165651158,5.82625,3.7423,4.41862
2.99891372738884,6.50084273460225,5.96407924691728,5.81525,3.72691,4.42962
3.00177676140024,6.51982398269367,5.9638129122675,5.81525,3.72691,4.42962
3.00688848977109,6.55184067630236,5.96365655326085,5.81525,3.72691,4.42962
2.9889769276107,6.56128198164093,5.9638950014266,5.81525,3.71701,4.42742
2.99427510297454,6.54170064451311,5.96412625405421,5.81085,3.71701,4.42742
3.00795324675452,6.55854333296042,5.96415681901667,5.81085,3.71701,4.42742
3.01327022786169,6.53014749182622,5.96421238746092,5.81085,3.71701,4.42742
3.00327662245967,6.49850060905526,5.96457117696031,5.80315,3.70821,4.43292
3.00695997030244,6.46769577148651,5.96469761967764,5.80315,3.70821,4.43292
2.99851179153812,6.42724391904851,5.9650196191505,5.80315,3.70821,4.43292
3.00213669066363,6.39609661445412,5.96532914784378,5.80315,3.70821,4.43292
3.01677930726321,6.42251441784833,5.96593558702794,5.80205,3.70491,4.43622
2.9845433188044,6.4772887991828,5.96615471402732,5.80205,3.70491,4.43622
3.00221191251244,6.48281298633267,5.96680382853344,5.80205,3.70491,4.43622
3.00698893478881,6.48968386149918,5.96726273483843,5.80205,3.70491,4.44831
3.01238487673425,6.52710061191532,5.96804288603171,5.80205,3.69941,4.44831
2.98259895193906,6.54531018291464,5.96864689962871,5.80205,3.69941,4.44831
3.01611748671745,6.55000699824499,5.96877935076094,5.80205,3.69941,4.44831
3.00640207622723,6.58790655389697,5.96906336478662,5.80205,3.70491,4.44611
3.00357530268667,6.6209489718094,5.96948688196284,5.80205,3.70491,4.44611
2.99354603998378,6.623815106007,5.9699243647888,5.80205,3.70491,4.44611
3.01209136625044,6.62207472387851,5.97001333734263,5.80205,3.70491,4.44611
3.00108668402995,6.6359924221928,5.97023088708185,5.80535,3.70821,4.43732
3.00904647696726,6.60947911116604,5.97014791385621,5.80535,3.70821,4.43732
2.99674085517295,6.58396049533757,5.97004577694234,5.80535,3.70821,4.43732
2.98882839028579,6.55491456060804,5.96944811042456,5.80535,3.70161,4.43292
3.01110852380473,6.51568979097726,5.96922355162911,5.80095,3.70161,4.43292
3.00095239600178,6.49560494119508,5.96859526751918,5.80095,3.70161,4.43292
3.00212076281694,6.55115652683114,5.96783488064603,5.80095,3.70161,4.43292
3.00760631375931,6.57881280341765,5.96683040071267,5.78666,3.69941,4.42742
3.01517033027079,6.5807730641717,5.96605710207089,5.78666,3.69941,4.42742
2.99827238816933,6.59222520797539,5.96537310426416,5.78666,3.69941,4.42742
3.00520731751633,6.62198826446666,5.96446130265062,5.78666,3.69941,4.42192
3.00353900035292,6.63085192529892,5.96340349769545,5.76796,3.70601,4.42192
3.00539400334779,6.63092228255607,5.96228512332223,5.76796,3.70601,4.42192
2.98909377748427,6.67214640897145,5.96140771880181,5.76796,3.70601,4.42192
2.98378709798426,6.68398463044913,5.96021550822874,5.76796,3.71371,4.40982
3.00509095613545,6.67565573927929,5.95917532917022,5.76026,3.71371,4.40982
3.02252963178413,6.68310590884596,5.95792408125446,5.76026,3.71371,4.40982
3.01508072322896,6.67030234512546,5.95712648633835,5.76026,3.71371,4.40982
3.00520062593525,6.63702390403742,5.95563969289862,5.78116,3.71811,4.39993
3.00085045163236,6.60530310804392,5.9548089849279,5.78116,3.71811,4.39993
2.99222751168731,6.56793183338766,5.95354200470927,5.78116,3.71811,4.39993
3.00267122658586,6.51815462417866,5.95284567918728,5.78116,3.72141,4.39333
2.98841732456496,6.52399125433327,5.95166239009814,5.80095,3.72141,4.39333
3.01608719425729,6.5793581113961,5.95082997833417,5.80095,3.72141,4.39333
3.00223433345192,6.58745403115234,5.94998517204509,5.80095,3.72141,4.39333
3.00149819878881,6.57910322469068,5.94943276900729,5.81745,3.7357,4.37353
2.99648759177388,6.60473114870492,5.94899156303048,5.81745,3.7357,4.37353
3.01793480535133,6.62603436566209,5.94807511354559,5.81745,3.7357,4.37353
3.01803225431185,6.62619644200752,5.94772768735162,5.81745,3.7357,4.37353
2.98881931842767,6.63618166372194,5.94714689215194,5.83394,3.7522,4.36254
2.99468062833536,6.66828098848751,5.94681573448003,5.83394,3.7522,4.36254
3.00087562589446,6.67412454543744,5.94641323679804,5.83394,3.7522,4.36254
2.99999450521566,6.66065091250291,5.94634629421842,5.83394,3.7522,4.35044
3.01058637674887,6.6748058886787,5.94590444257873,5.83724,3.77199,4.35044
3.00630178640236,6.64240292943541,5.94552998479176,5.83724,3.77199,4.35044
2.99523529637098,6.60761742187792,5.9449586852348,5.83724,3.77199,4.35044
3.00889056076121,6.57306199316768,5.94481868469687,5.84054,3.78849,4.34824
2.99808083068754,6.52269079261592,5.94426851852399,5.84054,3.78849,4.34824
3.01016190596969,6.49004643698341,5.94375830588981,5.84054,3.78849,4.34824
2.99032227677277,6.50696007547452,5.94308363946583,5.84054,3.78849,4.34824
3.02041882080556,6.5563971524397,5.94266442158311,5.84274,3.80169,4.35924
2.9929763818217,6.54649601991701,5.94272207727136,5.84274,3.80169,4.35924
3.00375550589767,6.54504512907875,5.94252688634398,5.84274,3.80169,4.35924
3.00784315102368,6.57012416271718,5.942271120315,5.84274,3.80059,4.35704
3.00588578286529,6.57937124888611,5.94200601830386,5.83724,3.80059,4.35704
2.99972125205469,6.56802268372172,5.94195870788571,5.83724,3.80059,4.35704
2.9848330291224,6.598893360934,5.94137313363636,5.83724,3.80059,4.35704
3.00921795212557,6.60947827629469,5.94164931451826,5.83724,3.79839,4.34274
3.00284090161961,6.60551135164261,5.941693034369,5.83724,3.79839,4.34274
3.01948049420332,6.59759955179235,5.94177865942508,5.83724,3.79839,4.34274
3.00628708830551,6.58971450053122,5.94157728083302,5.83724,3.79839,4.33174
3.00618301305826,6.55199412522658,5.94180538055559,5.83284,3.80169,4.33174
2.98952143439347,6.51601383268667,5.94202820822445,5.83284,3.80169,4.33174
2.9945028772396,6.47569471007775,5.94228671768282,5.83284,3.80169,4.33174
2.99603975122149,6.43042786792289,5.94236788906693,5.83284,3.79619,4.33614
3.01455512071206,6.4012640367036,5.94247056709229,5.82295,3.79619,4.33614
2.99451844979137,6.44141938910801,5.94265665328563,5.82295,3.79619,4.33614
3.0131728043208,6.46566201213405,5.94314362704142,5.82295,3.79619,4.33614
2.99838529275322,6.46052118550142,5.94375853385483,5.83174,3.79619,4.32295
3.01376125136233,6.47103402955521,5.94393464717469,5.83174,3.79619,4.32295
3.02572799121862,6.49690120109229,5.94464148382173,5.83174,3.79619,4.32295
2.98884271390598,6.50149465676,5.94497734945394,5.83174,3.78409,4.31745
2.98509882769377,6.49987333459517,5.94571446447464,5.82625,3.78409,4.31745
2.99672688797938,6.53628575880804,5.94608657182422,5.82625,3.78409,4.31745
2.99709575351395,6.54620298349726,5.94703630850943,5.82625,3.78409,4.31745
2.99968105077775,6.54295228195627,5.9475661003339,5.81745,3.77419,4.31305
3.03106839331161,6.54957724846307,5.94800268792639,5.81745,3.77419,4.31305
3.00370802987983,6.53358356516219,5.94839856227464,5.81745,3.77419,4.31305
2.99965221921448,6.50285564318212,5.94903715772653,5.81745,3.77419,4.31305
2.9967382147713,6.47442589153519,5.94940712905222,5.80755,3.77089,4.31525
3.00759019267566,6.4381412294653,5.94964175843483,5.80755,3.77089,4.31525
2.99347169662886,6.40265711531209,5.94994552377771,5.80755,3.77089,4.31525
3.01109186091581,6.39927658107786,5.94991797878302,5.80755,3.77089,4.31635
2.99247835806854,6.46006408138352,5.95048955550103,5.78996,3.7665,4.31635
2.99934210635732,6.47383343529608,5.9506961107034,5.78996,3.7665,4.31635
3.0139807490201,6.47481751030499,5.95107589168283,5.78996,3.7665,4.31635
3.0137884183739,6.49891535866592,5.95116079189565,5.80095,3.77749,4.30755
3.00080840802357,6.52552279176528,5.95128724555596,5.80095,3.77749,4.30755
2.98731489606516,6.51678543739711,5.95106911378097,5.80095,3.77749,4.30755
3.00927683461857,6.54052207462667,5.95130057168099,5.80095,3.77749,4.30755
2.99519932965268,6.5732605312466,5.95121604337438,5.81195,3.78519,4.31415
